#java OrderMarkers2 map=map4_14_js.txt data=data_f.call useKosambi=1 numMergeIterations=100 sexAveraged=1 outputPhasedData=2 grandparentPhase=1 recombination1=0 chromosome=3 randSeed=-264801808667901669
#*** LG = 3 likelihood = -161.1914
#marker_number	male_position	female_position	( 0.0 )[	phased data]
17785	0.000	0.000	( 0 )	------------ 0 0	---000 0 0	-------- 0 0	------ 0 0	---------- 0 0	------ 0 0	------ 0 0	------ 0 0	11-- 0 0	-------- 0 0	1111100011 0 0	11 0 0	---- 0 0	------------ 0 0	-------- 0 0	111--- 0 0	-------------- 0 0	-----10111 0 0	-----01001 0 0	0---10-------- 0 0	10000----- 0 0	---101---100 0 0	-----01011 0 0	11111111 0 0	---- 0 0	---000 0 0	-------- 0 0	---- 0 0	--00 0 0	0000---- 0 0
17795	0.000	0.000	( 0 )	------------ 0 0	---000 0 0	-------- 0 0	------ 0 0	---------- 0 0	------ 0 0	------ 0 0	------ 0 0	11-- 0 0	-------- 0 0	1111100011 0 0	11 0 0	---- 0 0	------------ 0 0	-------- 0 0	111--- 0 0	-------------- 0 0	-----10111 0 0	-----01001 0 0	0---10-------- 0 0	10000----- 0 0	---101---100 0 0	-----01011 0 0	11111111 0 0	---- 0 0	---000 0 0	-------- 0 0	---- 0 0	--00 0 0	0000---- 0 0
17761	6.091	6.091	( 0 )	------------ 0 0	---000 0 0	-------- 0 0	------ 0 0	---------- 0 0	------ 0 0	------ 0 0	------ 0 0	11-- 0 0	-------- 0 0	1111100011 0 0	11 0 0	---- 0 0	------------ 0 0	-------- 0 0	111--- 0 0	-------------- 0 0	-----10111 0 0	-----01000 0 1	0---10-------- 0 0	10000----- 0 0	---101----0- 0 2	-----01011 0 0	11111111 0 0	---- 0 0	----00 0 1	-------- 0 0	---- 0 0	--00 0 0	0000---- 0 0
17803	6.091	6.091	( 0 )	------------ 0 0	---000 0 0	-------- 0 0	------ 0 0	---------- 0 0	------ 0 0	------ 0 0	------ 0 0	11-- 0 0	-------- 0 0	1111100011 0 0	11 0 0	---- 0 0	------------ 0 0	-------- 0 0	111--- 0 0	-------------- 0 0	-----10111 0 0	-----01000 0 0	0---10-------- 0 0	10000----- 0 0	---101----0- 0 0	-----01011 0 0	11111111 0 0	---- 0 0	---100 0 0	-------- 0 0	---- 0 0	--00 0 0	0000---- 0 0
17809	6.091	6.091	( 0 )	------------ 0 0	---000 0 0	-------- 0 0	------ 0 0	---------- 0 0	------ 0 0	------ 0 0	------ 0 0	11-- 0 0	-------- 0 0	1111100011 0 0	11 0 0	---- 0 0	------------ 0 0	-------- 0 0	111--- 0 0	-------------- 0 0	-----10111 0 0	-----01000 0 0	0---10-------- 0 0	10000----- 0 0	---101----0- 0 0	-----01011 0 0	11111111 0 0	---- 0 0	---100 0 0	-------- 0 0	---- 0 0	--00 0 0	0000---- 0 0
17797	6.091	6.091	( 0 )	------------ 0 0	---000 0 0	-------- 0 0	------ 0 0	---------- 0 0	------ 0 0	------ 0 0	------ 0 0	11-- 0 0	-------- 0 0	1111100011 0 0	11 0 0	---- 0 0	------------ 0 0	-------- 0 0	111--- 0 0	-------------- 0 0	-----10111 0 0	-----01000 0 0	0---10-------- 0 0	10000----- 0 0	---101----0- 0 0	-----01011 0 0	11111111 0 0	---- 0 0	---100 0 0	-------- 0 0	---- 0 0	--00 0 0	0000---- 0 0
17768	6.091	6.091	( 0 )	------------ 0 0	---000 0 0	-------- 0 0	------ 0 0	---------- 0 0	------ 0 0	------ 0 0	------ 0 0	11-- 0 0	-------- 0 0	1111100011 0 0	11 0 0	---- 0 0	------------ 0 0	-------- 0 0	111--- 0 0	-------------- 0 0	-----10111 0 0	-----01000 0 0	0---10-------- 0 0	10000----- 0 0	---101----0- 0 0	-----01011 0 0	11111111 0 0	---- 0 0	---100 0 0	-------- 0 0	---- 0 0	--00 0 0	0000---- 0 0
17778	6.091	6.091	( 0 )	------------ 0 0	---000 0 0	-------- 0 0	------ 0 0	---------- 0 0	------ 0 0	------ 0 0	------ 0 0	11-- 0 0	-------- 0 0	1111100011 0 0	11 0 0	---- 0 0	------------ 0 0	-------- 0 0	111--- 0 0	-------------- 0 0	-----10111 0 0	-----01000 0 0	0---10-------- 0 0	10000----- 0 0	---101---001 0 0	-----01011 0 0	11111111 0 0	---- 0 0	---100 0 0	-------- 0 0	---- 0 0	--00 0 0	0000---- 0 0
17800	6.091	6.091	( 0 )	------------ 0 0	---000 0 0	-------- 0 0	------ 0 0	---------- 0 0	------ 0 0	------ 0 0	------ 0 0	11-- 0 0	-------- 0 0	1111100011 0 0	11 0 0	---- 0 0	------------ 0 0	-------- 0 0	111--- 0 0	-------------- 0 0	-----10111 0 0	-----01000 0 0	0---10-------- 0 0	10000----- 0 0	---101---001 0 0	-----01011 0 0	11111111 0 0	---- 0 0	---100 0 0	-------- 0 0	---- 0 0	--00 0 0	0000---- 0 0
17777	6.091	6.091	( 0 )	------------ 0 0	---000 0 0	-------- 0 0	------ 0 0	---------- 0 0	------ 0 0	------ 0 0	------ 0 0	11-- 0 0	-------- 0 0	1111100011 0 0	11 0 0	---- 0 0	------------ 0 0	-------- 0 0	111--- 0 0	-------------- 0 0	-----10111 0 0	-----01000 0 0	0---10-------- 0 0	10000----- 0 0	---101---001 0 0	-----01011 0 0	11111111 0 0	---- 0 0	---100 0 0	-------- 0 0	---- 0 0	--00 0 0	0000---- 0 0
17776	6.091	6.091	( 0 )	------------ 0 0	---000 0 0	-------- 0 0	------ 0 0	---------- 0 0	------ 0 0	------ 0 0	------ 0 0	11-- 0 0	-------- 0 0	1111100011 0 0	11 0 0	---- 0 0	------------ 0 0	-------- 0 0	111--- 0 0	-------------- 0 0	-----10111 0 0	-----01000 0 0	0---10-------- 0 0	10000----- 0 0	---101---001 0 0	-----01011 0 0	11111111 0 0	---- 0 0	---100 0 0	-------- 0 0	---- 0 0	--00 0 0	0000---- 0 0
17772	6.091	6.091	( 0 )	------------ 0 0	---000 0 0	-------- 0 0	------ 0 0	---------- 0 0	------ 0 0	------ 0 0	------ 0 0	11-- 0 0	-------- 0 0	1111100011 0 0	11 0 0	---- 0 0	------------ 0 0	-------- 0 0	111--- 0 0	-------------- 0 0	-----10111 0 0	-----01000 0 0	0---10-------- 0 0	10000----- 0 0	---101---001 0 0	-----01011 0 0	11111111 0 0	---- 0 0	---100 0 0	-------- 0 0	---- 0 0	--00 0 0	0000---- 0 0
17799	6.091	6.091	( 0 )	------------ 0 0	---000 0 0	-------- 0 0	------ 0 0	---------- 0 0	------ 0 0	------ 0 0	------ 0 0	11-- 0 0	-------- 0 0	1111100011 0 0	11 0 0	---- 0 0	------------ 0 0	-------- 0 0	111--- 0 0	-------------- 0 0	-----10111 0 0	-----01000 0 0	0---10-------- 0 0	10000----- 0 0	---101---001 0 0	-----01011 0 0	11111111 0 0	---- 0 0	---100 0 0	-------- 0 0	---- 0 0	--00 0 0	0000---- 0 0
17787	6.091	6.091	( 0 )	------------ 0 0	---000 0 0	-------- 0 0	------ 0 0	---------- 0 0	------ 0 0	------ 0 0	------ 0 0	11-- 0 0	-------- 0 0	1111100011 0 0	11 0 0	---- 0 0	------------ 0 0	-------- 0 0	111--- 0 0	-------------- 0 0	-----10111 0 0	-----01000 0 0	0---10-------- 0 0	10000----- 0 0	---101---001 0 0	-----01011 0 0	11111111 0 0	---- 0 0	---100 0 0	-------- 0 0	---- 0 0	--00 0 0	0000---- 0 0
17764	6.091	6.091	( 0 )	------------ 0 0	---000 0 0	-------- 0 0	------ 0 0	---------- 0 0	------ 0 0	------ 0 0	------ 0 0	11-- 0 0	-------- 0 0	1111100011 0 0	11 0 0	---- 0 0	------------ 0 0	-------- 0 0	111--- 0 0	-------------- 0 0	-----10111 0 0	-----01000 0 0	0---10-------- 0 0	10000----- 0 0	---101---001 0 0	-----01011 0 0	11111111 0 0	---- 0 0	---100 0 0	-------- 0 0	---- 0 0	--00 0 0	0000---- 0 0
17790	6.091	6.091	( 0 )	------------ 0 0	---000 0 0	-------- 0 0	------ 0 0	---------- 0 0	------ 0 0	------ 0 0	------ 0 0	11-- 0 0	-------- 0 0	1111100011 0 0	11 0 0	---- 0 0	------------ 0 0	-------- 0 0	111--- 0 0	-------------- 0 0	-----10111 0 0	-----01000 0 0	0---10-------- 0 0	10000----- 0 0	---101---001 0 0	-----01011 0 0	11111111 0 0	---- 0 0	---100 0 0	-------- 0 0	---- 0 0	--00 0 0	0000---- 0 0
17798	6.091	6.091	( 0 )	------------ 0 0	---000 0 0	-------- 0 0	------ 0 0	---------- 0 0	------ 0 0	------ 0 0	------ 0 0	11-- 0 0	-------- 0 0	1111100011 0 0	11 0 0	---- 0 0	------------ 0 0	-------- 0 0	111--- 0 0	-------------- 0 0	-----10111 0 0	-----01000 0 0	0---10-------- 0 0	10000----- 0 0	---101---001 0 0	-----01011 0 0	11111111 0 0	---- 0 0	---100 0 0	-------- 0 0	---- 0 0	--00 0 0	0000---- 0 0
17791	6.091	6.091	( 0 )	------------ 0 0	---000 0 0	-------- 0 0	------ 0 0	---------- 0 0	------ 0 0	------ 0 0	------ 0 0	11-- 0 0	-------- 0 0	1111100011 0 0	11 0 0	---- 0 0	------------ 0 0	-------- 0 0	111--- 0 0	-------------- 0 0	-----10111 0 0	-----01000 0 0	0---10-------- 0 0	10000----- 0 0	---101---001 0 0	-----01011 0 0	11111111 0 0	---- 0 0	---100 0 0	-------- 0 0	---- 0 0	--00 0 0	0000---- 0 0
17802	6.091	6.091	( 0 )	------------ 0 0	---000 0 0	-------- 0 0	------ 0 0	---------- 0 0	------ 0 0	------ 0 0	------ 0 0	11-- 0 0	-------- 0 0	1111100011 0 0	11 0 0	---- 0 0	------------ 0 0	-------- 0 0	111--- 0 0	-------------- 0 0	-----10111 0 0	-----01000 0 0	0---10-------- 0 0	10000----- 0 0	---101---001 0 0	-----01011 0 0	11111111 0 0	---- 0 0	---100 0 0	-------- 0 0	---- 0 0	--00 0 0	0000---- 0 0
17794	6.091	6.091	( 0 )	------------ 0 0	---000 0 0	-------- 0 0	------ 0 0	---------- 0 0	------ 0 0	------ 0 0	------ 0 0	11-- 0 0	-------- 0 0	1111100011 0 0	11 0 0	---- 0 0	------------ 0 0	-------- 0 0	111--- 0 0	-------------- 0 0	-----10111 0 0	-----01000 0 0	0---10-------- 0 0	10000----- 0 0	---101---001 0 0	-----01011 0 0	11111111 0 0	---- 0 0	---100 0 0	-------- 0 0	---- 0 0	--00 0 0	0000---- 0 0
17786	6.091	6.091	( 0 )	------------ 0 0	---000 0 0	-------- 0 0	------ 0 0	---------- 0 0	------ 0 0	------ 0 0	------ 0 0	11-- 0 0	-------- 0 0	1111100011 0 0	11 0 0	---- 0 0	------------ 0 0	-------- 0 0	111--- 0 0	-------------- 0 0	-----10111 0 0	-----01000 0 0	0---10-------- 0 0	10000----- 0 0	---101---001 0 0	-----01011 0 0	11111111 0 0	---- 0 0	---100 0 0	-------- 0 0	---- 0 0	--00 0 0	0000---- 0 0
17793	6.091	6.091	( 0 )	------------ 0 0	---000 0 0	-------- 0 0	------ 0 0	---------- 0 0	------ 0 0	------ 0 0	------ 0 0	11-- 0 0	-------- 0 0	1111100011 0 0	11 0 0	---- 0 0	------------ 0 0	-------- 0 0	111--- 0 0	-------------- 0 0	-----10111 0 0	-----01000 0 0	0---10-------- 0 0	10000----- 0 0	---101---001 0 0	-----01011 0 0	11111111 0 0	---- 0 0	---100 0 0	-------- 0 0	---- 0 0	--00 0 0	0000---- 0 0
17801	6.091	6.091	( 0 )	------------ 0 0	---000 0 0	-------- 0 0	------ 0 0	---------- 0 0	------ 0 0	------ 0 0	------ 0 0	11-- 0 0	-------- 0 0	1111100011 0 0	11 0 0	---- 0 0	------------ 0 0	-------- 0 0	111--- 0 0	-------------- 0 0	-----10111 0 0	-----01000 0 0	0---10-------- 0 0	10000----- 0 0	---101---001 0 0	-----01011 0 0	11111111 0 0	---- 0 0	---100 0 0	-------- 0 0	---- 0 0	--00 0 0	0000---- 0 0
17784	8.266	8.266	( 0 )	------------ 0 0	---00- 0 1	-------- 0 0	------ 0 0	---------- 0 0	------ 0 0	------ 0 0	------ 0 0	11-- 0 0	-------- 0 0	1111100011 0 0	11 0 0	---- 0 0	------------ 0 0	-------- 0 0	111--- 0 0	-------------- 0 0	-----10111 0 0	-----01000 0 0	0---10-------- 0 0	10000----- 0 0	---101---001 0 0	-----01011 0 0	11111111 0 0	---- 0 0	---100 0 0	-------- 0 0	---- 0 0	--00 0 0	0000---- 0 0
17783	8.266	8.266	( 0 )	------------ 0 0	---00- 0 0	-------- 0 0	------ 0 0	---------- 0 0	------ 0 0	------ 0 0	------ 0 0	11-- 0 0	-------- 0 0	1111100011 0 0	11 0 0	---- 0 0	------------ 0 0	-------- 0 0	111--- 0 0	-------------- 0 0	-----10111 0 0	-----01000 0 0	0---10-------- 0 0	10000----- 0 0	---101---001 0 0	-----01011 0 0	11111111 0 0	---- 0 0	---100 0 0	-------- 0 0	---- 0 0	--00 0 0	0000---- 0 0
17762	8.266	8.266	( 0 )	------------ 0 0	---00- 0 0	-------- 0 0	------ 0 0	---------- 0 0	------ 0 0	------ 0 0	------ 0 0	11-- 0 0	-------- 0 0	1111100011 0 0	11 0 0	---- 0 0	------------ 0 0	-------- 0 0	111--- 0 0	-------------- 0 0	-----10111 0 0	-----01000 0 0	0---10-------- 0 0	10000----- 0 0	---101---001 0 0	-----01011 0 0	11111111 0 0	---- 0 0	---100 0 0	-------- 0 0	---- 0 0	--00 0 0	0000---- 0 0
17759	8.266	8.266	( 0 )	------------ 0 0	---00- 0 0	-------- 0 0	------ 0 0	---------- 0 0	------ 0 0	------ 0 0	------ 0 0	11-- 0 0	-------- 0 0	1111100011 0 0	11 0 0	---- 0 0	------------ 0 0	-------- 0 0	111--- 0 0	-------------- 0 0	-----10111 0 0	-----01000 0 0	0---10-------- 0 0	10000----- 0 0	---101---001 0 0	-----01011 0 0	11111111 0 0	---- 0 0	---100 0 0	-------- 0 0	---- 0 0	--00 0 0	0000---- 0 0
17792	8.266	8.266	( 0 )	------------ 0 0	---001 0 0	-------- 0 0	------ 0 0	---------- 0 0	------ 0 0	------ 0 0	------ 0 0	11-- 0 0	-------- 0 0	1111100011 0 0	11 0 0	---- 0 0	------------ 0 0	-------- 0 0	111--- 0 0	-------------- 0 0	-----10111 0 0	-----01000 0 0	0---10-------- 0 0	10000----- 0 0	---101---001 0 0	-----01011 0 0	11111111 0 0	---- 0 0	---100 0 0	-------- 0 0	---- 0 0	--00 0 0	0000---- 0 0
17782	12.625	12.625	( 0 )	------------ 0 0	-----1 0 2	-------- 0 0	------ 0 0	---------- 0 0	------ 0 0	------ 0 0	------ 0 0	11-- 0 0	-------- 0 0	1111100011 0 0	11 0 0	---- 0 0	------------ 0 0	-------- 0 0	111--- 0 0	-------------- 0 0	-----10111 0 0	-----01000 0 0	0---10-------- 0 0	10000----- 0 0	---101---001 0 0	-----01011 0 0	11111111 0 0	---- 0 0	---100 0 0	-------- 0 0	---- 0 0	--00 0 0	0000---- 0 0
17757	12.625	12.625	( 0 )	------------ 0 0	-----1 0 0	-------- 0 0	------ 0 0	---------- 0 0	------ 0 0	------ 0 0	------ 0 0	11-- 0 0	-------- 0 0	1111100011 0 0	11 0 0	---- 0 0	------------ 0 0	-------- 0 0	111--- 0 0	-------------- 0 0	-----10111 0 0	-----01000 0 0	0---10-------- 0 0	10000----- 0 0	---101---001 0 0	-----01011 0 0	11111111 0 0	---- 0 0	---100 0 0	-------- 0 0	---- 0 0	--00 0 0	0000---- 0 0
17788	12.625	12.625	( 0 )	------------ 0 0	---111 0 0	-------- 0 0	------ 0 0	---------- 0 0	------ 0 0	------ 0 0	------ 0 0	11-- 0 0	-------- 0 0	1111100011 0 0	11 0 0	---- 0 0	------------ 0 0	-------- 0 0	111--- 0 0	-------------- 0 0	-----10111 0 0	-----01000 0 0	0---10-------- 0 0	10000----- 0 0	---101---001 0 0	-----01011 0 0	11111111 0 0	---- 0 0	---100 0 0	-------- 0 0	---- 0 0	--00 0 0	0000---- 0 0
17770	12.625	12.625	( 0 )	------------ 0 0	---111 0 0	-------- 0 0	------ 0 0	---------- 0 0	------ 0 0	------ 0 0	------ 0 0	11-- 0 0	-------- 0 0	1111100011 0 0	11 0 0	---- 0 0	------------ 0 0	-------- 0 0	111--- 0 0	-------------- 0 0	-----10111 0 0	-----01000 0 0	0---10-------- 0 0	10000----- 0 0	---101---001 0 0	-----01011 0 0	11111111 0 0	---- 0 0	---100 0 0	-------- 0 0	---- 0 0	--00 0 0	0000---- 0 0
17758	12.625	12.625	( 0 )	------------ 0 0	---111 0 0	-------- 0 0	------ 0 0	---------- 0 0	------ 0 0	------ 0 0	------ 0 0	11-- 0 0	-------- 0 0	1111100011 0 0	11 0 0	---- 0 0	------------ 0 0	-------- 0 0	111--- 0 0	-------------- 0 0	-----10111 0 0	-----01000 0 0	0---10-------- 0 0	10000----- 0 0	---101---001 0 0	-----01011 0 0	11111111 0 0	---- 0 0	---100 0 0	-------- 0 0	---- 0 0	--00 0 0	0000---- 0 0
