#java OrderMarkers2 map=map4_14_js.txt data=data_f.call useKosambi=1 numMergeIterations=100 sexAveraged=1 outputPhasedData=2 grandparentPhase=1 recombination1=0 chromosome=2 randSeed=330168935673804775
#*** LG = 2 likelihood = -311.2117
#marker_number	male_position	female_position	( 0.0 )[	phased data]
10621	0.000	0.000	( 0 )	------------ 0 0	------ 0 0	----0011 0 0	------ 0 0	10111----- 0 0	000100 0 0	------ 0 0	---111 0 0	1100 0 0	-------- 0 0	---------- 0 0	1- 0 0	---- 0 0	0-000-0-000- 0 0	10011111 0 0	111--- 0 0	-------------- 0 0	1011110101 0 0	-----00011 0 0	11110101111101 0 0	-1----0--- 0 0	111011------ 0 0	---------- 0 0	-------- 0 0	11-- 0 0	111001 0 0	1111---- 0 0	10-- 0 0	--00 0 0	11100000 0 0
10552	5.017	5.017	( 0 )	------------ 0 0	------ 0 0	----0011 0 0	------ 0 0	10111----- 0 0	000100 0 0	------ 0 0	---111 0 0	1100 0 0	-------- 0 0	---------- 0 0	1- 0 0	---- 0 0	0-000-0-000- 0 0	10011111 0 0	111--- 0 0	-------------- 0 0	1011110101 0 0	-----000-1 0 1	11110101111101 0 0	-1----0--- 0 0	111011------ 0 0	---------- 0 0	-------- 0 0	11-- 0 0	111001 0 0	1111---- 0 0	10-- 0 0	--00 0 0	11100000 0 0
10577	7.519	7.519	( 0 )	------------ 0 0	------ 0 0	----0011 0 0	------ 0 0	10111----- 0 0	000100 0 0	------ 0 0	---111 0 0	1100 0 0	-------- 0 0	---------- 0 0	1- 0 0	---- 0 0	0-000-0-000- 0 0	100111-1 0 1	111--- 0 0	-------------- 0 0	1011110101 0 0	-----00001 0 0	11110101111101 0 0	-1----0--- 0 0	111011------ 0 0	---------- 0 0	-------- 0 0	11-- 0 0	111001 0 0	1111---- 0 0	10-- 0 0	--00 0 0	11100000 0 0
10620	9.694	9.694	( 0 )	------------ 0 0	------ 0 0	----0011 0 0	------ 0 0	10111----- 0 0	000-00 0 1	------ 0 0	---111 0 0	1100 0 0	-------- 0 0	---------- 0 0	1- 0 0	---- 0 0	0-000-0-000- 0 0	100111-1 0 0	111--- 0 0	-------------- 0 0	1011110101 0 0	-----00001 0 0	11110101111101 0 0	-1----0--- 0 0	111011------ 0 0	---------- 0 0	-------- 0 0	11-- 0 0	111001 0 0	1111---- 0 0	10-- 0 0	--00 0 0	11100000 0 0
10571	9.694	9.694	( 0 )	------------ 0 0	------ 0 0	----0011 0 0	------ 0 0	10111----- 0 0	000-00 0 0	------ 0 0	---111 0 0	1100 0 0	-------- 0 0	---------- 0 0	1- 0 0	---- 0 0	0-000-0-000- 0 0	100111-1 0 0	111--- 0 0	-------------- 0 0	1011110101 0 0	-----00001 0 0	11110101111101 0 0	-1----0--- 0 0	111011------ 0 0	---------- 0 0	-------- 0 0	11-- 0 0	111001 0 0	1111---- 0 0	10-- 0 0	--00 0 0	11100000 0 0
10583	9.694	9.694	( 0 )	------------ 0 0	------ 0 0	----0011 0 0	------ 0 0	10111----- 0 0	000-00 0 0	------ 0 0	---111 0 0	1100 0 0	-------- 0 0	---------- 0 0	1- 0 0	---- 0 0	0-000-0-000- 0 0	100111-1 0 0	111--- 0 0	-------------- 0 0	1011110101 0 0	-----00001 0 0	11110101111101 0 0	-1----0--- 0 0	111011------ 0 0	---------- 0 0	-------- 0 0	11-- 0 0	111001 0 0	1111---- 0 0	10-- 0 0	--00 0 0	11100000 0 0
10617	9.694	9.694	( 0 )	------------ 0 0	------ 0 0	----0011 0 0	------ 0 0	10111----- 0 0	000-00 0 0	------ 0 0	---111 0 0	1100 0 0	-------- 0 0	---------- 0 0	1- 0 0	---- 0 0	0-000-0-000- 0 0	100111-1 0 0	111--- 0 0	-------------- 0 0	1011110101 0 0	-----00001 0 0	11110101111101 0 0	-1----0--- 0 0	111011------ 0 0	---------- 0 0	-------- 0 0	11-- 0 0	111001 0 0	1111---- 0 0	10-- 0 0	--00 0 0	11100000 0 0
10574	13.272	13.272	( 0 )	------------ 0 0	------ 0 0	----0011 0 0	------ 0 0	10111----- 0 0	000-00 0 0	------ 0 0	---111 0 0	1100 0 0	-------- 0 0	---------- 0 0	1- 0 0	---- 0 0	0-000-0-000- 0 0	100111-1 0 0	111--- 0 0	-------------- 0 0	1011110101 0 0	-----00001 0 0	11110101111101 0 0	-1-------- 0 2	111011------ 0 0	---------- 0 0	-------- 0 0	11-- 0 0	111001 0 0	1111---- 0 0	10-- 0 0	--00 0 0	11100000 0 0
10543	13.272	13.272	( 0 )	------------ 0 0	------ 0 0	----0011 0 0	------ 0 0	10111----- 0 0	000-00 0 0	------ 0 0	---111 0 0	1100 0 0	-------- 0 0	---------- 0 0	1- 0 0	---- 0 0	0-000-0-000- 0 0	100111-1 0 0	111--- 0 0	-------------- 0 0	1011110101 0 0	-----00001 0 0	11110101111101 0 0	-1-------- 0 0	111011------ 0 0	---------- 0 0	-------- 0 0	11-- 0 0	111001 0 0	1111---- 0 0	10-- 0 0	--00 0 0	11100000 0 0
10576	13.272	13.272	( 0 )	------------ 0 0	------ 0 0	----0011 0 0	------ 0 0	10111----- 0 0	000-00 0 0	------ 0 0	---111 0 0	1100 0 0	-------- 0 0	---------- 0 0	1- 0 0	---- 0 0	0-000-0-000- 0 0	100111-1 0 0	111--- 0 0	-------------- 0 0	1011110101 0 0	-----00001 0 0	11110101111101 0 0	-1-------- 0 0	111011------ 0 0	---------- 0 0	-------- 0 0	11-- 0 0	111001 0 0	1111---- 0 0	10-- 0 0	--00 0 0	11100000 0 0
10628	13.272	13.272	( 0 )	------------ 0 0	------ 0 0	----0011 0 0	------ 0 0	10111----- 0 0	000-00 0 0	------ 0 0	---111 0 0	1100 0 0	-------- 0 0	---------- 0 0	1- 0 0	---- 0 0	0-000-0-000- 0 0	100111-1 0 0	111--- 0 0	-------------- 0 0	1011110101 0 0	-----00001 0 0	11110101111101 0 0	-1-------- 0 0	111011------ 0 0	---------- 0 0	-------- 0 0	11-- 0 0	111001 0 0	1111---- 0 0	10-- 0 0	--00 0 0	11100000 0 0
10564	13.272	13.272	( 0 )	------------ 0 0	------ 0 0	----0011 0 0	------ 0 0	10111----- 0 0	000-00 0 0	------ 0 0	---111 0 0	1100 0 0	-------- 0 0	---------- 0 0	1- 0 0	---- 0 0	0-000-0-000- 0 0	100111-1 0 0	111--- 0 0	-------------- 0 0	1011110101 0 0	-----00001 0 0	11110101111101 0 0	-1-------- 0 0	111011------ 0 0	---------- 0 0	-------- 0 0	11-- 0 0	111001 0 0	1111---- 0 0	10-- 0 0	--00 0 0	11100000 0 0
10655	13.272	13.272	( 0 )	------------ 0 0	------ 0 0	----0011 0 0	------ 0 0	10111----- 0 0	000-00 0 0	------ 0 0	---111 0 0	1100 0 0	-------- 0 0	---------- 0 0	1- 0 0	---- 0 0	0-000-0-000- 0 0	100111-1 0 0	111--- 0 0	-------------- 0 0	1011110101 0 0	-----00001 0 0	11110101111101 0 0	-1-------- 0 0	111011------ 0 0	---------- 0 0	-------- 0 0	11-- 0 0	111001 0 0	1111---- 0 0	10-- 0 0	--00 0 0	11100000 0 0
10548	13.272	13.272	( 0 )	------------ 0 0	------ 0 0	----0011 0 0	------ 0 0	10111----- 0 0	000-00 0 0	------ 0 0	---111 0 0	1100 0 0	-------- 0 0	---------- 0 0	1- 0 0	---- 0 0	0-000-0-000- 0 0	100111-1 0 0	111--- 0 0	-------------- 0 0	1011110101 0 0	-----00001 0 0	11110101111101 0 0	-1-------- 0 0	111011------ 0 0	---------- 0 0	-------- 0 0	11-- 0 0	111001 0 0	1111---- 0 0	10-- 0 0	--00 0 0	11100000 0 0
10629	13.272	13.272	( 0 )	------------ 0 0	------ 0 0	----0011 0 0	------ 0 0	10111----- 0 0	000-00 0 0	------ 0 0	---111 0 0	1100 0 0	-------- 0 0	---------- 0 0	1- 0 0	---- 0 0	0-000-0-000- 0 0	10011101 0 0	111--- 0 0	-------------- 0 0	1011110101 0 0	-----00001 0 0	11110101111101 0 0	-1-------- 0 0	111011------ 0 0	---------- 0 0	-------- 0 0	11-- 0 0	111001 0 0	1111---- 0 0	10-- 0 0	--00 0 0	11100000 0 0
10612	15.058	15.058	( 0 )	------------ 0 0	------ 0 0	----0011 0 0	------ 0 0	10111----- 0 0	000-00 0 0	------ 0 0	---111 0 0	1100 0 0	-------- 0 0	---------- 0 0	1- 0 0	---- 0 0	0-000-0-000- 0 0	10011001 0 1	111--- 0 0	-------------- 0 0	1011110101 0 0	-----00001 0 0	11110101111101 0 0	-1-------- 0 0	111011------ 0 0	---------- 0 0	-------- 0 0	11-- 0 0	111001 0 0	1111---- 0 0	10-- 0 0	--00 0 0	11100000 0 0
10567	15.058	15.058	( 0 )	------------ 0 0	------ 0 0	----0011 0 0	------ 0 0	10111----- 0 0	000-00 0 0	------ 0 0	---111 0 0	1100 0 0	-------- 0 0	---------- 0 0	1- 0 0	---- 0 0	0-000-0-000- 0 0	10011001 0 0	111--- 0 0	-------------- 0 0	1011110101 0 0	-----00001 0 0	11110101111101 0 0	-1-------- 0 0	111011------ 0 0	---------- 0 0	-------- 0 0	11-- 0 0	111001 0 0	1111---- 0 0	10-- 0 0	--00 0 0	11100000 0 0
10578	15.058	15.058	( 0 )	------------ 0 0	------ 0 0	----0011 0 0	------ 0 0	10111----- 0 0	000-00 0 0	------ 0 0	---111 0 0	1100 0 0	-------- 0 0	---------- 0 0	1- 0 0	---- 0 0	0-000-0-000- 0 0	10011001 0 0	111--- 0 0	-------------- 0 0	1011110101 0 0	-----00001 0 0	11110101111101 0 0	-1-------- 0 0	111011------ 0 0	---------- 0 0	-------- 0 0	11-- 0 0	111001 0 0	1111---- 0 0	10-- 0 0	--00 0 0	11100000 0 0
10575	15.058	15.058	( 0 )	------------ 0 0	------ 0 0	----0011 0 0	------ 0 0	10111----- 0 0	000-00 0 0	------ 0 0	---111 0 0	1100 0 0	-------- 0 0	---------- 0 0	1- 0 0	---- 0 0	0-000-0-000- 0 0	10011001 0 0	111--- 0 0	-------------- 0 0	1011110101 0 0	-----00001 0 0	11110101111101 0 0	-1-------- 0 0	111011------ 0 0	---------- 0 0	-------- 0 0	11-- 0 0	111001 0 0	1111---- 0 0	10-- 0 0	--00 0 0	11100000 0 0
10590	15.058	15.058	( 0 )	------------ 0 0	------ 0 0	----0011 0 0	------ 0 0	10111----- 0 0	000000 0 0	------ 0 0	---111 0 0	1100 0 0	-------- 0 0	---------- 0 0	1- 0 0	---- 0 0	0-000-0-000- 0 0	10011001 0 0	111--- 0 0	-------------- 0 0	1011110101 0 0	-----00001 0 0	11110101111101 0 0	-1-------- 0 0	111011------ 0 0	---------- 0 0	-------- 0 0	11-- 0 0	111001 0 0	1111---- 0 0	10-- 0 0	--00 0 0	11100000 0 0
10630	15.058	15.058	( 0 )	------------ 0 0	------ 0 0	----0011 0 0	------ 0 0	10111----- 0 0	000000 0 0	------ 0 0	---111 0 0	1100 0 0	-------- 0 0	---------- 0 0	1- 0 0	---- 0 0	0-000-0-000- 0 0	10011001 0 0	111--- 0 0	-------------- 0 0	1011110101 0 0	-----00001 0 0	11110101111101 0 0	-1-------- 0 0	111011------ 0 0	---------- 0 0	-------- 0 0	11-- 0 0	111001 0 0	1111---- 0 0	10-- 0 0	--00 0 0	11100000 0 0
10561	15.058	15.058	( 0 )	------------ 0 0	------ 0 0	----0011 0 0	------ 0 0	10111----- 0 0	000000 0 0	------ 0 0	---111 0 0	1100 0 0	-------- 0 0	---------- 0 0	1- 0 0	---- 0 0	0-000-0-000- 0 0	10011001 0 0	111--- 0 0	-------------- 0 0	1011110101 0 0	-----00001 0 0	11110101111101 0 0	-1----1--- 0 0	111011------ 0 0	---------- 0 0	-------- 0 0	11-- 0 0	111001 0 0	1111---- 0 0	10-- 0 0	--00 0 0	11100000 0 0
10579	15.058	15.058	( 0 )	------------ 0 0	------ 0 0	----0011 0 0	------ 0 0	10111----- 0 0	000000 0 0	------ 0 0	---111 0 0	1100 0 0	-------- 0 0	---------- 0 0	1- 0 0	---- 0 0	0-000-0-000- 0 0	10011001 0 0	111--- 0 0	-------------- 0 0	1011110101 0 0	-----00001 0 0	11110101111101 0 0	-1----1--- 0 0	111011------ 0 0	---------- 0 0	-------- 0 0	11-- 0 0	111001 0 0	1111---- 0 0	10-- 0 0	--00 0 0	11100000 0 0
10556	15.058	15.058	( 0 )	------------ 0 0	------ 0 0	----0011 0 0	------ 0 0	10111----- 0 0	000000 0 0	------ 0 0	---111 0 0	1100 0 0	-------- 0 0	---------- 0 0	1- 0 0	---- 0 0	0-000-0-000- 0 0	10011001 0 0	111--- 0 0	-------------- 0 0	1011110101 0 0	-----00001 0 0	11110101111101 0 0	-1----1--- 0 0	111011------ 0 0	---------- 0 0	-------- 0 0	11-- 0 0	111001 0 0	1111---- 0 0	10-- 0 0	--00 0 0	11100000 0 0
10594	15.058	15.058	( 0 )	------------ 0 0	------ 0 0	----0011 0 0	------ 0 0	10111----- 0 0	000000 0 0	------ 0 0	---111 0 0	1100 0 0	-------- 0 0	---------- 0 0	1- 0 0	---- 0 0	0-000-0-000- 0 0	10011001 0 0	111--- 0 0	-------------- 0 0	1011110101 0 0	-----00001 0 0	11110101111101 0 0	-1----1--- 0 0	111011------ 0 0	---------- 0 0	-------- 0 0	11-- 0 0	111001 0 0	1111---- 0 0	10-- 0 0	--00 0 0	11100000 0 0
10546	15.058	15.058	( 0 )	------------ 0 0	------ 0 0	----0011 0 0	------ 0 0	10111----- 0 0	000000 0 0	------ 0 0	---111 0 0	1100 0 0	-------- 0 0	---------- 0 0	1- 0 0	---- 0 0	0-000-0-000- 0 0	10011001 0 0	111--- 0 0	-------------- 0 0	1011110101 0 0	-----00001 0 0	11110101111101 0 0	-1----1--- 0 0	111011------ 0 0	---------- 0 0	-------- 0 0	11-- 0 0	111001 0 0	1111---- 0 0	10-- 0 0	--00 0 0	11100000 0 0
10610	15.058	15.058	( 0 )	------------ 0 0	------ 0 0	----0011 0 0	------ 0 0	10111----- 0 0	000000 0 0	------ 0 0	---111 0 0	1100 0 0	-------- 0 0	---------- 0 0	1- 0 0	---- 0 0	0-000-0-000- 0 0	10011001 0 0	111--- 0 0	-------------- 0 0	1011110101 0 0	-----00001 0 0	11110101111101 0 0	-1----1--- 0 0	111011------ 0 0	---------- 0 0	-------- 0 0	11-- 0 0	111001 0 0	1111---- 0 0	10-- 0 0	--00 0 0	11100000 0 0
10633	15.058	15.058	( 0 )	------------ 0 0	------ 0 0	----0011 0 0	------ 0 0	10111----- 0 0	000000 0 0	------ 0 0	---111 0 0	1100 0 0	-------- 0 0	---------- 0 0	1- 0 0	---- 0 0	0-000-0-000- 0 0	10011001 0 0	111--- 0 0	-------------- 0 0	1011110101 0 0	-----00001 0 0	11110101111101 0 0	-1----1--- 0 0	111011------ 0 0	---------- 0 0	-------- 0 0	11-- 0 0	111001 0 0	1111---- 0 0	10-- 0 0	--00 0 0	11100000 0 0
10619	15.058	15.058	( 0 )	------------ 0 0	------ 0 0	----0011 0 0	------ 0 0	10111----- 0 0	000000 0 0	------ 0 0	---111 0 0	1100 0 0	-------- 0 0	---------- 0 0	1- 0 0	---- 0 0	0-000-0-000- 0 0	10011001 0 0	111--- 0 0	-------------- 0 0	1011110101 0 0	-----00001 0 0	11110101111101 0 0	-1----1--- 0 0	111011------ 0 0	---------- 0 0	-------- 0 0	11-- 0 0	111001 0 0	1111---- 0 0	10-- 0 0	--00 0 0	11100000 0 0
10553	15.058	15.058	( 0 )	------------ 0 0	------ 0 0	----0011 0 0	------ 0 0	10111----- 0 0	000000 0 0	------ 0 0	---111 0 0	1100 0 0	-------- 0 0	---------- 0 0	1- 0 0	---- 0 0	0-000-0-000- 0 0	10011001 0 0	111--- 0 0	-------------- 0 0	1011110101 0 0	-----00001 0 0	11110101111101 0 0	-1----1--- 0 0	111011------ 0 0	---------- 0 0	-------- 0 0	11-- 0 0	111001 0 0	1111---- 0 0	10-- 0 0	--00 0 0	11100000 0 0
10570	15.058	15.058	( 0 )	------------ 0 0	------ 0 0	----0011 0 0	------ 0 0	10111----- 0 0	000000 0 0	------ 0 0	---111 0 0	1100 0 0	-------- 0 0	---------- 0 0	1- 0 0	---- 0 0	0-000-0-000- 0 0	10011001 0 0	111--- 0 0	-------------- 0 0	1011110101 0 0	-----00001 0 0	11110101111101 0 0	-1----1--- 0 0	111011------ 0 0	---------- 0 0	-------- 0 0	11-- 0 0	111001 0 0	1111---- 0 0	10-- 0 0	--00 0 0	11100000 0 0
10581	16.845	16.845	( 0 )	------------ 0 0	------ 0 0	----00-1 0 1	------ 0 0	10111----- 0 0	000000 0 0	------ 0 0	---111 0 0	1100 0 0	-------- 0 0	---------- 0 0	1- 0 0	---- 0 0	0-000-0-000- 0 0	10011001 0 0	111--- 0 0	-------------- 0 0	1011110101 0 0	-----00001 0 0	11110101111101 0 0	-1----1--- 0 0	111011------ 0 0	---------- 0 0	-------- 0 0	11-- 0 0	111001 0 0	1111---- 0 0	10-- 0 0	--00 0 0	11100000 0 0
10623	16.845	16.845	( 0 )	------------ 0 0	------ 0 0	----00-1 0 0	------ 0 0	10111----- 0 0	000000 0 0	------ 0 0	---111 0 0	1100 0 0	-------- 0 0	---------- 0 0	1- 0 0	---- 0 0	0-000-0-000- 0 0	10011001 0 0	111--- 0 0	-------------- 0 0	1011110101 0 0	-----00001 0 0	11110101111101 0 0	-1----1--- 0 0	111011------ 0 0	---------- 0 0	-------- 0 0	11-- 0 0	111001 0 0	1111---- 0 0	10-- 0 0	--00 0 0	11100000 0 0
10587	16.845	16.845	( 0 )	------------ 0 0	------ 0 0	----00-1 0 0	------ 0 0	10111----- 0 0	000000 0 0	------ 0 0	---111 0 0	1100 0 0	-------- 0 0	---------- 0 0	1- 0 0	---- 0 0	0-000-0-000- 0 0	10011001 0 0	111--- 0 0	-------------- 0 0	1011110101 0 0	-----00001 0 0	11110101111101 0 0	-1----1--- 0 0	111011------ 0 0	---------- 0 0	-------- 0 0	11-- 0 0	111001 0 0	1111---- 0 0	10-- 0 0	--00 0 0	11100000 0 0
10609	16.845	16.845	( 0 )	------------ 0 0	------ 0 0	----00-1 0 0	------ 0 0	10111----- 0 0	000000 0 0	------ 0 0	---111 0 0	1100 0 0	-------- 0 0	---------- 0 0	1- 0 0	---- 0 0	0-000-0-000- 0 0	10011001 0 0	111--- 0 0	-------------- 0 0	1011110101 0 0	-----00001 0 0	11110101111101 0 0	-1----1--- 0 0	111011------ 0 0	---------- 0 0	-------- 0 0	11-- 0 0	111001 0 0	1111---- 0 0	10-- 0 0	--00 0 0	11100000 0 0
10582	16.845	16.845	( 0 )	------------ 0 0	------ 0 0	----00-1 0 0	------ 0 0	10111----- 0 0	000000 0 0	------ 0 0	---111 0 0	1100 0 0	-------- 0 0	---------- 0 0	1- 0 0	---- 0 0	0-000-0-000- 0 0	10011001 0 0	111--- 0 0	-------------- 0 0	1011110101 0 0	-----00001 0 0	11110101111101 0 0	-1----1--- 0 0	111011------ 0 0	---------- 0 0	-------- 0 0	11-- 0 0	111001 0 0	1111---- 0 0	10-- 0 0	--00 0 0	11100000 0 0
10651	16.845	16.845	( 0 )	------------ 0 0	------ 0 0	----00-1 0 0	------ 0 0	10111----- 0 0	000000 0 0	------ 0 0	---111 0 0	1100 0 0	-------- 0 0	---------- 0 0	1- 0 0	---- 0 0	0-000-0-000- 0 0	10011001 0 0	111--- 0 0	-------------- 0 0	1011110101 0 0	-----00001 0 0	11110101111101 0 0	-1----1--- 0 0	111011------ 0 0	---------- 0 0	-------- 0 0	11-- 0 0	111001 0 0	1111---- 0 0	10-- 0 0	--00 0 0	11100000 0 0
10604	16.845	16.845	( 0 )	------------ 0 0	------ 0 0	----00-1 0 0	------ 0 0	10111----- 0 0	000000 0 0	------ 0 0	---111 0 0	1100 0 0	-------- 0 0	---------- 0 0	1- 0 0	---- 0 0	0-000-0-000- 0 0	10011001 0 0	111--- 0 0	-------------- 0 0	1011110101 0 0	-----00001 0 0	11110101111101 0 0	-1----1--- 0 0	111011------ 0 0	---------- 0 0	-------- 0 0	11-- 0 0	111001 0 0	1111---- 0 0	10-- 0 0	--00 0 0	11100000 0 0
10605	16.845	16.845	( 0 )	------------ 0 0	------ 0 0	----00-1 0 0	------ 0 0	10111----- 0 0	000000 0 0	------ 0 0	---111 0 0	1100 0 0	-------- 0 0	---------- 0 0	1- 0 0	---- 0 0	0-000-0-000- 0 0	10011001 0 0	111--- 0 0	-------------- 0 0	1011110101 0 0	-----00001 0 0	11110101111101 0 0	-1----1--- 0 0	111011------ 0 0	---------- 0 0	-------- 0 0	11-- 0 0	111001 0 0	1111---- 0 0	10-- 0 0	--00 0 0	11100000 0 0
10586	16.845	16.845	( 0 )	------------ 0 0	------ 0 0	----00-1 0 0	------ 0 0	10111----- 0 0	000000 0 0	------ 0 0	---111 0 0	1100 0 0	-------- 0 0	---------- 0 0	1- 0 0	---- 0 0	0-000-0-000- 0 0	10011001 0 0	111--- 0 0	-------------- 0 0	1011110101 0 0	-----00001 0 0	11110101111101 0 0	-1----1--- 0 0	111011------ 0 0	---------- 0 0	-------- 0 0	11-- 0 0	111001 0 0	1111---- 0 0	10-- 0 0	--00 0 0	11100000 0 0
10624	16.845	16.845	( 0 )	------------ 0 0	------ 0 0	----00-1 0 0	------ 0 0	10111----- 0 0	000000 0 0	------ 0 0	---111 0 0	1100 0 0	-------- 0 0	---------- 0 0	1- 0 0	---- 0 0	0-000-0-000- 0 0	10011001 0 0	111--- 0 0	-------------- 0 0	1011110101 0 0	-----00001 0 0	11110101111101 0 0	-1----1--- 0 0	111011------ 0 0	---------- 0 0	-------- 0 0	11-- 0 0	111001 0 0	1111---- 0 0	10-- 0 0	--00 0 0	11100000 0 0
10596	16.845	16.845	( 0 )	------------ 0 0	------ 0 0	----00-1 0 0	------ 0 0	10111----- 0 0	000000 0 0	------ 0 0	---111 0 0	1100 0 0	-------- 0 0	---------- 0 0	1- 0 0	---- 0 0	0-000-0-000- 0 0	10011001 0 0	111--- 0 0	-------------- 0 0	1011110101 0 0	-----00001 0 0	11110101111101 0 0	-1----1--- 0 0	111011------ 0 0	---------- 0 0	-------- 0 0	11-- 0 0	111001 0 0	1111---- 0 0	10-- 0 0	--00 0 0	11100000 0 0
10631	16.845	16.845	( 0 )	------------ 0 0	------ 0 0	----00-1 0 0	------ 0 0	10111----- 0 0	000000 0 0	------ 0 0	---111 0 0	1100 0 0	-------- 0 0	---------- 0 0	1- 0 0	---- 0 0	0-000-0-000- 0 0	10011001 0 0	111--- 0 0	-------------- 0 0	1011110101 0 0	-----00001 0 0	11110101111101 0 0	-1----1--- 0 0	111011------ 0 0	---------- 0 0	-------- 0 0	11-- 0 0	111001 0 0	1111---- 0 0	10-- 0 0	--00 0 0	11100000 0 0
10566	16.845	16.845	( 0 )	------------ 0 0	------ 0 0	----0001 0 0	------ 0 0	10111----- 0 0	000000 0 0	------ 0 0	---111 0 0	1100 0 0	-------- 0 0	---------- 0 0	1- 0 0	---- 0 0	0-000-0-000- 0 0	10011001 0 0	111--- 0 0	-------------- 0 0	1011110101 0 0	-----00001 0 0	11110101111101 0 0	-1----1--- 0 0	111011------ 0 0	---------- 0 0	-------- 0 0	11-- 0 0	111001 0 0	1111---- 0 0	10-- 0 0	--00 0 0	11100000 0 0
10563	19.974	19.974	( 0 )	------------ 0 0	------ 0 0	----0001 0 0	------ 0 0	10111----- 0 0	000000 0 0	------ 0 0	---111 0 0	1100 0 0	-------- 0 0	---------- 0 0	1- 0 0	---- 0 0	0-000-0-000- 0 0	10011001 0 0	111--- 0 0	-------------- 0 0	1011110101 0 0	-----0000- 0 1	11110101111101 0 0	-1----1--- 0 0	111011------ 0 0	---------- 0 0	-------- 0 0	11-- 0 0	111001 0 0	1111---- 0 0	10-- 0 0	--00 0 0	11100000 0 0
10565	19.974	19.974	( 0 )	------------ 0 0	------ 0 0	----0001 0 0	------ 0 0	10111----- 0 0	000000 0 0	------ 0 0	---111 0 0	1100 0 0	-------- 0 0	---------- 0 0	1- 0 0	---- 0 0	0-000-0-000- 0 0	10011001 0 0	111--- 0 0	-------------- 0 0	1011110101 0 0	-----00000 0 0	11110101111101 0 0	-1----1--- 0 0	111011------ 0 0	---------- 0 0	-------- 0 0	11-- 0 0	111001 0 0	1111---- 0 0	10-- 0 0	--00 0 0	11100000 0 0
