#java OrderMarkers2 map=map4_14_js.txt data=data_f.call useKosambi=1 numMergeIterations=100 sexAveraged=1 outputPhasedData=2 grandparentPhase=1 recombination1=0 chromosome=1 randSeed=4857030054298927897
#*** LG = 1 likelihood = -69.1317
#marker_number	male_position	female_position	( 0.0 )[	phased data]
1092	0.000	0.000	( 0 )	1---111---11 0 0	---010 0 0	-------- 0 0	------ 0 0	-----11110 0 0	111--- 0 0	111--- 0 0	1-01-0 0 0	---- 0 0	-------- 0 0	---------- 0 0	-1 0 0	--01 0 0	------------ 0 0	----0010 0 0	------ 0 0	-------------- 0 0	---------- 0 0	---------- 0 0	1111010------- 0 0	-----00101 0 0	------101011 0 0	---------- 0 0	-------- 0 0	---- 0 0	011100 0 0	1001---- 0 0	-0-1 0 0	---- 0 0	11110110 0 0
1121	0.000	0.000	( 0 )	1---111---11 0 0	---010 0 0	-------- 0 0	------ 0 0	-----11110 0 0	111--- 0 0	111--- 0 0	1-01-0 0 0	---- 0 0	-------- 0 0	---------- 0 0	-1 0 0	--01 0 0	------------ 0 0	----0010 0 0	------ 0 0	-------------- 0 0	---------- 0 0	---------- 0 0	1111010------- 0 0	-----00101 0 0	------101011 0 0	---------- 0 0	-------- 0 0	---- 0 0	011100 0 0	1001---- 0 0	-0-1 0 0	---- 0 0	11110110 0 0
1104	0.000	0.000	( 0 )	1---111---11 0 0	---010 0 0	-------- 0 0	------ 0 0	-----11110 0 0	111--- 0 0	111--- 0 0	1-01-0 0 0	---- 0 0	-------- 0 0	---------- 0 0	-1 0 0	--01 0 0	------------ 0 0	----0010 0 0	------ 0 0	-------------- 0 0	---------- 0 0	---------- 0 0	1111010------- 0 0	-----00101 0 0	------101011 0 0	---------- 0 0	-------- 0 0	---- 0 0	011100 0 0	1001---- 0 0	-0-1 0 0	---- 0 0	11110110 0 0
1131	0.000	0.000	( 0 )	1---111---11 0 0	---010 0 0	-------- 0 0	------ 0 0	-----11110 0 0	111--- 0 0	111--- 0 0	1-01-0 0 0	---- 0 0	-------- 0 0	---------- 0 0	-1 0 0	--01 0 0	------------ 0 0	----0010 0 0	------ 0 0	-------------- 0 0	---------- 0 0	---------- 0 0	1111010------- 0 0	-----00101 0 0	------101011 0 0	---------- 0 0	-------- 0 0	---- 0 0	011100 0 0	1001---- 0 0	-0-1 0 0	---- 0 0	11110110 0 0
1065	0.000	0.000	( 0 )	1---111---11 0 0	---010 0 0	-------- 0 0	------ 0 0	-----11110 0 0	111--- 0 0	111--- 0 0	1-01-0 0 0	---- 0 0	-------- 0 0	---------- 0 0	-1 0 0	--01 0 0	------------ 0 0	----0010 0 0	------ 0 0	-------------- 0 0	---------- 0 0	---------- 0 0	1111010------- 0 0	-----00101 0 0	------101011 0 0	---------- 0 0	-------- 0 0	---- 0 0	011100 0 0	1001---- 0 0	-0-1 0 0	---- 0 0	11110110 0 0
1080	2.001	2.001	( 0 )	1---111---11 0 0	---0-0 0 1	-------- 0 0	------ 0 0	-----11110 0 0	111--- 0 0	111--- 0 0	1-01-0 0 0	---- 0 0	-------- 0 0	---------- 0 0	-1 0 0	--01 0 0	------------ 0 0	----0010 0 0	------ 0 0	-------------- 0 0	---------- 0 0	---------- 0 0	1111010------- 0 0	-----00101 0 0	------101011 0 0	---------- 0 0	-------- 0 0	---- 0 0	011100 0 0	1001---- 0 0	-0-1 0 0	---- 0 0	11110110 0 0
1115	2.001	2.001	( 0 )	1---111---11 0 0	---0-0 0 0	-------- 0 0	------ 0 0	-----11110 0 0	111--- 0 0	111--- 0 0	1-01-0 0 0	---- 0 0	-------- 0 0	---------- 0 0	-1 0 0	--01 0 0	------------ 0 0	----0010 0 0	------ 0 0	-------------- 0 0	---------- 0 0	---------- 0 0	1111010------- 0 0	-----00101 0 0	------101011 0 0	---------- 0 0	-------- 0 0	---- 0 0	011100 0 0	1001---- 0 0	-0-1 0 0	---- 0 0	11110110 0 0
1117	2.001	2.001	( 0 )	1---111---11 0 0	---0-0 0 0	-------- 0 0	------ 0 0	-----11110 0 0	111--- 0 0	111--- 0 0	1-01-0 0 0	---- 0 0	-------- 0 0	---------- 0 0	-1 0 0	--01 0 0	------------ 0 0	----0010 0 0	------ 0 0	-------------- 0 0	---------- 0 0	---------- 0 0	1111010------- 0 0	-----00101 0 0	------101011 0 0	---------- 0 0	-------- 0 0	---- 0 0	011100 0 0	1001---- 0 0	-0-1 0 0	---- 0 0	11110110 0 0
1112	2.001	2.001	( 0 )	1---111---11 0 0	---0-0 0 0	-------- 0 0	------ 0 0	-----11110 0 0	111--- 0 0	111--- 0 0	1-01-0 0 0	---- 0 0	-------- 0 0	---------- 0 0	-1 0 0	--01 0 0	------------ 0 0	----0010 0 0	------ 0 0	-------------- 0 0	---------- 0 0	---------- 0 0	1111010------- 0 0	-----00101 0 0	------101011 0 0	---------- 0 0	-------- 0 0	---- 0 0	011100 0 0	1001---- 0 0	-0-1 0 0	---- 0 0	11110110 0 0
1091	2.001	2.001	( 0 )	1---111---11 0 0	---0-0 0 0	-------- 0 0	------ 0 0	-----11110 0 0	111--- 0 0	111--- 0 0	1-01-0 0 0	---- 0 0	-------- 0 0	---------- 0 0	-1 0 0	--01 0 0	------------ 0 0	----0010 0 0	------ 0 0	-------------- 0 0	---------- 0 0	---------- 0 0	1111010------- 0 0	-----00101 0 0	------101011 0 0	---------- 0 0	-------- 0 0	---- 0 0	011100 0 0	1001---- 0 0	-0-1 0 0	---- 0 0	11110110 0 0
1106	2.001	2.001	( 0 )	1---111---11 0 0	---0-0 0 0	-------- 0 0	------ 0 0	-----11110 0 0	111--- 0 0	111--- 0 0	1-01-0 0 0	---- 0 0	-------- 0 0	---------- 0 0	-1 0 0	--01 0 0	------------ 0 0	----0010 0 0	------ 0 0	-------------- 0 0	---------- 0 0	---------- 0 0	1111010------- 0 0	-----00101 0 0	------101011 0 0	---------- 0 0	-------- 0 0	---- 0 0	011100 0 0	1001---- 0 0	-0-1 0 0	---- 0 0	11110110 0 0
1087	2.001	2.001	( 0 )	1---111---11 0 0	---0-0 0 0	-------- 0 0	------ 0 0	-----11110 0 0	111--- 0 0	111--- 0 0	1-01-0 0 0	---- 0 0	-------- 0 0	---------- 0 0	-1 0 0	--01 0 0	------------ 0 0	----0010 0 0	------ 0 0	-------------- 0 0	---------- 0 0	---------- 0 0	1111010------- 0 0	-----00101 0 0	------101011 0 0	---------- 0 0	-------- 0 0	---- 0 0	011100 0 0	1001---- 0 0	-0-1 0 0	---- 0 0	11110110 0 0
1067	2.001	2.001	( 0 )	1---111---11 0 0	---000 0 0	-------- 0 0	------ 0 0	-----11110 0 0	111--- 0 0	111--- 0 0	1-01-0 0 0	---- 0 0	-------- 0 0	---------- 0 0	-1 0 0	--01 0 0	------------ 0 0	----0010 0 0	------ 0 0	-------------- 0 0	---------- 0 0	---------- 0 0	1111010------- 0 0	-----00101 0 0	------101011 0 0	---------- 0 0	-------- 0 0	---- 0 0	011100 0 0	1001---- 0 0	-0-1 0 0	---- 0 0	11110110 0 0
1035	2.001	2.001	( 0 )	1---111---11 0 0	---000 0 0	-------- 0 0	------ 0 0	-----11110 0 0	111--- 0 0	111--- 0 0	1-01-0 0 0	---- 0 0	-------- 0 0	---------- 0 0	-1 0 0	--01 0 0	------------ 0 0	----0010 0 0	------ 0 0	-------------- 0 0	---------- 0 0	---------- 0 0	1111010------- 0 0	-----00101 0 0	------101011 0 0	---------- 0 0	-------- 0 0	---- 0 0	011100 0 0	1001---- 0 0	-0-1 0 0	---- 0 0	11110110 0 0
1056	2.001	2.001	( 0 )	1---111---11 0 0	---000 0 0	-------- 0 0	------ 0 0	-----11110 0 0	111--- 0 0	111--- 0 0	1-01-0 0 0	---- 0 0	-------- 0 0	---------- 0 0	-1 0 0	--01 0 0	------------ 0 0	----0010 0 0	------ 0 0	-------------- 0 0	---------- 0 0	---------- 0 0	1111010------- 0 0	-----00101 0 0	------101011 0 0	---------- 0 0	-------- 0 0	---- 0 0	011100 0 0	1001---- 0 0	-0-1 0 0	---- 0 0	11110110 0 0
1114	2.001	2.001	( 0 )	1---111---11 0 0	---000 0 0	-------- 0 0	------ 0 0	-----11110 0 0	111--- 0 0	111--- 0 0	1-01-0 0 0	---- 0 0	-------- 0 0	---------- 0 0	-1 0 0	--01 0 0	------------ 0 0	----0010 0 0	------ 0 0	-------------- 0 0	---------- 0 0	---------- 0 0	1111010------- 0 0	-----00101 0 0	------101011 0 0	---------- 0 0	-------- 0 0	---- 0 0	011100 0 0	1001---- 0 0	-0-1 0 0	---- 0 0	11110110 0 0
1051	6.559	6.559	( 0 )	1---111----- 0 2	---000 0 0	-------- 0 0	------ 0 0	-----11110 0 0	111--- 0 0	111--- 0 0	1-01-0 0 0	---- 0 0	-------- 0 0	---------- 0 0	-1 0 0	--01 0 0	------------ 0 0	----0010 0 0	------ 0 0	-------------- 0 0	---------- 0 0	---------- 0 0	1111010------- 0 0	-----00101 0 0	------101011 0 0	---------- 0 0	-------- 0 0	---- 0 0	011100 0 0	1001---- 0 0	-0-- 0 1	---- 0 0	11110110 0 0
1043	6.559	6.559	( 0 )	1---111----- 0 0	---000 0 0	-------- 0 0	------ 0 0	-----11110 0 0	111--- 0 0	111--- 0 0	1-01-0 0 0	---- 0 0	-------- 0 0	---------- 0 0	-1 0 0	--01 0 0	------------ 0 0	----0010 0 0	------ 0 0	-------------- 0 0	---------- 0 0	---------- 0 0	1111010------- 0 0	-----00101 0 0	------101011 0 0	---------- 0 0	-------- 0 0	---- 0 0	011100 0 0	1001---- 0 0	-0-- 0 0	---- 0 0	11110110 0 0
1055	6.559	6.559	( 0 )	1---111----- 0 0	---000 0 0	-------- 0 0	------ 0 0	-----11110 0 0	111--- 0 0	111--- 0 0	1-01-0 0 0	---- 0 0	-------- 0 0	---------- 0 0	-1 0 0	--01 0 0	------------ 0 0	----0010 0 0	------ 0 0	-------------- 0 0	---------- 0 0	---------- 0 0	1111010------- 0 0	-----00101 0 0	------101011 0 0	---------- 0 0	-------- 0 0	---- 0 0	011100 0 0	1001---- 0 0	-0-- 0 0	---- 0 0	11110110 0 0
1089	6.559	6.559	( 0 )	1---111----- 0 0	---000 0 0	-------- 0 0	------ 0 0	-----11110 0 0	111--- 0 0	111--- 0 0	1-01-0 0 0	---- 0 0	-------- 0 0	---------- 0 0	-1 0 0	--01 0 0	------------ 0 0	----0010 0 0	------ 0 0	-------------- 0 0	---------- 0 0	---------- 0 0	1111010------- 0 0	-----00101 0 0	------101011 0 0	---------- 0 0	-------- 0 0	---- 0 0	011100 0 0	1001---- 0 0	-0-- 0 0	---- 0 0	11110110 0 0
1088	6.559	6.559	( 0 )	1---111----- 0 0	---000 0 0	-------- 0 0	------ 0 0	-----11110 0 0	111--- 0 0	111--- 0 0	1-01-0 0 0	---- 0 0	-------- 0 0	---------- 0 0	-1 0 0	--01 0 0	------------ 0 0	----0010 0 0	------ 0 0	-------------- 0 0	---------- 0 0	---------- 0 0	1111010------- 0 0	-----00101 0 0	------101011 0 0	---------- 0 0	-------- 0 0	---- 0 0	011100 0 0	1001---- 0 0	-0-- 0 0	---- 0 0	11110110 0 0
1061	6.559	6.559	( 0 )	1---111----- 0 0	---000 0 0	-------- 0 0	------ 0 0	-----11110 0 0	111--- 0 0	111--- 0 0	1-01-0 0 0	---- 0 0	-------- 0 0	---------- 0 0	-1 0 0	--01 0 0	------------ 0 0	----0010 0 0	------ 0 0	-------------- 0 0	---------- 0 0	---------- 0 0	1111010------- 0 0	-----00101 0 0	------101011 0 0	---------- 0 0	-------- 0 0	---- 0 0	011100 0 0	1001---- 0 0	-0-- 0 0	---- 0 0	11110110 0 0
1032	6.559	6.559	( 0 )	1---111----- 0 0	---000 0 0	-------- 0 0	------ 0 0	-----11110 0 0	111--- 0 0	111--- 0 0	1-01-0 0 0	---- 0 0	-------- 0 0	---------- 0 0	-1 0 0	--01 0 0	------------ 0 0	----0010 0 0	------ 0 0	-------------- 0 0	---------- 0 0	---------- 0 0	1111010------- 0 0	-----00101 0 0	------101011 0 0	---------- 0 0	-------- 0 0	---- 0 0	011100 0 0	1001---- 0 0	-0-- 0 0	---- 0 0	11110110 0 0
1110	6.559	6.559	( 0 )	1---111----- 0 0	---000 0 0	-------- 0 0	------ 0 0	-----11110 0 0	111--- 0 0	111--- 0 0	1-01-0 0 0	---- 0 0	-------- 0 0	---------- 0 0	-1 0 0	--01 0 0	------------ 0 0	----0010 0 0	------ 0 0	-------------- 0 0	---------- 0 0	---------- 0 0	1111010------- 0 0	-----00101 0 0	------101011 0 0	---------- 0 0	-------- 0 0	---- 0 0	011100 0 0	1001---- 0 0	-0-- 0 0	---- 0 0	11110110 0 0
1066	6.559	6.559	( 0 )	1---111----- 0 0	---000 0 0	-------- 0 0	------ 0 0	-----11110 0 0	111--- 0 0	111--- 0 0	1-01-0 0 0	---- 0 0	-------- 0 0	---------- 0 0	-1 0 0	--01 0 0	------------ 0 0	----0010 0 0	------ 0 0	-------------- 0 0	---------- 0 0	---------- 0 0	1111010------- 0 0	-----00101 0 0	------101011 0 0	---------- 0 0	-------- 0 0	---- 0 0	011100 0 0	1001---- 0 0	-0-- 0 0	---- 0 0	11110110 0 0
1010	6.559	6.559	( 0 )	1---111----- 0 0	---000 0 0	-------- 0 0	------ 0 0	-----11110 0 0	111--- 0 0	111--- 0 0	1-01-0 0 0	---- 0 0	-------- 0 0	---------- 0 0	-1 0 0	--01 0 0	------------ 0 0	----0010 0 0	------ 0 0	-------------- 0 0	---------- 0 0	---------- 0 0	1111010------- 0 0	-----00101 0 0	------101011 0 0	---------- 0 0	-------- 0 0	---- 0 0	011100 0 0	1001---- 0 0	-0-- 0 0	---- 0 0	11110110 0 0
1037	6.559	6.559	( 0 )	1---111----- 0 0	---000 0 0	-------- 0 0	------ 0 0	-----11110 0 0	111--- 0 0	111--- 0 0	1-01-0 0 0	---- 0 0	-------- 0 0	---------- 0 0	-1 0 0	--01 0 0	------------ 0 0	----0010 0 0	------ 0 0	-------------- 0 0	---------- 0 0	---------- 0 0	1111010------- 0 0	-----00101 0 0	------101011 0 0	---------- 0 0	-------- 0 0	---- 0 0	011100 0 0	1001---- 0 0	-0-- 0 0	---- 0 0	11110110 0 0
1038	6.559	6.559	( 0 )	1---111----- 0 0	---000 0 0	-------- 0 0	------ 0 0	-----11110 0 0	111--- 0 0	111--- 0 0	1-01-0 0 0	---- 0 0	-------- 0 0	---------- 0 0	-1 0 0	--01 0 0	------------ 0 0	----0010 0 0	------ 0 0	-------------- 0 0	---------- 0 0	---------- 0 0	1111010------- 0 0	-----00101 0 0	------101011 0 0	---------- 0 0	-------- 0 0	---- 0 0	011100 0 0	1001---- 0 0	-0-- 0 0	---- 0 0	11110110 0 0
1095	6.559	6.559	( 0 )	1---111----- 0 0	---000 0 0	-------- 0 0	------ 0 0	-----11110 0 0	111--- 0 0	111--- 0 0	1-01-0 0 0	---- 0 0	-------- 0 0	---------- 0 0	-1 0 0	--01 0 0	------------ 0 0	----0010 0 0	------ 0 0	-------------- 0 0	---------- 0 0	---------- 0 0	1111010------- 0 0	-----00101 0 0	------101011 0 0	---------- 0 0	-------- 0 0	---- 0 0	011100 0 0	1001---- 0 0	-0-- 0 0	---- 0 0	11110110 0 0
1090	6.559	6.559	( 0 )	1---111----- 0 0	---000 0 0	-------- 0 0	------ 0 0	-----11110 0 0	111--- 0 0	111--- 0 0	1-01-0 0 0	---- 0 0	-------- 0 0	---------- 0 0	-1 0 0	--01 0 0	------------ 0 0	----0010 0 0	------ 0 0	-------------- 0 0	---------- 0 0	---------- 0 0	1111010------- 0 0	-----00101 0 0	------101011 0 0	---------- 0 0	-------- 0 0	---- 0 0	011100 0 0	1001---- 0 0	-0-- 0 0	---- 0 0	11110110 0 0
1045	6.559	6.559	( 0 )	1---111----- 0 0	---000 0 0	-------- 0 0	------ 0 0	-----11110 0 0	111--- 0 0	111--- 0 0	1-01-0 0 0	---- 0 0	-------- 0 0	---------- 0 0	-1 0 0	--01 0 0	------------ 0 0	----0010 0 0	------ 0 0	-------------- 0 0	---------- 0 0	---------- 0 0	1111010------- 0 0	-----00101 0 0	------101011 0 0	---------- 0 0	-------- 0 0	---- 0 0	011100 0 0	1001---- 0 0	-0-- 0 0	---- 0 0	11110110 0 0
1042	6.559	6.559	( 0 )	1---111----- 0 0	---000 0 0	-------- 0 0	------ 0 0	-----11110 0 0	111--- 0 0	111--- 0 0	1-01-0 0 0	---- 0 0	-------- 0 0	---------- 0 0	-1 0 0	--01 0 0	------------ 0 0	----0010 0 0	------ 0 0	-------------- 0 0	---------- 0 0	---------- 0 0	1111010------- 0 0	-----00101 0 0	------101011 0 0	---------- 0 0	-------- 0 0	---- 0 0	011100 0 0	1001---- 0 0	-0-- 0 0	---- 0 0	11110110 0 0
1047	6.559	6.559	( 0 )	1---111----- 0 0	---000 0 0	-------- 0 0	------ 0 0	-----11110 0 0	111--- 0 0	111--- 0 0	1-01-0 0 0	---- 0 0	-------- 0 0	---------- 0 0	-1 0 0	--01 0 0	------------ 0 0	----0010 0 0	------ 0 0	-------------- 0 0	---------- 0 0	---------- 0 0	1111010------- 0 0	-----00101 0 0	------101011 0 0	---------- 0 0	-------- 0 0	---- 0 0	011100 0 0	1001---- 0 0	-0-- 0 0	---- 0 0	11110110 0 0
1078	6.559	6.559	( 0 )	1---111----- 0 0	---000 0 0	-------- 0 0	------ 0 0	-----11110 0 0	111--- 0 0	111--- 0 0	1-01-0 0 0	---- 0 0	-------- 0 0	---------- 0 0	-1 0 0	--01 0 0	------------ 0 0	----0010 0 0	------ 0 0	-------------- 0 0	---------- 0 0	---------- 0 0	1111010------- 0 0	-----00101 0 0	------101011 0 0	---------- 0 0	-------- 0 0	---- 0 0	011100 0 0	1001---- 0 0	-0-- 0 0	---- 0 0	11110110 0 0
1068	6.559	6.559	( 0 )	1---111----- 0 0	---000 0 0	-------- 0 0	------ 0 0	-----11110 0 0	111--- 0 0	111--- 0 0	1-01-0 0 0	---- 0 0	-------- 0 0	---------- 0 0	-1 0 0	--01 0 0	------------ 0 0	----0010 0 0	------ 0 0	-------------- 0 0	---------- 0 0	---------- 0 0	1111010------- 0 0	-----00101 0 0	------101011 0 0	---------- 0 0	-------- 0 0	---- 0 0	011100 0 0	1001---- 0 0	-0-- 0 0	---- 0 0	11110110 0 0
1036	6.559	6.559	( 0 )	1---111----- 0 0	---000 0 0	-------- 0 0	------ 0 0	-----11110 0 0	111--- 0 0	111--- 0 0	1-01-0 0 0	---- 0 0	-------- 0 0	---------- 0 0	-1 0 0	--01 0 0	------------ 0 0	----0010 0 0	------ 0 0	-------------- 0 0	---------- 0 0	---------- 0 0	1111010------- 0 0	-----00101 0 0	------101011 0 0	---------- 0 0	-------- 0 0	---- 0 0	011100 0 0	1001---- 0 0	-0-- 0 0	---- 0 0	11110110 0 0
1030	6.559	6.559	( 0 )	1---111---00 0 0	---000 0 0	-------- 0 0	------ 0 0	-----11110 0 0	111--- 0 0	111--- 0 0	1-01-0 0 0	---- 0 0	-------- 0 0	---------- 0 0	-1 0 0	--01 0 0	------------ 0 0	----0010 0 0	------ 0 0	-------------- 0 0	---------- 0 0	---------- 0 0	1111010------- 0 0	-----00101 0 0	------101011 0 0	---------- 0 0	-------- 0 0	---- 0 0	011100 0 0	1001---- 0 0	-0-- 0 0	---- 0 0	11110110 0 0
1109	6.559	6.559	( 0 )	1---111---00 0 0	---000 0 0	-------- 0 0	------ 0 0	-----11110 0 0	111--- 0 0	111--- 0 0	1-01-0 0 0	---- 0 0	-------- 0 0	---------- 0 0	-1 0 0	--01 0 0	------------ 0 0	----0010 0 0	------ 0 0	-------------- 0 0	---------- 0 0	---------- 0 0	1111010------- 0 0	-----00101 0 0	------101011 0 0	---------- 0 0	-------- 0 0	---- 0 0	011100 0 0	1001---- 0 0	-0-- 0 0	---- 0 0	11110110 0 0
1058	6.559	6.559	( 0 )	1---111---00 0 0	---000 0 0	-------- 0 0	------ 0 0	-----11110 0 0	111--- 0 0	111--- 0 0	1-01-0 0 0	---- 0 0	-------- 0 0	---------- 0 0	-1 0 0	--01 0 0	------------ 0 0	----0010 0 0	------ 0 0	-------------- 0 0	---------- 0 0	---------- 0 0	1111010------- 0 0	-----00101 0 0	------101011 0 0	---------- 0 0	-------- 0 0	---- 0 0	011100 0 0	1001---- 0 0	-0-- 0 0	---- 0 0	11110110 0 0
1034	6.559	6.559	( 0 )	1---111---00 0 0	---000 0 0	-------- 0 0	------ 0 0	-----11110 0 0	111--- 0 0	111--- 0 0	1-01-0 0 0	---- 0 0	-------- 0 0	---------- 0 0	-1 0 0	--01 0 0	------------ 0 0	----0010 0 0	------ 0 0	-------------- 0 0	---------- 0 0	---------- 0 0	1111010------- 0 0	-----00101 0 0	------101011 0 0	---------- 0 0	-------- 0 0	---- 0 0	011100 0 0	1001---- 0 0	-0-- 0 0	---- 0 0	11110110 0 0
1130	6.559	6.559	( 0 )	1---111---00 0 0	---000 0 0	-------- 0 0	------ 0 0	-----11110 0 0	111--- 0 0	111--- 0 0	1-01-0 0 0	---- 0 0	-------- 0 0	---------- 0 0	-1 0 0	--01 0 0	------------ 0 0	----0010 0 0	------ 0 0	-------------- 0 0	---------- 0 0	---------- 0 0	1111010------- 0 0	-----00101 0 0	------101011 0 0	---------- 0 0	-------- 0 0	---- 0 0	011100 0 0	1001---- 0 0	-0-- 0 0	---- 0 0	11110110 0 0
1048	6.559	6.559	( 0 )	1---111---00 0 0	---000 0 0	-------- 0 0	------ 0 0	-----11110 0 0	111--- 0 0	111--- 0 0	1-01-0 0 0	---- 0 0	-------- 0 0	---------- 0 0	-1 0 0	--01 0 0	------------ 0 0	----0010 0 0	------ 0 0	-------------- 0 0	---------- 0 0	---------- 0 0	1111010------- 0 0	-----00101 0 0	------101011 0 0	---------- 0 0	-------- 0 0	---- 0 0	011100 0 0	1001---- 0 0	-0-- 0 0	---- 0 0	11110110 0 0
1102	6.559	6.559	( 0 )	1---111---00 0 0	---000 0 0	-------- 0 0	------ 0 0	-----11110 0 0	111--- 0 0	111--- 0 0	1-01-0 0 0	---- 0 0	-------- 0 0	---------- 0 0	-1 0 0	--01 0 0	------------ 0 0	----0010 0 0	------ 0 0	-------------- 0 0	---------- 0 0	---------- 0 0	1111010------- 0 0	-----00101 0 0	------101011 0 0	---------- 0 0	-------- 0 0	---- 0 0	011100 0 0	1001---- 0 0	-0-- 0 0	---- 0 0	11110110 0 0
1113	6.559	6.559	( 0 )	1---111---00 0 0	---000 0 0	-------- 0 0	------ 0 0	-----11110 0 0	111--- 0 0	111--- 0 0	1-01-0 0 0	---- 0 0	-------- 0 0	---------- 0 0	-1 0 0	--01 0 0	------------ 0 0	----0010 0 0	------ 0 0	-------------- 0 0	---------- 0 0	---------- 0 0	1111010------- 0 0	-----00101 0 0	------101011 0 0	---------- 0 0	-------- 0 0	---- 0 0	011100 0 0	1001---- 0 0	-0-- 0 0	---- 0 0	11110110 0 0
1082	6.559	6.559	( 0 )	1---111---00 0 0	---000 0 0	-------- 0 0	------ 0 0	-----11110 0 0	111--- 0 0	111--- 0 0	1-01-0 0 0	---- 0 0	-------- 0 0	---------- 0 0	-1 0 0	--01 0 0	------------ 0 0	----0010 0 0	------ 0 0	-------------- 0 0	---------- 0 0	---------- 0 0	1111010------- 0 0	-----00101 0 0	------101011 0 0	---------- 0 0	-------- 0 0	---- 0 0	011100 0 0	1001---- 0 0	-0-- 0 0	---- 0 0	11110110 0 0
1033	6.559	6.559	( 0 )	1---111---00 0 0	---000 0 0	-------- 0 0	------ 0 0	-----11110 0 0	111--- 0 0	111--- 0 0	1-01-0 0 0	---- 0 0	-------- 0 0	---------- 0 0	-1 0 0	--01 0 0	------------ 0 0	----0010 0 0	------ 0 0	-------------- 0 0	---------- 0 0	---------- 0 0	1111010------- 0 0	-----00101 0 0	------101011 0 0	---------- 0 0	-------- 0 0	---- 0 0	011100 0 0	1001---- 0 0	-0-- 0 0	---- 0 0	11110110 0 0
1049	8.644	8.644	( 0 )	1---111---00 0 0	---000 0 0	-------- 0 0	------ 0 0	-----11110 0 0	111--- 0 0	111--- 0 0	1-01-0 0 0	---- 0 0	-------- 0 0	---------- 0 0	-1 0 0	--01 0 0	------------ 0 0	----0010 0 0	------ 0 0	-------------- 0 0	---------- 0 0	---------- 0 0	1111010------- 0 0	-----00101 0 0	-------01011 0 1	---------- 0 0	-------- 0 0	---- 0 0	011100 0 0	1001---- 0 0	-0-- 0 0	---- 0 0	11110110 0 0
1070	8.644	8.644	( 0 )	1---111---00 0 0	---000 0 0	-------- 0 0	------ 0 0	-----11110 0 0	111--- 0 0	111--- 0 0	1-01-0 0 0	---- 0 0	-------- 0 0	---------- 0 0	-1 0 0	--01 0 0	------------ 0 0	----0010 0 0	------ 0 0	-------------- 0 0	---------- 0 0	---------- 0 0	1111010------- 0 0	-----00101 0 0	-------01011 0 0	---------- 0 0	-------- 0 0	---- 0 0	011100 0 0	1001---- 0 0	-0-- 0 0	---- 0 0	11110110 0 0
1057	8.644	8.644	( 0 )	1---111---00 0 0	---000 0 0	-------- 0 0	------ 0 0	-----11110 0 0	111--- 0 0	111--- 0 0	1-01-0 0 0	---- 0 0	-------- 0 0	---------- 0 0	-1 0 0	--01 0 0	------------ 0 0	----0010 0 0	------ 0 0	-------------- 0 0	---------- 0 0	---------- 0 0	1111010------- 0 0	-----00101 0 0	-------01011 0 0	---------- 0 0	-------- 0 0	---- 0 0	011100 0 0	1001---- 0 0	-0-- 0 0	---- 0 0	11110110 0 0
1059	8.644	8.644	( 0 )	1---111---00 0 0	---000 0 0	-------- 0 0	------ 0 0	-----11110 0 0	111--- 0 0	111--- 0 0	1-01-0 0 0	---- 0 0	-------- 0 0	---------- 0 0	-1 0 0	--01 0 0	------------ 0 0	----0010 0 0	------ 0 0	-------------- 0 0	---------- 0 0	---------- 0 0	1111010------- 0 0	-----00101 0 0	------001011 0 0	---------- 0 0	-------- 0 0	---- 0 0	011100 0 0	1001---- 0 0	-0-- 0 0	---- 0 0	11110110 0 0
1029	8.644	8.644	( 0 )	1---111---00 0 0	---000 0 0	-------- 0 0	------ 0 0	-----11110 0 0	111--- 0 0	111--- 0 0	1-01-0 0 0	---- 0 0	-------- 0 0	---------- 0 0	-1 0 0	--01 0 0	------------ 0 0	----0010 0 0	------ 0 0	-------------- 0 0	---------- 0 0	---------- 0 0	1111010------- 0 0	-----00101 0 0	------001011 0 0	---------- 0 0	-------- 0 0	---- 0 0	011100 0 0	1001---- 0 0	-0-- 0 0	---- 0 0	11110110 0 0
1050	14.222	14.222	( 0 )	1---111---00 0 0	---000 0 0	-------- 0 0	------ 0 0	-----11110 0 0	111--- 0 0	111--- 0 0	1-01-0 0 0	---- 0 0	-------- 0 0	---------- 0 0	-1 0 0	--01 0 0	------------ 0 0	----0010 0 0	------ 0 0	-------------- 0 0	---------- 0 0	---------- 0 0	1111010------- 0 0	-----00101 0 0	------001011 0 0	---------- 0 0	-------- 0 0	---- 0 0	011100 0 0	1001---- 0 0	-0-0 0 0	---- 0 0	11110100 0 1
