#java OrderMarkers2 map=/flash/EconomoU/Nurit/lepmap/lepmap_varroa/Q40BIALLDP16HDP40mis.5Chr7.Sites_11_01/map_202.txt data=/flash/EconomoU/Nurit/lepmap/lepmap_varroa/Q40BIALLDP16HDP40mis.5Chr7.Sites_11_01/data_f.call useKosambi=1 numMergeIterations=100 sexAveraged=0 outputPhasedData=2 grandparentPhase=1 recombination1=0 recombination2=0.01 chromosome=1 randSeed=2896478200687920566
#*** LG = 1 likelihood = -13851.1792
#marker_number	male_position	female_position	( 0.0 )[	phased data]
6	0.000	0.000	( 0 )	10001100000000001111111100000000000011111111000000010111111111110000011111000010111101101011111101111111111001001101101111111110000000000001110001001100001111111100000010001111111111110111111100000000011101111100000111100011000000101111 0 0
9	0.000	4.247	( 0 )	10001100000000001111111100000000000011111111000000010111111111110000011111000010111101101011111101111111111001001101101111111110000000000001110001111100001111111100000010001111111111110111111100000000011101111100000111100000000000111111 0 5
7	0.000	4.247	( 0 )	10001100000000001111111100000000000011111111000000010111111111110000011111000010111101101011111101111111111001001101101111111110000000000001110001111100001111111100000010001111111111110111111100000000011101111100000111100000000000111111 0 0
10	0.000	4.247	( 0 )	10001100000000001111111100000000000011111111000000010111111111110000011111000010111101101011111101111111111001001101101111111110000000000001110001111100001111111100000010001111111111110111111100000000011101111100000111100000000000111111 0 0
8	0.000	4.247	( 0 )	10001100000000001111111100000000000011111111000000010111111111110000011111000010111101101011111101111111111001001101101111111110000000000001110001111100001111111100000010001111111111110111111100000000011101111100000111100000000000111111 0 0
12	0.000	6.792	( 0 )	10001100000000001111111100000000000011111111000000010111111111110000011111000010111101101011111101111111111001001101101111111110000000000001110001101100001111111100000010001111111111110011111100000000011101111100000111100000000001111111 0 3
11	0.000	7.640	( 0 )	10001100000000001111111100000000000011111111000000010111111111110000011111000010111101101011111101111111111001001101101111111110000000000001110001101100001111111100000010001111111111110011111100000000011101111100000111100000000011111111 0 1
50	0.000	12.742	( 0 )	10001100000000001111111100000000000011111111000000010111111111110000011111000010111101101011111101111111111001001101101111111110000010011111110001101100001111111100000010001111111111110011111100000000011111111100000111100000000011111111 0 6
51	0.000	12.742	( 0 )	10001100000000001111111100000000000011111111000000010111111111110000011111000010111101101011111101111111111001001101101111111110000010011111110001101100001111111100000010001111111111110011111100000000011111111100000111100000000011111111 0 0
54	0.000	13.590	( 0 )	10001100000000001111111100000000000011111111000000010111111111110000011111000010111101101011111101111111111001001101101111111110000011011111110001101100001111111100000010001111111111110011111100000000011111111100000111100000000011111111 0 1
49	0.000	13.590	( 0 )	10001100000000001111111100000000000011111111000000010111111111110000011111000010111101101011111101111111111001001101101111111110000011011111110001101100001111111100000010001111111111110011111100000000011111111100000111100000000011111111 0 0
40	0.000	13.590	( 0 )	10001100000000001111111100000000000011111111000000010111111111110000011111000010111101101011111101111111111001001101101111111110000011011111110001101100001111111100000010001111111111110011111100000000011111111100000111100000000011111111 0 0
42	0.000	13.590	( 0 )	10001100000000001111111100000000000011111111000000010111111111110000011111000010111101101011111101111111111001001101101111111110000011011111110001101100001111111100000010001111111111110011111100000000011111111100000111100000000011111111 0 0
39	0.000	13.590	( 0 )	10001100000000001111111100000000000011111111000000010111111111110000011111000010111101101011111101111111111001001101101111111110000011011111110001101100001111111100000010001111111111110011111100000000011111111100000111100000000011111111 0 0
29	0.000	14.437	( 0 )	10001100000000001111111100000000000011111111000000010111111111110000011111000010111101101011111101111111111001001101101111111110000011111111110001101100001111111100000010001111111111110011111100000000011111111100000111100000000011111111 0 1
16	0.000	14.437	( 0 )	10001100000000001111111100000000000011111111000000010111111111110000011111000010111101101011111101111111111001001101101111111110000011111111110001101100001111111100000010001111111111110011111100000000011111111100000111100000000011111111 0 0
45	0.000	14.437	( 0 )	10001100000000001111111100000000000011111111000000010111111111110000011111000010111101101011111101111111111001001101101111111110000011111111110001101100001111111100000010001111111111110011111100000000011111111100000111100000000011111111 0 0
31	0.000	14.437	( 0 )	10001100000000001111111100000000000011111111000000010111111111110000011111000010111101101011111101111111111001001101101111111110000011111111110001101100001111111100000010001111111111110011111100000000011111111100000111100000000011111111 0 0
20	0.000	14.437	( 0 )	10001100000000001111111100000000000011111111000000010111111111110000011111000010111101101011111101111111111001001101101111111110000011111111110001101100001111111100000010001111111111110011111100000000011111111100000111100000000011111111 0 0
19	0.000	14.437	( 0 )	10001100000000001111111100000000000011111111000000010111111111110000011111000010111101101011111101111111111001001101101111111110000011111111110001101100001111111100000010001111111111110011111100000000011111111100000111100000000011111111 0 0
38	0.000	14.437	( 0 )	10001100000000001111111100000000000011111111000000010111111111110000011111000010111101101011111101111111111001001101101111111110000011111111110001101100001111111100000010001111111111110011111100000000011111111100000111100000000011111111 0 0
43	0.000	14.437	( 0 )	10001100000000001111111100000000000011111111000000010111111111110000011111000010111101101011111101111111111001001101101111111110000011111111110001101100001111111100000010001111111111110011111100000000011111111100000111100000000011111111 0 0
48	0.000	14.437	( 0 )	10001100000000001111111100000000000011111111000000010111111111110000011111000010111101101011111101111111111001001101101111111110000011111111110001101100001111111100000010001111111111110011111100000000011111111100000111100000000011111111 0 0
47	0.000	14.437	( 0 )	10001100000000001111111100000000000011111111000000010111111111110000011111000010111101101011111101111111111001001101101111111110000011111111110001101100001111111100000010001111111111110011111100000000011111111100000111100000000011111111 0 0
30	0.000	14.437	( 0 )	10001100000000001111111100000000000011111111000000010111111111110000011111000010111101101011111101111111111001001101101111111110000011111111110001101100001111111100000010001111111111110011111100000000011111111100000111100000000011111111 0 0
37	0.000	14.437	( 0 )	10001100000000001111111100000000000011111111000000010111111111110000011111000010111101101011111101111111111001001101101111111110000011111111110001101100001111111100000010001111111111110011111100000000011111111100000111100000000011111111 0 0
15	0.000	14.437	( 0 )	10001100000000001111111100000000000011111111000000010111111111110000011111000010111101101011111101111111111001001101101111111110000011111111110001101100001111111100000010001111111111110011111100000000011111111100000111100000000011111111 0 0
21	0.000	14.437	( 0 )	10001100000000001111111100000000000011111111000000010111111111110000011111000010111101101011111101111111111001001101101111111110000011111111110001101100001111111100000010001111111111110011111100000000011111111100000111100000000011111111 0 0
56	0.000	14.437	( 0 )	10001100000000001111111100000000000011111111000000010111111111110000011111000010111101101011111101111111111001001101101111111110000011111111110001101100001111111100000010001111111111110011111100000000011111111100000111100000000011111111 0 0
13	0.000	14.437	( 0 )	10001100000000001111111100000000000011111111000000010111111111110000011111000010111101101011111101111111111001001101101111111110000011111111110001101100001111111100000010001111111111110011111100000000011111111100000111100000000011111111 0 0
53	0.000	15.285	( 0 )	10001100000000001111111100000000000011111111000000010111111111110000011111000010111101101011111101111111111001001101101111111110000011110111110001101100001111111100000010001111111111110011111100000000011111111100000111100000000011111111 0 1
55	0.000	15.285	( 0 )	10001100000000001111111100000000000011111111000000010111111111110000011111000010111101101011111101111111111001001101101111111110000011110111110001101100001111111100000010001111111111110011111100000000011111111100000111100000000011111111 0 0
35	0.000	15.285	( 0 )	10001100000000001111111100000000000011111111000000010111111111110000011111000010111101101011111101111111111001001101101111111110000011110111110001101100001111111100000010001111111111110011111100000000011111111100000111100000000011111111 0 0
52	0.000	16.980	( 0 )	10001100000000001111111100000000000011111111000000010111111111110000011111000010111101101011111101111111111001001101101111111110000011111111110001101100001111011100000010001111111111110011111100000000011111111100000111100000000011111111 0 2
44	0.000	16.980	( 0 )	10001100000000001111111100000000000011111111000000010111111111110000011111000010111101101011111101111111111001001101101111111110000011111111110001101100001111011100000010001111111111110011111100000000011111111100000111100000000011111111 0 0
41	0.000	16.980	( 0 )	10001100000000001111111100000000000011111111000000010111111111110000011111000010111101101011111101111111111001001101101111111110000011111111110001101100001111011100000010001111111111110011111100000000011111111100000111100000000011111111 0 0
14	0.000	16.980	( 0 )	10001100000000001111111100000000000011111111000000010111111111110000011111000010111101101011111101111111111001001101101111111110000011111111110001101100001111011100000010001111111111110011111100000000011111111100000111100000000011111111 0 0
46	0.000	16.980	( 0 )	10001100000000001111111100000000000011111111000000010111111111110000011111000010111101101011111101111111111001001101101111111110000011111111110001101100001111011100000010001111111111110011111100000000011111111100000111100000000011111111 0 0
32	0.000	17.828	( 0 )	10001100000000001111111100000000000011111111000000010111111111110000011111000010111101101011111101111111111001001101101111111110000011111111110001101100001111011100000010001111111111110011111100000000011110111100000111100000000011111111 0 1
34	0.000	18.675	( 0 )	10001100000000001111111100000000000011111111000000010111111111110000011111000010111101101011111101111111111001001101101111111110000011111111110001101100001111111100000010001111111111110011111100000000011110111100000111100000000011111111 0 1
33	0.000	18.675	( 0 )	10001100000000001111111100000000000011111111000000010111111111110000011111000010111101101011111101111111111001001101101111111110000011111111110001101100001111111100000010001111111111110011111100000000011110111100000111100000000011111111 0 0
18	0.000	18.675	( 0 )	10001100000000001111111100000000000011111111000000010111111111110000011111000010111101101011111101111111111001001101101111111110000011111111110001101100001111111100000010001111111111110011111100000000011110111100000111100000000011111111 0 0
36	0.000	19.523	( 0 )	10001100000000001111111100000000000011111111000000010111111111110000011111000010111101101011111101111111111001001101101111111110000011111111110001101100001111111100000010001111111111110011111100000000011111111100000111100000000011111111 0 1
25	0.000	19.523	( 0 )	10001100000000001111111100000000000011111111000000010111111111110000011111000010111101101011111101111111111001001101101111111110000011111111110001101100001111111100000010001111111111110011111100000000011111111100000111100000000011111111 0 0
27	0.000	19.523	( 0 )	10001100000000001111111100000000000011111111000000010111111111110000011111000010111101101011111101111111111001001101101111111110000011111111110001101100001111111100000010001111111111110011111100000000011111111100000111100000000011111111 0 0
17	0.000	20.370	( 0 )	10001100000000001111111100000000000011111111000000010111111111110000011111000010111101101011111101111111111001001101101111111111000011111111110001101100001111111100000010001111111111110011111100000000011111111100000111100000000011111111 0 1
22	0.000	20.370	( 0 )	10001100000000001111111100000000000011111111000000010111111111110000011111000010111101101011111101111111111001001101101111111111000011111111110001101100001111111100000010001111111111110011111100000000011111111100000111100000000011111111 0 0
28	0.000	21.218	( 0 )	10001100000000001111111100000000000011111111000000010111111111110000011111000010111101101011111101111111111001001101100111111111000011111111110001101100001111111100000010001111111111110011111100000000011111111100000111100000000011111111 0 1
57	0.000	21.218	( 0 )	10001100000000001111111100000000000011111111000000010111111111110000011111000010111101101011111101111111111001001101100111111111000011111111110001101100001111111100000010001111111111110011111100000000011111111100000111100000000011111111 0 0
23	0.000	21.218	( 0 )	10001100000000001111111100000000000011111111000000010111111111110000011111000010111101101011111101111111111001001101100111111111000011111111110001101100001111111100000010001111111111110011111100000000011111111100000111100000000011111111 0 0
26	0.000	22.913	( 0 )	10001100000000001111111100000000000011111111000000010111111111110000011111000010111101101011111101111111111001001101100111111111000011111111110001101100001111111100000010001111111111110011011000000000011111111100000111100000000011111111 0 2
24	0.000	23.761	( 0 )	10001100000000001111111100000000000011111111000000010111111111110000011111000010111101101011111101111111111001001101100111111111000011111111110001101100001011111100000010001111111111110011011000000000011111111100000111100000000011111111 0 1
5	0.000	43.349	( 0 )	10001100000000001111111100000000000011111111000000010111111111110000011111000010111101101011111101111111111001001101100000111111-00011111111110001111100000010111100000010001111111111110010000000000000001-01101101010000000000000011001111 0 22
4	0.000	45.045	( 0 )	10001100000000001111111100000000000011111111000000010111111111110000011111000010111101101011111101111111111001001101100000111111100011111111110001111100000010111100000000001111111111100010000000000000001001101101010000000000000011001111 0 2
75	0.000	63.656	( 0 )	1000110000000000111111110000000000001111111100000001011111111111000001111100001011110110101111110111111111100100110110000011111110011111111111000111110000000-0111111111000011111111111011100000-101011-0010011001010-0000000000000011001011 0 21
78	0.000	74.856	( 0 )	100011000000000011111111000000000000111111110000000101111111111100000111110000101111011010111111011111111110010011011000001110111--111111111110001-1110000000101111111110-0-111111111110111000001101011-001001-10-01001000000110000011001001 0 13
80	0.000	86.951	( 0 )	10001100000000001111111100000000000011111111000000010111111111110000011111000010111101101011111101111111111001001101100000001001111101111110110001011100000001011111111101-111101-0000101110000011010101001000-10001001000000110000011001001 0 14
79	0.000	89.496	( 0 )	10001100000000001111111100000000000011111111000000010111111111110000011111000010111101101011111101111111111001001101100000001001111101111110-000010111000000010111111111011111101-000010111000-011010101001000-10001001000000110000011001001 0 3
76	0.000	101.591	( 0 )	100011000000000011111111000000000000111111110000000101111111111100000111110000101111011010111111011111111110010011011000000010111111010001100000011111000010010-111011110111---01-0000101110001011000101001000-10011001000000110-00011001001 0 14
74	0.000	110.148	( 0 )	10001100000000001111111100000000000011111111000000010111111111110000011111000010111101101011111101111111111001001101100000001011111101000110000001111110011001001100000000110000100000101110001011100101001000-10011001000000110-00011001101 0 10
77	0.000	121.349	( 0 )	10001100000000001111111100000000000011111111000000010111111111110000011111000010111101101011111101111111111001001101100010001011111000000000000001111110011000001100000000000000100000100110001011100101001000-10011001000000010101111001111 0 13
81	0.000	129.906	( 0 )	10001100000000001111111100000000000011111111000000010111111111110000011111000010111101101011111101111111111001001101100010000001110000000000000001111110011000001101100000000100100000100100001011100101001000010011001000000010101110000011 0 10
1	0.000	135.866	( 0 )	10001100000000001111111100000000000011111111000000010111111111110000011111000010111101101011111101111111111001001101100010000001110000000000000001100110011000001101100010100100100001100000001011100101001000010011001000000010111110000011 0 7
2	0.000	144.423	( 0 )	10001100000000001111111100000000000011111111000000010111111111110000011111000010111101101011111101111111111001001101100010000001100000000000000001000111110000001101100010100100100001000000001011100101001001010011101000000010111100000001 0 10
3	0.000	146.968	( 0 )	10001100000000001111111100000000000011111111000000010111111111110000011111000010111101101011111101111111111001001101100010000001100000000000000101000111110000001101100010100100100001000000101011100101001001010011101000000000111100000001 0 3
61	0.000	158.168	( 0 )	10001100000000001111111100000000000011111111000000010111111111110000011111000010111101101011111101111111111001001101100110000000100000000000001111000111110000001111101-10100101111111000000101011110101001001010011101000000000111100000000 0 13
60	0.000	160.713	( 0 )	10001100000000001111111100000000000011111111000000010111111111110000011111000010111101101011111101111111111001001101100110000000100000000000001110000011110000001111101110100101111111000000101011110101001001010011101000000000111100000000 0 3
62	0.000	161.560	( 0 )	10001100000000001111111100000000000011111111000000010111111111110000011111000010111101101011111101111111111001001101100110000000000000000000001110000011110000001111101110100101111111000000101011110101001001010011101000000000111100000000 0 1
65	0.000	161.560	( 0 )	10001100000000001111111100000000000011111111000000010111111111110000011111000010111101101011111101111111111001001101100110000000000000000000001110000011110000001111101110100101111111000000101011110101001001010011101000000000111100000000 0 0
59	0.000	161.560	( 0 )	10001100000000001111111100000000000011111111000000010111111111110000011111000010111101101011111101111111111001001101100110000000000000000000001110000011110000001111101110100101111111000000101011110101001001010011101000000000111100000000 0 0
67	0.000	162.408	( 0 )	10001100000000001111111100000000000011111111000000010111111111110000011111000010111101101011111101111111111001001101100110000000000000000000001110000011110000001111101110100101111111000000101011110101001001010011101000010000111100000000 0 1
72	0.000	163.256	( 0 )	10001100000000001111111100000000000011111111000000010111111111110000011111000010111101101011111101111111111001001101100110000000000000000000001110000011110000001111101110100101111111000000101011110101001001010011101000011000111100000000 0 1
71	0.000	163.256	( 0 )	10001100000000001111111100000000000011111111000000010111111111110000011111000010111101101011111101111111111001001101100110000000000000000000001110000011110000001111101110100101111111000000101011110101001001010011101000011000111100000000 0 0
70	0.000	163.256	( 0 )	10001100000000001111111100000000000011111111000000010111111111110000011111000010111101101011111101111111111001001101100110000000000000000000001110000011110000001111101110100101111111000000101011110101001001010011101000011000111100000000 0 0
69	0.000	163.256	( 0 )	10001100000000001111111100000000000011111111000000010111111111110000011111000010111101101011111101111111111001001101100110000000000000000000001110000011110000001111101110100101111111000000101011110101001001010011101000011000111100000000 0 0
63	0.000	163.256	( 0 )	10001100000000001111111100000000000011111111000000010111111111110000011111000010111101101011111101111111111001001101100110000000000000000000001110000011110000001111101110100101111111000000101011110101001001010011101000011000111100000000 0 0
58	0.000	163.256	( 0 )	10001100000000001111111100000000000011111111000000010111111111110000011111000010111101101011111101111111111001001101100110000000000000000000001110000011110000001111101110100101111111000000101011110101001001010011101000011000111100000000 0 0
66	0.000	163.256	( 0 )	10001100000000001111111100000000000011111111000000010111111111110000011111000010111101101011111101111111111001001101100110000000000000000000001110000011110000001111101110100101111111000000101011110101001001010011101000011000111100000000 0 0
68	0.000	163.256	( 0 )	10001100000000001111111100000000000011111111000000010111111111110000011111000010111101101011111101111111111001001101100110000000000000000000001110000011110000001111101110100101111111000000101011110101001001010011101000011000111100000000 0 0
73	0.000	163.256	( 0 )	10001100000000001111111100000000000011111111000000010111111111110000011111000010111101101011111101111111111001001101100110000000000000000000001110000011110000001111101110100101111111000000101011110101001001010011101000011000111100000000 0 0
64	0.000	165.800	( 0 )	10001100000000001111111100000000000011111111000000010111111111110000011111000010111101101011111101111111111001001101100111000000000000000000001110000011110000001111101110100101111111000000101011110101000001010011101000011000111100000001 0 3
