#java OrderMarkers2 map=/flash/EconomoU/Nurit/lepmap/lepmap_varroa/Q40BIALLDP16HDP40mis.5Chr7.Sites_11_01/map_202.txt data=/flash/EconomoU/Nurit/lepmap/lepmap_varroa/Q40BIALLDP16HDP40mis.5Chr7.Sites_11_01/data_f.call useKosambi=1 numMergeIterations=100 sexAveraged=0 outputPhasedData=2 grandparentPhase=1 recombination1=0 recombination2=0.01 chromosome=5 randSeed=-6323197329904755361
#*** LG = 5 likelihood = -1239.5367
#marker_number	male_position	female_position	( 0.0 )[	phased data]
148	0.000	0.000	( 0 )	01111100100001111111101000011110000000000111000000101100011111110000011111000010101001000100111110100000000000111001000001100101110000000001000000000001101010000011111010001110100010111100000011111110000101110110000010011111011110100100 0 0
143	0.000	8.557	( 0 )	01111100100001111111101000011110000000000111000000101100011111110000011111000010101001000100111110100000000000111001001001101101110000000001000000000001101010000011110011001110110010101100000011110110000101110110000010011111001010000100 0 10
147	0.000	22.464	( 0 )	01111100100001111111101000011110000000000111000000101100011111110000011111000010101001000100111110100000000000111001001011101101110000000001010000000101101110000010110011001110110010001100000011110010000001111110111010001111000010001101 0 16
149	0.000	43.044	( 0 )	01111100100001111111101000011110000000000111000000101100011111110000011111000010101001000100111110100000000000111001001011101101110100100011010010100101101110000100110001001011110000001100000011010000010000001110111000000110000000011001 0 23
146	0.000	53.358	( 0 )	01111100100001111111101000011110000000000111000000101100011111110000011111000010101001000100111110100000000000111001001010001001110100100011010010100100001110000100100001010001110000001100000011010000010000000010111001000110000000011001 0 12
141	0.000	65.453	( 0 )	01111100100001111111101000011110000000000111000000101100011111110000011111000010101001000100111110100000000000111001001-10001001110110110111010010100100001110001100100001010001110100001100010010010000011000000000111101100100000001011001 0 14
140	0.000	67.148	( 0 )	01111100100001111111101000011110000000000111000000101100011111110000011111000010101001000100111110100000000000111001001110001000110110110111010010100100001110001100100001010001110101001100010010010000011000000000111101100100000001011001 0 2
142	0.000	70.543	( 0 )	01111100100001111111101000011110000000000111000000101100011111110000011111000010101001000100111110100000000000111001001110001000010110110111010010100100001110001100000001010001110101000000010010010000011000000000111101100100000001011001 0 4
145	0.000	80.857	( 0 )	01111100100001111111101000011110000000000111000000101100011111110000011111000010101001000100111110100000000000111001001110001000000110111111000000100100001110011100000001010001111101000000011000010000011000010011111101100000000001011001 0 12
144	0.000	83.401	( 0 )	01111100100001111111101000011110000000000111000000101100011111110000011111000010101001000100111110100000000000111001001110001000000111111111000001100100001110011100000001010001111101000000011000000000011000010011111101100000000001011001 0 3
