#java OrderMarkers2 map=/flash/EconomoU/Nurit/lepmap/lepmap_varroa/Q40BIALLDP16HDP40mis.5Chr7.Sites_11_01/map_202.txt data=/flash/EconomoU/Nurit/lepmap/lepmap_varroa/Q40BIALLDP16HDP40mis.5Chr7.Sites_11_01/data_f.call useKosambi=1 numMergeIterations=100 sexAveraged=0 outputPhasedData=2 grandparentPhase=1 recombination1=0 recombination2=0.01 chromosome=6 randSeed=-5420034955648623059
#*** LG = 6 likelihood = -4880.4263
#marker_number	male_position	female_position	( 0.0 )[	phased data]
164	0.000	0.000	( 0 )	00000011-000001100000111111000001111111110000100000100000111111111111-1101010--0--1-110000000001000000000100001011011111110101-000000000000111111000111111111110001111110111000111111111111-1110000--0--1-1110000011111000000111000000001100 0 0
160	0.000	0.848	( 0 )	00000011-000001100000111111000001111111110000100000100000111111111111-1101010--0--1-110000000001000000000100001011011111110101-000000000000111111000111111111110001111110111000111111111111-1110000--0--1-1100000011111000000111000000001100 0 1
161	0.000	0.848	( 0 )	00000011-000001100000111111000001111111110000100000100000111111111111-1101010--0--1-110000000001000000000100001011011111110101-000000000000111111000111111111110001111110111000111111111111-1110000--0--1-1100000011111000000111000000001100 0 0
159	0.000	0.848	( 0 )	00000011-000001100000111111000001111111110000100000100000111111111111-1101010--0--1-110000000001000000000100001011011111110101-000000000000111111000111111111110001111110111000111111111111-1110000--0--1-1100000011111000000111000000001100 0 0
163	0.000	2.543	( 0 )	00000011-000001100000111111000001111111110000100000100000111111111111-1101010--0--1-110000000001000000000100001011011111110101-000000000000111111000111111101110001111110111000111111111111-1110000--0--0-1100000011111000000111000000001100 0 2
162	0.000	2.543	( 0 )	00000011-000001100000111111000001111111110000100000100000111111111111-1101010--0--1-110000000001000000000100001011011111110101-000000000000111111000111111101110001111110111000111111111111-1110000--0--0-1100000011111000000111000000001100 0 0
165	0.000	17.370	( 0 )	00000011-000001100000111111000001111111110000100000100000111111111111-1101010--0--1-110000000001000000000100001011011111110101-000000000000111001000111111000000000000100111000111111100100-1110100--0--0-0100000011111000000111000000001100 0 17
157	0.000	37.950	( 0 )	00000011-000001100000111111000001111111110000100000100000111111111111-1101010--0--1-110000000001000000000100001011011111110111-00001000000001-00000011001000000000000010001111-011111000100-1110101--1--0-0110100011111000010110000001000000 0 23
156	0.000	46.507	( 0 )	00000011-000001100000111111000001111111110000100000100000111111111111-1101010--0--1-110000000001000000000100001011011111111011-000010000000010000001110010000000000000101011111011111000100-0010101--1--0-0111100111111001110110000001000000 0 10
158	0.000	57.707	( 0 )	00000011-000001100000111111000001111111110000100000100000111111111111-1101010--0--1-110000000001000000000100001011011111111011-0000111000000100001111100100000000000001010111110-1010000100-0010101--1--0-0111100111111001111000100111000000 0 13
152	0.000	78.287	( 0 )	00000011-000001100000111111000001111111110000100000100000111111111111-1101010--0--1-110000000001000000000100001011011111111000-000011100000010000111001111000000000000000000111001010010101-0010111--1--1-0100000011111111111000100111001001 0 23
155	0.000	79.135	( 0 )	00000011-000001100000111111000001111111110000100000100000111111111111-1101010--0--1-110000000001000000000100001011011111111000-000011100000010000111001111000000000000000000111001010010101-0011111--1--1-0100000011111111111000100111001001 0 1
151	0.000	79.135	( 0 )	00000011-000001100000111111000001111111110000100000100000111111111111-1101010--0--1-110000000001000000000100001011011111111000-000011100000010000111001111000000000000000000111001010010101-0011111--1--1-0100000011111111111000100111001001 0 0
153	0.000	83.383	( 0 )	00000011-000001100000111111000001111111110000100000100000111111111111-1101010--0--1-110000000001000000000100001011011111111000-000011100000010000111111111101000000100000000111001010010101-0011111--1--1-0100000011111111111000100111001001 0 5
154	0.000	83.383	( 0 )	00000011-000001100000111111000001111111110000100000100000111111111111-1101010--0--1-110000000001000000000100001011011111111000-000011100000010000111111111101000000100000000111001010010101-0011111--1--1-0100000011111111111000100111001001 0 0
166	0.000	105.994	( 0 )	00000011-000001100000111111000001111111110000100000100000111111111111-1101010--0--1-110000000001000000000100001011011101000000-000011111111010000111111111101001110100000000111001010010111-0011111--1--0-0000000000000111100110100111001000 0 25
150	0.000	126.574	( 0 )	00000011-000001100000111111000001111111110000100000100000111111111111-1101010--0--1-110000000001000000000100001011011100000000-111110011111111001110111111101101110110000000111001010111111-0001101--1--0-0000010000000111100110111111111010 0 23
