#java OrderMarkers2 map=/flash/EconomoU/Nurit/lepmap/lepmap_varroa/Q40BIALLDP16HDP40mis.5Chr7.Sites_11_01/map_202.txt data=/flash/EconomoU/Nurit/lepmap/lepmap_varroa/Q40BIALLDP16HDP40mis.5Chr7.Sites_11_01/data_f.call useKosambi=1 numMergeIterations=100 sexAveraged=0 outputPhasedData=2 grandparentPhase=1 recombination1=0 recombination2=0.01 chromosome=7 randSeed=-5565085289508619476
#*** LG = 7 likelihood = -10168.8639
#marker_number	male_position	female_position	( 0.0 )[	phased data]
195	0.000	0.000	( 0 )	01100000000000010000011111111111000010111011111111000000011111110011011111111101100000111111111111100111110000000000110000011010100100000000111100000011111100100011111111000001111111111110000011111110000011111111111100101000011011000110 0 0
199	0.000	5.960	( 0 )	01100000000000010000011111111111000010111011111111000000011111110011011111111101100000111111111111100111110000000000110000011010100110000000111100000011111100100011111111000001111111111110000011111110111111111111111101111000011011000110 0 7
197	0.000	5.960	( 0 )	01100000000000010000011111111111000010111011111111000000011111110011011111111101100000111111111111100111110000000000110000011010100110000000111100000011111100100011111111000001111111111110000011111110111111111111111101111000011011000110 0 0
196	0.000	5.960	( 0 )	01100000000000010000011111111111000010111011111111000000011111110011011111111101100000111111111111100111110000000000110000011010100110000000111100000011111100100011111111000001111111111110000011111110111111111111111101111000011011000110 0 0
200	0.000	6.808	( 0 )	01100000000000010000011111111111000010111011111111000000011111110011011111111101100000111111111111100111110000000000110000011010000110000000111100000011111100100011111111000001111111111110000011111110111111111111111101111000011011000110 0 1
192	0.000	10.203	( 0 )	01100000000000010000011111111111000010111011111111000000011111110011011111111101100000111111111111100111110000000000110000011011001110000001110100000011111100100011111111000001111111111110000011111110111111111111111101111000011011000110 0 4
193	0.000	11.050	( 0 )	01100000000000010000011111111111000010111011111111000000011111110011011111111101100000111111111111100111110000000000110000011011001010000001110100000011111100100011111111000001111111111110000011111110111111111111111101111000011011000110 0 1
194	0.000	11.050	( 0 )	01100000000000010000011111111111000010111011111111000000011111110011011111111101100000111111111111100111110000000000110000011011001010000001110100000011111100100011111111000001111111111110000011111110111111111111111101111000011011000110 0 0
202	0.000	17.011	( 0 )	01100000000000010000011111111111000010111011111111000000011111110011011111111101100000111111111111100111110000000000110000011011000010000001-10100000011111111100011111111000001111111111110000011111110111110111011111101111000011-11000110 0 7
170	0.000	30.918	( 0 )	01100000000000010000011111111111000010111011111111000000011111110011011111111101100000111111111111100111110000000000110000011011000010100111010100000111110111100011111100001001011111111110010011111100111100110011110111111000011111000100 0 16
191	0.000	41.231	( 0 )	01100000000000010000011111111111000010111011111111000000011111110011011111111101100000111111111111100111110000000000110000011011000110101111010000000111110111110000011000001001011011111110010011011100111100110011110111111001011111000101 0 12
187	0.000	49.788	( 0 )	011000000000000100000111111111110000101110111111110000000111111100110111111111011000001111111111111001111100000000001100000110110001101111110100000011111101111101000-000000100001101111111001001100110011110011-011010111111001011111001101 0 10
188	0.000	54.036	( 0 )	01100000000000010000011111111111000010111011111111000000011111110011011111111101100000111111111111100111110000000000110000011011000110111110000000001111110111110100000000001000011011111110000011001100111100111011010111111001011111111101 0 5
168	0.000	64.349	( 0 )	01100000000000010000011111111111000010111011111111000000011111110011011111111101100000111111111111100111110000000000110001111010000110111110000010001111110111110100000011101000010001111110000011001100111110111001010111111001011111111100 0 12
190	0.000	73.781	( 0 )	0110000000000001000001111111111100001011101111111100000001111111001101111111110110000011111111111110011111000000000011100111101000011011111000011000001111111111010000001110000000000-11111000001100110011111011110-01011111100101111-111100 0 11
189	0.000	81.469	( 0 )	011000000000000100000111111111110000101110111111110000000111111100110111111111011000001111111111111001111100000000001110011110100001101111111101100000111111001101000000111000000000001110100000110011001111101-110-01011110000101111-111100 0 9
167	0.000	90.901	( 0 )	01100000000000010000011111111111000010111011111111000000011111110011011111111101100000111111111111100111110000000000111001111010000110011111110110000010110100101100000011100000000000111010000001000000111110101100010101100000011110110100 0 11
198	0.000	98.588	( 0 )	011000000000000100000111111111110000101110111111110000000111111100110111111111011000001111111111111001111100000000001110011111101001100111111101100000000001000011000000111100000-000011101000000-000000111110101100010101100000011110110100 0 9
201	0.000	101.133	( 0 )	011000000000000100000111111111110000101110111111110000000111111100110111111111011000001111111111111001111100000000001110011111101001100111111111100000000001000011000000111100000-000011101000000-000000111110101100010101100000010010110100 0 3
186	0.000	110.565	( 0 )	011000000000000100000111111111110000101110111111110000000111111100110111111111011000001111111111111001111100000000001110011111101001100111111111111000000001000011000000111100000-000011101011110000000011111110110001-101100111010010110100 0 11
183	0.000	127.261	( 0 )	011000000000000100000111111111110000101110111111110000000111111100110111111111011000001111111111111001111100000000001110011011100001100000011111111100000001100011000000111100000-000011001111110010000011111110110001-111111111000000000000 0 19
185	0.000	127.261	( 0 )	011000000000000100000111111111110000101110111111110000000111111100110111111111011000001111111111111001111100000000001110011011100001100000011111111100000001100011000000111100000-000011001111110010000011111110110001-111111111000000000000 0 0
184	0.000	127.261	( 0 )	011000000000000100000111111111110000101110111111110000000111111100110111111111011000001111111111111001111100000000001110011011100001100000011111111100000001100011000000111100000-000011001111110010000011111110110001-111111111000000000000 0 0
182	0.000	128.956	( 0 )	011000000000000100000111111111110000101110111111110000000111111100110111111111011000001111111111111001111100000000001110011011100001100000011111011100000001100011000000-11100000-000011001111110010000011111110110001-111111111000000000000 0 2
181	0.000	128.956	( 0 )	011000000000000100000111111111110000101110111111110000000111111100110111111111011000001111111111111001111100000000001110011011100001100000011111011100000001100011000000-11100000-000011001111110010000011111110110001-111111111000000000000 0 0
180	0.000	133.204	( 0 )	011000000000000100000111111111110000101110111111110000000111111100110111111111011000001111111111111001111100000000001111111111100001100000011111011100000001100011000000-1110000--000011001111110010000011110110110001-111111111000000000000 0 5
177	0.000	149.899	( 0 )	01100000000000010000011111111111000010111011111111000000011111110011011111111101100000111111111111100111110000000000111111111110000110000001111101110000000110001100000001000001111111000001111100100000111100000011111111111111000000110000 0 19
176	0.000	150.747	( 0 )	01100000000000010000011111111111000010111011111111000000011111110011011111111101100000111111111111100111110000000000111111111110000110000001111101110000000110001100000000000001111111000001111100100000111100000011111111111111000000110000 0 1
178	0.000	150.747	( 0 )	01100000000000010000011111111111000010111011111111000000011111110011011111111101100000111111111111100111110000000000111111111110000110000001111101110000000110001100000000000001111111000001111100100000111100000011111111111111000000110000 0 0
175	0.000	150.747	( 0 )	01100000000000010000011111111111000010111011111111000000011111110011011111111101100000111111111111100111110000000000111111111110000110000001111101110000000110001100000000000001111111000001111100100000111100000011111111111111000000110000 0 0
179	0.000	150.747	( 0 )	01100000000000010000011111111111000010111011111111000000011111110011011111111101100000111111111111100111110000000000111111111110000110000001111101110000000110001100000000000001111111000001111100100000111100000011111111111111000000110000 0 0
174	0.000	154.995	( 0 )	01100000000000010000011111111111000010111011111111000000011111110011011111111101100000111111111111100111110000000000111111111110000110000001111101110000000110001110111100000001111111000001111100100000111100000011111111111111000000110000 0 5
173	0.000	155.842	( 0 )	01100000000000010000011111111111000010111011111111000000011111110011011111111101100000111111111111100111110000000000111111111110000110000001111101110000000100001110111100000001111111000001111100100000111100000011111111111111000000110000 0 1
172	0.000	167.043	( 0 )	01100000000000010000011111111111000010111011111111000000011111110011011111111101100000111111111111100111110000000000111111110001111110000001111100110000000100001110111100000001111111000001111000100000111100000011011001111101000000110000 0 13
171	0.000	169.587	( 0 )	01100000000000010000011111111111000010111011111111000000011111110011011111111101100000111111111111100111110000000000111111110001111110000001111100110000001101101110111100000001111111000001111000100000111100000011011001111101000000110000 0 3
169	0.000	182.584	( 0 )	01100000000000010000011111111111000010111011111111000000011111110011011111111101100000111111111111100111110000000000111111111111111110000001110000110000001111101110111101100001111111000000010000101001111100000011011001111101010100110000 0 15
