#java OrderMarkers2 map=/flash/EconomoU/Nurit/lepmap/lepmap_varroa/Q40BIALLDP16HDP40mis.5Chr7.Sites_11_01/map_202.txt data=/flash/EconomoU/Nurit/lepmap/lepmap_varroa/Q40BIALLDP16HDP40mis.5Chr7.Sites_11_01/data_f.call useKosambi=1 numMergeIterations=100 sexAveraged=0 outputPhasedData=2 grandparentPhase=1 recombination1=0.01 recombination2=0 chromosome=3 randSeed=-9051760826562622288
#*** LG = 3 likelihood = -6492.3372
#marker_number	male_position	female_position	( 0.0 )[	phased data]
98	0.000	0.000	( 0 )	010000000111100100000111111001000101-1-110000000000000000111111110111-110-00000001111110000011111101100111010001--0000101111000100111100000011111000110000-0-110000000000000000111111111111-101-11010101000001000011111111100010001011--0111 0 0
104	5.102	0.000	( 0 )	010000000111100100000000111001000000-1-110000000000000000111111110111-110-00000001111110000011111111100111010001--0000101111000100111100000011111000110000-0-110000000000000000111111111111-101-11010101000001000011111111100010001011--0111 6 0
103	5.950	0.000	( 0 )	010000000111100100000000111001000000-1-110000000000000000111111110111-110-00000001111110000011111111100111010011--0000101111000100111100000011111000110000-0-110000000000000000111111111111-101-11010101000001000011111111100010001011--0111 1 0
101	5.950	0.000	( 0 )	010000000111100100000000111001000000-1-110000000000000000111111110111-110-00000001111110000011111111100111010011--0000101111000100111100000011111000110000-0-110000000000000000111111111111-101-11010101000001000011111111100010001011--0111 0 0
107	5.950	0.000	( 0 )	010000000111100100000000111001000000-1-110000000000000000111111110111-110-00000001111110000011111111100111010011--0000101111000100111100000011111000110000-0-110000000000000000111111111111-101-11010101000001000011111111100010001011--0111 0 0
105	5.950	0.000	( 0 )	010000000111100100000000111001000000-1-110000000000000000111111110111-110-00000001111110000011111111100111010011--0000101111000100111100000011111000110000-0-110000000000000000111111111111-101-11010101000001000011111111100010001011--0111 0 0
100	5.950	0.000	( 0 )	010000000111100100000000111001000000-1-110000000000000000111111110111-110-00000001111110000011111111100111010011--0000101111000100111100000011111000110000-0-110000000000000000111111111111-101-11010101000001000011111111100010001011--0111 0 0
102	6.797	0.000	( 0 )	010000000111100100000000111001000000-1-110000000000000000111111110111-110-00100001111110000011111111100111010011--0000101111000100111100000011111000110000-0-110000000000000000111111111111-101-11010101000001000011111111100010001011--0111 1 0
106	9.342	0.000	( 0 )	010000000111100100000000111001000000-1-110000000000010000111111110111-110--0100001111110000011111111100-11010011--0000101111000100111100000011111000110000-0-110000000000000000111111111111-101-11010101000001000011111111100010001011--0111 3 0
108	12.737	0.000	( 0 )	010000000111100100000000111001000000-1-110000000000010000111111110111-110-11101011111110000011111111100001010011--0000101111000100111100000011111000110000-0-110000000000000000111111111111-101-11010101000001000011111111100010001011--0111 4 0
111	17.839	0.000	( 0 )	0100000000000-0100000000111001000000-1-110000000000010000111111110111-110-11101111111110000011111111100001010011--0000101111000100111100000011111000110000-0-110000000000000000111111111111-101-11010101000001000011111111100010001011--0111 6 0
118	18.687	0.000	( 0 )	010000000000010100000000111001000000-1-110000000000010000111111110111-110-11111111111110000011111111100001010011--0000101111000100111100000011111000110000-0-110000000000000000111111111111-101-11010101000001000011111111100010001011--0111 1 0
119	19.535	0.000	( 0 )	010000000000010100000000111001000000-1-110000000000000000111111110111-110-11111111111110000011111111100001010011--0000101111000100111100000011111000110000-0-110000000000000000111111111111-101-11010101000001000011111111100010001011--0111 1 0
122	19.535	0.000	( 0 )	010000000000010100000000111001000000-1-110000000000000000111111110111-110-11111111111110000011111111100001010011--0000101111000100111100000011111000110000-0-110000000000000000111111111111-101-11010101000001000011111111100010001011--0111 0 0
124	19.535	0.000	( 0 )	010000000000010100000000111001000000-1-110000000000000000111111110111-110-11111111111110000011111111100001010011--0000101111000100111100000011111000110000-0-110000000000000000111111111111-101-11010101000001000011111111100010001011--0111 0 0
123	19.535	0.000	( 0 )	010000000000010100000000111001000000-1-110000000000000000111111110111-110-11111111111110000011111111100001010011--0000101111000100111100000011111000110000-0-110000000000000000111111111111-101-11010101000001000011111111100010001011--0111 0 0
114	20.382	0.000	( 0 )	010000000000010100000000111001000000-1-110000000000000000111111110111-110-11111111111111000011111111100001010011--0000101111000100111100000011111000110000-0-110000000000000000111111111111-101-11010101000001000011111111100010001011--0111 1 0
120	20.382	0.000	( 0 )	010000000000010100000000111001000000-1-110000000000000000111111110111-110-11111111111111000011111111100001010011--0000101111000100111100000011111000110000-0-110000000000000000111111111111-101-11010101000001000011111111100010001011--0111 0 0
121	20.382	0.000	( 0 )	010000000000010100000000111001000000-1-110000000000000000111111110111-110-11111111111111000011111111100001010011--0000101111000100111100000011111000110000-0-110000000000000000111111111111-101-11010101000001000011111111100010001011--0111 0 0
112	21.230	0.000	( 0 )	010000000000000100000000111001000000-1-110000000000000000111111110111-110-11111111111111000011111111100001010011--0000101111000100111100000011111000110000-0-110000000000000000111111111111-101-11010101000001000011111111100010001011--0111 1 0
115	21.230	0.000	( 0 )	010000000000000100000000111001000000-1-110000000000000000111111110111-110-11111111111111000011111111100001010011--0000101111000100111100000011111000110000-0-110000000000000000111111111111-101-11010101000001000011111111100010001011--0111 0 0
110	22.077	0.000	( 0 )	010000000000000100000000111001000000-1-110000000000000000111111110111-110-11111111111110000011111111100001010011--0000101111000100111100000011111000110000-0-110000000000000000111111111111-101-11010101000001000011111111100010001011--0111 1 0
117	22.077	0.000	( 0 )	010000000000000100000000111001000000-1-110000000000000000111111110111-110-11111111111110000011111111100001010011--0000101111000100111100000011111000110000-0-110000000000000000111111111111-101-11010101000001000011111111100010001011--0111 0 0
113	22.077	0.000	( 0 )	010000000000000100000000111001000000-1-110000000000000000111111110111-110-11111111111110000011111111100001010011--0000101111000100111100000011111000110000-0-110000000000000000111111111111-101-11010101000001000011111111100010001011--0111 0 0
109	22.077	0.000	( 0 )	010000000000000100000000111001000000-1-110000000000000000111111110111-110-11111111111110000011111111100001010011--0000101111000100111100000011111000110000-0-110000000000000000111111111111-101-11010101000001000011111111100010001011--0111 0 0
116	22.925	0.000	( 0 )	010000000000000100000000111001010000-1-110000000000000000111111110111-110-11111111111110000011111111100001010011--0000101111000100111100000011111000110000-0-110000000000000000111111111111-101-11010101000001000011111111100010001011--0111 1 0
125	23.772	0.000	( 0 )	010000000000000100000000111001110000-1-110000000000000000111111110111-110-11111111111110000011111111100001010011--0000101111000100111100000011111000110000-0-110000000000000000111111111111-101-11010101000001000011111111100010001011--0111 1 0
126	28.020	0.000	( 0 )	010000100000000100000000111001110000-1-110000000000000000111111110111-110-1111111111111001001111111110-001010011--0110101111000100111100000011111000110000-0-110000000000000000111111111111-101-11010101000001000011111111100010001011--0111 5 0
127	28.867	0.000	( 0 )	010000100000000100000000111001110000-1-110000000000000000111111110111-110-11111111111110010011111111101001010011--0111101111000100111100000011111000110000-0-110000000000000000111111111111-101-11010101000001000011111111100010001011--0111 1 0
128	30.563	0.000	( 0 )	010000111000000100000000111001110000-1-110000000000000000111111110111-110-11111111111110010011111111101001010011--0111101111000100111100000011111000110000-0-110000000000000000111111111111-101-11010101000001000011111111100010001011--0111 2 0
129	33.107	0.000	( 0 )	010000111000000100000000111001110000-1-110100000000000000111111110111-110-11111111111110010001011111101001010011--0111101111000100111100000011111000110000-0-110000000000000000111111111111-101-11010101000001000011111111100010001011--0111 3 0
97	47.934	0.000	( 0 )	010000111010000010000100111001110000-1-000110000000100000111111100-00-110-11111111111110010001011111101101010001--0000101111000100111100000011111000110000-0-110000000000000000111111111111-101-11010101000001000011111111100010001011--0111 17 0
93	56.491	0.000	( 0 )	010000111010000011111100011101110000-1-000110000000100000111111000000-010-11111111111110010001011110101101010001--1000101111000100111100000011111000110000-0-110000000000000000111111111111-101-11010101000001000011111111100010001011--0111 10 0
99	71.318	0.000	( 0 )	010000111010000011111100011101111111-1-000110110000101-000010-000000--010-1111111011111001000101-110101101110001--1000101111000100111100000011111000110000-0-110000000000000000111111111111-101-11010101000001000011111111100010001011--0111 17 0
130	75.565	0.000	( 0 )	010000111011000011111100011101--1111-1-00011011000-11110000100000000--010-11111110111110010001010110101101110001--1000101111000100111100000011111000110000-0-110000000000000000111111111111-101-11010101000001000011111111100010001011--0111 5 0
94	86.766	0.000	( 0 )	111111111011000011111111011101-01111-1-000110110001111100001000011111-010-11111110111100010001010110101101100001--1000101111000100111100000011111000110000-0-110000000000000000111111111111-101-11010101000001000011111111100010001011--0111 13 0
95	95.323	0.000	( 0 )	111111111011000011111111011101-01111-1-00-001111111111100001000011111-000--1111110111100010001010110111101100001--1000101111000100111100000011111000110000-0-110000000000000000111111111111-101-11010101000001000011111111100010001011--0111 10 0
96	103.880	0.000	( 0 )	011111111011001011111111011000001111-0-001001111111111100001000011111-001-01111110010000010101010110111101100001--1000101111000100111100000011111000110000-0-110000000000000000111111111111-101-11010101000001000011111111100010001011--0111 10 0
92	122.491	0.000	( 0 )	001111111011001011111111000000001111-0-001001111111111111000000001110-001-01111110000010111100000010011100111100--1000101111000100111100000011111000110000-0-110000000000000000111111111111-101-11010101000001000011111111100010001011--0111 21 0
