#java OrderMarkers2 map=/flash/EconomoU/Nurit/lepmap/lepmap_varroa/Q40BIALLDP16HDP40mis.5Chr7.Sites_11_01/map_202.txt data=/flash/EconomoU/Nurit/lepmap/lepmap_varroa/Q40BIALLDP16HDP40mis.5Chr7.Sites_11_01/data_f.call useKosambi=1 numMergeIterations=100 sexAveraged=0 outputPhasedData=2 grandparentPhase=1 recombination1=0.01 recombination2=0 chromosome=1 randSeed=6387142868127624977
#*** LG = 1 likelihood = -14329.4432
#marker_number	male_position	female_position	( 0.0 )[	phased data]
6	0.000	0.000	( 0 )	11111111100000000000011100010011000011111111000000000011111111111101111111000010001111011111000001111000110000001011111000110000000000111111110000000000001111111100000011011111111111000001111100000011010110111111110111111110100100110110 0 0
81	4.247	0.000	( 0 )	11111111100000000000011100011111000011111111000000000011111111111101111111000010001111011-11000001111000010000001111111000110000000000111111110000000000001111111100000011011111111111000001111100000011010110111111110111111110100100110110 5 0
7	4.247	0.000	( 0 )	11111111100000000000011100011111000011111111000000000011111111111101111111000010001111011011000001111000010000001111111000110000000000111111110000000000001111111100000011011111111111000001111100000011010110111111110111111110100100110110 0 0
9	4.247	0.000	( 0 )	11111111100000000000011100011111000011111111000000000011111111111101111111000010001111011011000001111000010000001111111000110000000000111111110000000000001111111100000011011111111111000001111100000011010110111111110111111110100100110110 0 0
10	4.247	0.000	( 0 )	11111111100000000000011100011111000011111111000000000011111111111101111111000010001111011011000001111000010000001111111000110000000000111111110000000000001111111100000011011111111111000001111100000011010110111111110111111110100100110110 0 0
8	4.247	0.000	( 0 )	11111111100000000000011100011111000011111111000000000011111111111101111111000010001111011011000001111000010000001111111000110000000000111111110000000000001111111100000011011111111111000001111100000011010110111111110111111110100100110110 0 0
3	6.792	0.000	( 0 )	11111111100000000000011100011-1100001111111100000000001111111111110-1111110000100011110110110000011110000100000-1111111000110000000000111111110000000000001111111100000011011111111111000001111100000011010110111111110111111110100100110110 3 0
1	6.792	0.000	( 0 )	11111111100000000000011100011-1100001111111100000000001111111111110-1111110000100011110110110000011110000100000-1111111000110000000000111111110000000000001111111100000011011111111111000001111100000011010110111111110111111110100100110110 0 0
2	6.792	0.000	( 0 )	11111111100000000000011100011-1100001111111100000000001111111111110-1111110000100011110110110000011110000100000-1111111000110000000000111111110000000000001111111100000011011111111111000001111100000011010110111111110111111110100100110110 0 0
12	6.792	0.000	( 0 )	11111111100000000000011100011011000011111111000000000011111111111100111111000010001111011011000001111000010000011111111000110000000000111111110000000000001111111100000011011111111111000001111100000011010110111111110111111110100100110110 0 0
11	7.640	0.000	( 0 )	11111111100000000000011100011011000011111111000000000011111111111100111111000010001111011011000001111000010000111111111000110000000000111111110000000000001111111100000011011111111111000001111100000011010110111111110111111110100100110110 1 0
50	12.742	0.000	( 0 )	11111111100000100111111100011011000011111111000000000011111111111100111111000010001111111011000001111000010000111111111000110000000000111111110000000000001111111100000011011111111111000001111100000011010110111111110111111110100100110110 6 0
51	12.742	0.000	( 0 )	11111111100000100111111100011011000011111111000000000011111111111100111111000010001111111011000001111000010000111111111000110000000000111111110000000000001111111100000011011111111111000001111100000011010110111111110111111110100100110110 0 0
39	13.590	0.000	( 0 )	11111111100000110111111100011011000011111111000000000011111111111100111111000010001111111011000001111000010000111111111000110000000000111111110000000000001111111100000011011111111111000001111100000011010110111111110111111110100100110110 1 0
54	13.590	0.000	( 0 )	11111111100000110111111100011011000011111111000000000011111111111100111111000010001111111011000001111000010000111111111000110000000000111111110000000000001111111100000011011111111111000001111100000011010110111111110111111110100100110110 0 0
49	13.590	0.000	( 0 )	11111111100000110111111100011011000011111111000000000011111111111100111111000010001111111011000001111000010000111111111000110000000000111111110000000000001111111100000011011111111111000001111100000011010110111111110111111110100100110110 0 0
40	13.590	0.000	( 0 )	11111111100000110111111100011011000011111111000000000011111111111100111111000010001111111011000001111000010000111111111000110000000000111111110000000000001111111100000011011111111111000001111100000011010110111111110111111110100100110110 0 0
42	13.590	0.000	( 0 )	11111111100000110111111100011011000011111111000000000011111111111100111111000010001111111011000001111000010000111111111000110000000000111111110000000000001111111100000011011111111111000001111100000011010110111111110111111110100100110110 0 0
35	15.285	0.000	( 0 )	11111111100000111101111100011011000011111111000000000011111111111100111111000010001111111011000001111000010000111111111000110000000000111111110000000000001111111100000011011111111111000001111100000011010110111111110111111110100100110110 2 0
55	15.285	0.000	( 0 )	11111111100000111101111100011011000011111111000000000011111111111100111111000010001111111011000001111000010000111111111000110000000000111111110000000000001111111100000011011111111111000001111100000011010110111111110111111110100100110110 0 0
53	15.285	0.000	( 0 )	11111111100000111101111100011011000011111111000000000011111111111100111111000010001111111011000001111000010000111111111000110000000000111111110000000000001111111100000011011111111111000001111100000011010110111111110111111110100100110110 0 0
16	16.133	0.000	( 0 )	11111111100000111111111100011011000011111111000000000011111111111100111111000010001111111011000001111000010000111111111000110000000000111111110000000000001111111100000011011111111111000001111100000011010110111111110111111110100100110110 1 0
32	16.980	0.000	( 0 )	11111111100000111111111100011011000011111111000000000011111111111100111111000010001111101011000001111000010000111111111000110000000000111111110000000000001111111100000011011111111111000001111100000011010110111111110111111110100100110110 1 0
34	16.980	0.000	( 0 )	11111111100000111111111100011011000011111111000000000011111111111100111111000010001111101011000001111000010000111111111000110000000000111111110000000000001111111100000011011111111111000001111100000011010110111111110111111110100100110110 0 0
18	16.980	0.000	( 0 )	11111111100000111111111100011011000011111111000000000011111111111100111111000010001111101011000001111000010000111111111000110000000000111111110000000000001111111100000011011111111111000001111100000011010110111111110111111110100100110110 0 0
33	16.980	0.000	( 0 )	11111111100000111111111100011011000011111111000000000011111111111100111111000010001111101011000001111000010000111111111000110000000000111111110000000000001111111100000011011111111111000001111100000011010110111111110111111110100100110110 0 0
47	17.828	0.000	( 0 )	11111111100000111111111100011011000011111111000000000011111111111100111111000010001111111011000001111000010000111111111000110000000000111111110000000000001111111100000011011111111111000001111100000011010110111111110111111110100100110110 1 0
52	17.828	0.000	( 0 )	11111111100000111111111100011011000011111111000000000011111111111100111111000010001111111011000001111000010000111111111000110000000000111111110000000000001111111100000011011111111111000001111100000011010110111111110111111110100100110110 0 0
31	17.828	0.000	( 0 )	11111111100000111111111100011011000011111111000000000011111111111100111111000010001111111011000001111000010000111111111000110000000000111111110000000000001111111100000011011111111111000001111100000011010110111111110111111110100100110110 0 0
19	17.828	0.000	( 0 )	11111111100000111111111100011011000011111111000000000011111111111100111111000010001111111011000001111000010000111111111000110000000000111111110000000000001111111100000011011111111111000001111100000011010110111111110111111110100100110110 0 0
45	17.828	0.000	( 0 )	11111111100000111111111100011011000011111111000000000011111111111100111111000010001111111011000001111000010000111111111000110000000000111111110000000000001111111100000011011111111111000001111100000011010110111111110111111110100100110110 0 0
13	17.828	0.000	( 0 )	11111111100000111111111100011011000011111111000000000011111111111100111111000010001111111011000001111000010000111111111000110000000000111111110000000000001111111100000011011111111111000001111100000011010110111111110111111110100100110110 0 0
21	17.828	0.000	( 0 )	11111111100000111111111100011011000011111111000000000011111111111100111111000010001111111011000001111000010000111111111000110000000000111111110000000000001111111100000011011111111111000001111100000011010110111111110111111110100100110110 0 0
27	17.828	0.000	( 0 )	11111111100000111111111100011011000011111111000000000011111111111100111111000010001111111011000001111000010000111111111000110000000000111111110000000000001111111100000011011111111111000001111100000011010110111111110111111110100100110110 0 0
20	17.828	0.000	( 0 )	11111111100000111111111100011011000011111111000000000011111111111100111111000010001111111011000001111000010000111111111000110000000000111111110000000000001111111100000011011111111111000001111100000011010110111111110111111110100100110110 0 0
37	17.828	0.000	( 0 )	11111111100000111111111100011011000011111111000000000011111111111100111111000010001111111011000001111000010000111111111000110000000000111111110000000000001111111100000011011111111111000001111100000011010110111111110111111110100100110110 0 0
14	17.828	0.000	( 0 )	11111111100000111111111100011011000011111111000000000011111111111100111111000010001111111011000001111000010000111111111000110000000000111111110000000000001111111100000011011111111111000001111100000011010110111111110111111110100100110110 0 0
56	17.828	0.000	( 0 )	11111111100000111111111100011011000011111111000000000011111111111100111111000010001111111011000001111000010000111111111000110000000000111111110000000000001111111100000011011111111111000001111100000011010110111111110111111110100100110110 0 0
41	17.828	0.000	( 0 )	11111111100000111111111100011011000011111111000000000011111111111100111111000010001111111011000001111000010000111111111000110000000000111111110000000000001111111100000011011111111111000001111100000011010110111111110111111110100100110110 0 0
30	17.828	0.000	( 0 )	11111111100000111111111100011011000011111111000000000011111111111100111111000010001111111011000001111000010000111111111000110000000000111111110000000000001111111100000011011111111111000001111100000011010110111111110111111110100100110110 0 0
43	17.828	0.000	( 0 )	11111111100000111111111100011011000011111111000000000011111111111100111111000010001111111011000001111000010000111111111000110000000000111111110000000000001111111100000011011111111111000001111100000011010110111111110111111110100100110110 0 0
48	17.828	0.000	( 0 )	11111111100000111111111100011011000011111111000000000011111111111100111111000010001111111011000001111000010000111111111000110000000000111111110000000000001111111100000011011111111111000001111100000011010110111111110111111110100100110110 0 0
29	17.828	0.000	( 0 )	11111111100000111111111100011011000011111111000000000011111111111100111111000010001111111011000001111000010000111111111000110000000000111111110000000000001111111100000011011111111111000001111100000011010110111111110111111110100100110110 0 0
15	17.828	0.000	( 0 )	11111111100000111111111100011011000011111111000000000011111111111100111111000010001111111011000001111000010000111111111000110000000000111111110000000000001111111100000011011111111111000001111100000011010110111111110111111110100100110110 0 0
25	17.828	0.000	( 0 )	11111111100000111111111100011011000011111111000000000011111111111100111111000010001111111011000001111000010000111111111000110000000000111111110000000000001111111100000011011111111111000001111100000011010110111111110111111110100100110110 0 0
44	17.828	0.000	( 0 )	11111111100000111111111100011011000011111111000000000011111111111100111111000010001111111011000001111000010000111111111000110000000000111111110000000000001111111100000011011111111111000001111100000011010110111111110111111110100100110110 0 0
36	17.828	0.000	( 0 )	11111111100000111111111100011011000011111111000000000011111111111100111111000010001111111011000001111000010000111111111000110000000000111111110000000000001111111100000011011111111111000001111100000011010110111111110111111110100100110110 0 0
46	17.828	0.000	( 0 )	11111111100000111111111100011011000011111111000000000011111111111100111111000010001111111011000001111000010000111111111000110000000000111111110000000000001111111100000011011111111111000001111100000011010110111111110111111110100100110110 0 0
22	18.675	0.000	( 0 )	11111111110000111111111100011011000011111111000000000011111111111100111111000010001111111011000001111000010000111111111000110000000000111111110000000000001111111100000011011111111111000001111100000011010110111111110111111110100100110110 1 0
38	18.675	0.000	( 0 )	11111111110000111111111100011011000011111111000000000011111111111100111111000010001111111011000001111000010000111111111000110000000000111111110000000000001111111100000011011111111111000001111100000011010110111111110111111110100100110110 0 0
17	18.675	0.000	( 0 )	11111111110000111111111100011011000011111111000000000011111111111100111111000010001111111011000001111000010000111111111000110000000000111111110000000000001111111100000011011111111111000001111100000011010110111111110111111110100100110110 0 0
28	19.523	0.000	( 0 )	01111111110000111111111100011011000011111111000000000011111111111100111111000010001111111011000001111000010000111111111000110000000000111111110000000000001111111100000011011111111111000001111100000011010110111111110111111110100100110110 1 0
23	19.523	0.000	( 0 )	01111111110000111111111100011011000011111111000000000011111111111100111111000010001111111011000001111000010000111111111000110000000000111111110000000000001111111100000011011111111111000001111100000011010110111111110111111110100100110110 0 0
57	19.523	0.000	( 0 )	01111111110000111111111100011011000011111111000000000011111111111100111111000010001111111011000001111000010000111111111000110000000000111111110000000000001111111100000011011111111111000001111100000011010110111111110111111110100100110110 0 0
26	21.218	0.000	( 0 )	01111111110000111111111100011011000011111111000000000011111111111100110110000010001111111011000001111000010000111111111000110000000000111111110000000000001111111100000011011111111111000001111100000011010110111111110111111110100100110110 2 0
24	22.066	0.000	( 0 )	01111111110000111111111100011011000010111111000000000011111111111100110110000010001111111011000001111000010000111111111000110000000000111111110000000000001111111100000011011111111111000001111100000011010110111111110111111110100100110110 1 0
5	40.677	0.000	( 0 )	0000111111-00011111111110001111100000010111100000000001111111111110010000000001000101-011011010100000000010000110011111000110000000000111111110000000000001111111100000011011111111111000001111100000011010110111111110111111110100100110110 21 0
4	42.372	0.000	( 0 )	00001111111000111111111100011111000000101111000000-00011111111111000100000000010001010011011010100000000010000110011111000110000000000111111110000000000001111111100000011011111111111000001111100000011010110111111110111111110100100110110 2 0
75	62.952	0.000	( 0 )	000011111110011111111111000111110001000-0111111111-00011111111111011100000-101111-1010011001000-00000000010000110010111000110000000000111111110000000000001111111100000011011111111111000001111100000011010110111111110111111110100100110110 23 0
78	72.385	0.000	( 0 )	00001110111--111111111110001-111000100010111111111--0-111111111110111000001101111-101001-00-000010000001110000110010011000110000000000111111110000000000001111111100000011011111111111000001111100000011010110111111110111111110100100110110 11 0
80	86.292	0.000	( 0 )	0000001001111101111110110001011100010001011111111111-11110110000101110000011010101101000-000000010010001110000110010011000110000000000111111110000000000001111111100000011011111111111000001111100000011010110111111110111111110100100110110 16 0
79	87.140	0.000	( 0 )	0000001001111101111110-00001011100010001011111111111111110110000101110000011010101101000-000000010010001110000110010011000110000000000111111110000000000001111111100000011011111111111000001111100000011010110111111110111111110100100110110 1 0
74	101.047	0.000	( 0 )	0000001011111101011110000001111110010001001110111110110000110000101110000011111101101000-00010101001000111-000110010011000110000000000111111110000000000001111111100000011011111111111000001111100000011010110111111110111111110100100110110 16 0
76	111.360	0.000	( 0 )	0000001011111101000000001001111110010001001110111110110000010000101110001011111101101000-00011111000000101-000100010011000110000000000111111110000000000001111111100000011011111111111000001111100000011010110111111110111111110100100110110 12 0
77	125.267	0.000	( 0 )	0010001010101000000000001001-11110010000001110111100100000010000100110101011111101101001-0001111100000000111111000100-1000110000000000111111110000000000001111111100000011011111111111000001111100000011010110111111110111111110100100110110 16 0
61	144.856	0.000	( 0 )	01100000001000000000000011110001111100000011111111001000011111110000101010111111011010010000111010000000011111100000001000110000000000111111110000000000001111111100000011011111111111000001111100000011010110111111110111111110100100110110 22 0
60	148.251	0.000	( 0 )	01100000001000000000000011100000111100000011111111001000011111110000001010111111011010010000111010000000011111000000001000110000000000111111110000000000001111111100000011011111111111000001111100000011010110111111110111111110100100110110 4 0
62	149.098	0.000	( 0 )	01100000000000000000000011100000111100000011111111001000011111110000001010111111011010010000111010000000011111000000001000110000000000111111110000000000001111111100000011011111111111000001111100000011010110111111110111111110100100110110 1 0
65	149.098	0.000	( 0 )	01100000000000000000000011100000111100000011111111001000011111110000001010111111011010010000111010000000011111000000001000110000000000111111110000000000001111111100000011011111111111000001111100000011010110111111110111111110100100110110 0 0
58	149.098	0.000	( 0 )	01100000000000000000000011100000111100000011111111001000011111110000001010111111011010010000111010000000011111000000001000110000000000111111110000000000001111111100000011011111111111000001111100000011010110111111110111111110100100110110 0 0
59	149.098	0.000	( 0 )	01100000000000000000000011100000111100000011111111001000011111110000001010111111011010010000111010000000011111000000001000110000000000111111110000000000001111111100000011011111111111000001111100000011010110111111110111111110100100110110 0 0
67	149.946	0.000	( 0 )	01100000000000000000000011100000111100000011111111001000011111110000001010111111011010010000111010000100011111000000001000110000000000111111110000000000001111111100000011011111111111000001111100000011010110111111110111111110100100110110 1 0
72	150.793	0.000	( 0 )	01100000000000000000000011100000111100000011111111001000011111110000001010111111011010010000111010000110011111000000001000110000000000111111110000000000001111111100000011011111111111000001111100000011010110111111110111111110100100110110 1 0
68	150.793	0.000	( 0 )	01100000000000000000000011100000111100000011111111001000011111110000001010111111011010010000111010000110011111000000001000110000000000111111110000000000001111111100000011011111111111000001111100000011010110111111110111111110100100110110 0 0
69	150.793	0.000	( 0 )	01100000000000000000000011100000111100000011111111001000011111110000001010111111011010010000111010000110011111000000001000110000000000111111110000000000001111111100000011011111111111000001111100000011010110111111110111111110100100110110 0 0
70	150.793	0.000	( 0 )	01100000000000000000000011100000111100000011111111001000011111110000001010111111011010010000111010000110011111000000001000110000000000111111110000000000001111111100000011011111111111000001111100000011010110111111110111111110100100110110 0 0
66	150.793	0.000	( 0 )	01100000000000000000000011100000111100000011111111001000011111110000001010111111011010010000111010000110011111000000001000110000000000111111110000000000001111111100000011011111111111000001111100000011010110111111110111111110100100110110 0 0
71	150.793	0.000	( 0 )	01100000000000000000000011100000111100000011111111001000011111110000001010111111011010010000111010000110011111000000001000110000000000111111110000000000001111111100000011011111111111000001111100000011010110111111110111111110100100110110 0 0
73	150.793	0.000	( 0 )	01100000000000000000000011100000111100000011111111001000011111110000001010111111011010010000111010000110011111000000001000110000000000111111110000000000001111111100000011011111111111000001111100000011010110111111110111111110100100110110 0 0
63	151.641	0.000	( 0 )	01100000000000000000000011100000111100000011111111001000011111110000001010111111010010010000111010000110011111000000001000110000000000111111110000000000001111111100000011011111111111000001111100000011010110111111110111111110100100110110 1 0
64	154.185	0.000	( 0 )	01110000000000000000000011100000111100000011111111001000011111110000001010111111010000010000111010000110011111000000011000110000000000111111110000000000001111111100000011011111111111000001111100000011010110111111110111111110100100110110 3 0
