#java OrderMarkers2 map=/flash/EconomoU/Nurit/lepmap/lepmap_varroa/Q40BIALLDP16HDP40mis.5Chr7.Sites_11_01/map_202.txt data=/flash/EconomoU/Nurit/lepmap/lepmap_varroa/Q40BIALLDP16HDP40mis.5Chr7.Sites_11_01/data_f.call useKosambi=1 numMergeIterations=100 sexAveraged=0 outputPhasedData=2 grandparentPhase=1 recombination1=0.01 recombination2=0 chromosome=7 randSeed=6605846659730970503
#*** LG = 7 likelihood = -10364.6241
#marker_number	male_position	female_position	( 0.0 )[	phased data]
169	0.000	0.000	( 0 )	11111111111111110000011100001110000011111011111111011100011111110000000100001010010110000000110110000111010101001100000110000000000000000001111111110100001111101111111100000001111111001101111111110110101111111111111111111111000000000010 0 0
167	19.588	0.000	( 0 )	1111110001111111000001111100110000001-0110111011110000010111111100000111100010000001-00000001101100001110100000011000-0110000000000000000001111111110100001111101111111100000001111111001101111111110110101111111111111111111111000000000010 22 0
171	19.588	0.000	( 0 )	11111100011111110000011111001100000010011011101111000001011111110000011110001000000100000000110110000111010000001100010110000000000000000001111111110100001111101111111100000001111111001101111111110110101111111111111111111111000000000010 0 0
172	22.133	0.000	( 0 )	11111100011111110000011111001100000000000011101111000001011111110000011110001000000100000000110110000111010000001100010110000000000000000001111111110100001111101111111100000001111111001101111111110110101111111111111111111111000000000010 3 0
170	33.333	0.000	( 0 )	111111-------11100000111110-11-000000000001110111100000-01111111000001111-00100000010000000011-11--00111-10000001100010110000000000000000001111111110100001111101111111100000001111111001101111111110110101111111111111111111111000000000010 13 0
173	35.029	0.000	( 0 )	11111111100001110000011111011110000000000011101111000000011111110000011111001000000100000000111111100111110000001100010110000000000000000001111111110100001111101111111100000001111111001101111111110110101111111111111111111111000000000010 2 0
174	35.877	0.000	( 0 )	11111111100001110000011111011110000000100011101111000000011111110000011111001000000100000000111111100111110000001100010110000000000000000001111111110100001111101111111100000001111111001101111111110110101111111111111111111111000000000010 1 0
175	40.124	0.000	( 0 )	11111111100001110000011111011110000000100011000000000000011111110000011111001000000100000000111111100111110000001100010110000000000000000001111111110100001111101111111100000001111111001101111111110110101111111111111111111111000000000010 5 0
178	40.124	0.000	( 0 )	11111111100001110000011111011110000000100011000000000000011111110000011111001000000100000000111111100111110000001100010110000000000000000001111111110100001111101111111100000001111111001101111111110110101111111111111111111111000000000010 0 0
176	40.124	0.000	( 0 )	11111111100001110000011111011110000000100011000000000000011111110000011111001000000100000000111111100111110000001100010110000000000000000001111111110100001111101111111100000001111111001101111111110110101111111111111111111111000000000010 0 0
179	40.124	0.000	( 0 )	11111111100001110000011111011110000000100011000000000000011111110000011111001000000100000000111111100111110000001100010110000000000000000001111111110100001111101111111100000001111111001101111111110110101111111111111111111111000000000010 0 0
177	40.972	0.000	( 0 )	11111111100001110000011111011110000000100011000000010000011111110000011111001000000100000000111111100111110000001100010110000000000000000001111111110100001111101111111100000001111111001101111111110110101111111111111111111111000000000010 1 0
180	58.619	0.000	( 0 )	11111111100001110000011111011110000000100011000000-1110000-101001100111111001000000100011011000111100111110000000000010110000000000000000001111111110100001111101111111100000001111111001101111111110110101111111111111111111111000000000010 20 0
181	62.014	0.000	( 0 )	10011011100001110000011111011110000000100011000000-11100000101001100111111001000000100111011000111100111110000000000010110000000000000000001111111110100001111101111111100000001111111001101111111110110101111111111111111111111000000000010 4 0
182	62.014	0.000	( 0 )	10011011100001110000011111011110000000100011000000-11100000101001100111111001000000100111011000111100111110000000000010110000000000000000001111111110100001111101111111100000001111111001101111111110110101111111111111111111111000000000010 0 0
184	62.861	0.000	( 0 )	10011011100001110000011111111110000000100011000000111100000101001100111111001000000100111011000111100111110000000000010110000000000000000001111111110100001111101111111100000001111111001101111111110110101111111111111111111111000000000010 1 0
183	62.861	0.000	( 0 )	10011011100001110000011111111110000000100011000000111100000101001100111111001000000100111011000111100111110000000000010110000000000000000001111111110100001111101111111100000001111111001101111111110110101111111111111111111111000000000010 0 0
185	62.861	0.000	( 0 )	10011011100001110000011111111110000000100011000000111100000101001100111111001000000100111011000111100111110000000000010110000000000000000001111111110100001111101111111100000001111111001101111111110110101111111111111111111111000000000010 0 0
186	82.450	0.000	( 0 )	1001111110100111-111111111111010000000000-11000000111100000101001111101111000000000100111011000111000001110100101101010110000000000000000001111111110100001111101111111100000001111111001101111111110110101111111111111111111111000000000010 22 0
191	92.763	0.000	( 0 )	1001111110100111-1111111111--010000000000-1100000011110000010100111110------00000001001-101100011100000---0100101101010110000000000000000001111111110100001111101111111100000001111111001101111111110110101111111111111111111111000000000010 12 0
201	92.763	0.000	( 0 )	1001111110100111-111111111100010000000000-11000000111100000101001111100000--0000000100101011000111000000000100101101010110000000000000000001111111110100001111101111111100000001111111001101111111110110101111111111111111111111000000000010 0 0
198	96.158	0.000	( 0 )	1001111110100111-1111111011000100000-0000-11000000111100000101001111100000--0000000100101011000111000000000111101101010110000000000000000001111111110100001111101111111100000001111111001101111111110110101111111111111111111111000000000010 4 0
189	109.155	0.000	( 0 )	10011110100001111111111101100010111110001101000000111000000101001111100000110011000100101-110-01110000000001111-1111010110000000000000000001111111110100001111101111111100000001111111001101111111110110101111111111111111111111000000000010 15 0
190	114.257	0.000	( 0 )	100111101000011111111000011000101111100011010000001110000001010-11111000001100110001001011110-01110001100001111-1111010110000000000000000001111111110100001111101111111100000001111111001101111111110110101111111111111111111111000000000010 6 0
168	119.360	0.000	( 0 )	00011110100001111111100000100011111110001101001000111010000101011111100000110011000100101110010111000110000111111111010110000000000000000001111111110100001111101111111100000001111111001101111111110110101111111111111111111111000000000010 6 0
188	127.917	0.000	( 0 )	0000011010000111111110000000001111111000110100100-110010001111111111100000110011000100001110110111000110000111111111010110000000000000000001111111110100001111101111111100000001111111001101111111110110101111111111111111111111000000000010 10 0
187	133.877	0.000	( 0 )	0000011010000111-111101100000011111110001101001-0-110010001111111111100000110011010100001110110111000110000111110011010110000000000000000001111111110100001111101111111100000001111111001101111111110110101111111111111111111111000000000010 7 0
202	149.633	0.000	( 0 )	0000011010000111000000110000001011111000100011111111000001111111111110000011011111010010111011111100011000011-110011110110000000000000000001111111110100001111101111111100000001111111001101111111110110101111111111111111111111000000000010 18 0
197	153.028	0.000	( 0 )	00000110100001110000001111000010111110001000111111110000011111111111100000110111110100111111111111000110000110110011110110000000000000000001111111110100001111101111111100000001111111001101111111110110101111111111111111111111000000000010 4 0
199	153.875	0.000	( 0 )	00000110100001110000001111000010111110001000111111110000011111111111100000111111110100111111111111000110000110110011110110000000000000000001111111110100001111101111111100000001111111001101111111110110101111111111111111111111000000000010 1 0
196	153.875	0.000	( 0 )	00000110100001110000001111000010111110001000111111110000011111111111100000111111110100111111111111000110000110110011110110000000000000000001111111110100001111101111111100000001111111001101111111110110101111111111111111111111000000000010 0 0
200	153.875	0.000	( 0 )	00000110100001110000001111000010111110001000111111110000011111111111100000111111110100111111111111000110000110110011110110000000000000000001111111110100001111101111111100000001111111001101111111110110101111111111111111111111000000000010 0 0
192	156.420	0.000	( 0 )	00000110110011110000011111000010111110001000111111110000011111111111100000111111110100111111111111000110000110110011110110000000000000000001111111110100001111101111111100000001111111001101111111110110101111111111111111111111000000000010 3 0
194	158.116	0.000	( 0 )	00000110110010110000011111000010111110001000111111110000011111111111100000111111110100111111111111000010000110110011110110000000000000000001111111110100001111101111111100000001111111001101111111110110101111111111111111111111000000000010 2 0
193	158.116	0.000	( 0 )	00000110110010110000011111000010111110001000111111110000011111111111100000111111110100111111111111000010000110110011110110000000000000000001111111110100001111101111111100000001111111001101111111110110101111111111111111111111000000000010 0 0
195	162.363	0.000	( 0 )	00000110110000000000011111000010111110001000111111110000011111111111100000111111100000111111111111000010000110110011110110000000000000000001111111110100001111101111111100000001111111001101111111110110101111111111111111111111000000000010 5 0
