#java OrderMarkers2 map=/flash/EconomoU/Nurit/lepmap/lepmap_varroa/Q40BIALLDP16HDP40mis.5Chr7.Sites_11_01/map_202.txt data=/flash/EconomoU/Nurit/lepmap/lepmap_varroa/Q40BIALLDP16HDP40mis.5Chr7.Sites_11_01/data_f.call useKosambi=1 numMergeIterations=100 sexAveraged=0 outputPhasedData=2 grandparentPhase=1 recombination1=0.01 recombination2=0 chromosome=6 randSeed=-3251543466916916076
#*** LG = 6 likelihood = -4880.4263
#marker_number	male_position	female_position	( 0.0 )[	phased data]
164	0.000	0.000	( 0 )	11110101-000000000000111111000111111111110001111110111000111111111111-1110000--0--1-111000001111100000011100000000110000000011-000001100000111111000001111111110000100000100000111111111111-1101010--0--1-1100000000010000000001000010110111 0 0
159	0.848	0.000	( 0 )	11110101-000000000000111111000111111111110001111110111000111111111111-1110000--0--1-110000001111100000011100000000110000000011-000001100000111111000001111111110000100000100000111111111111-1101010--0--1-1100000000010000000001000010110111 1 0
161	0.848	0.000	( 0 )	11110101-000000000000111111000111111111110001111110111000111111111111-1110000--0--1-110000001111100000011100000000110000000011-000001100000111111000001111111110000100000100000111111111111-1101010--0--1-1100000000010000000001000010110111 0 0
160	0.848	0.000	( 0 )	11110101-000000000000111111000111111111110001111110111000111111111111-1110000--0--1-110000001111100000011100000000110000000011-000001100000111111000001111111110000100000100000111111111111-1101010--0--1-1100000000010000000001000010110111 0 0
162	2.543	0.000	( 0 )	11110101-000000000000111111000111111101110001111110111000111111111111-1110000--0--0-110000001111100000011100000000110000000011-000001100000111111000001111111110000100000100000111111111111-1101010--0--1-1100000000010000000001000010110111 2 0
163	2.543	0.000	( 0 )	11110101-000000000000111111000111111101110001111110111000111111111111-1110000--0--0-110000001111100000011100000000110000000011-000001100000111111000001111111110000100000100000111111111111-1101010--0--1-1100000000010000000001000010110111 0 0
165	17.370	0.000	( 0 )	11110101-000000000000111001000111111000000000000100111000111111100100-1110100--0--0-010000001111100000011100000000110000000011-000001100000111111000001111111110000100000100000111111111111-1101010--0--1-1100000000010000000001000010110111 17 0
157	37.950	0.000	( 0 )	11110111-00001000000001-00000011001000000000000010001111-011111000100-1110101--1--0-011010001111100001011000000100000000000011-000001100000111111000001111111110000100000100000111111111111-1101010--0--1-1100000000010000000001000010110111 23 0
156	46.507	0.000	( 0 )	11111011-000010000000010000001110010000000000000101011111011111000100-0010101--1--0-011110011111100111011000000100000000000011-000001100000111111000001111111110000100000100000111111111111-1101010--0--1-1100000000010000000001000010110111 10 0
158	57.707	0.000	( 0 )	11111011-0000111000000100001111100100000000000001010111110-1010000100-0010101--1--0-011110011111100111100010011100000000000011-000001100000111111000001111111110000100000100000111111111111-1101010--0--1-1100000000010000000001000010110111 13 0
152	78.287	0.000	( 0 )	11111000-000011100000010000111001111000000000000000000111001010010101-0010111--1--1-010000001111111111100010011100100100000011-000001100000111111000001111111110000100000100000111111111111-1101010--0--1-1100000000010000000001000010110111 23 0
155	79.135	0.000	( 0 )	11111000-000011100000010000111001111000000000000000000111001010010101-0011111--1--1-010000001111111111100010011100100100000011-000001100000111111000001111111110000100000100000111111111111-1101010--0--1-1100000000010000000001000010110111 1 0
151	79.135	0.000	( 0 )	11111000-000011100000010000111001111000000000000000000111001010010101-0011111--1--1-010000001111111111100010011100100100000011-000001100000111111000001111111110000100000100000111111111111-1101010--0--1-1100000000010000000001000010110111 0 0
154	83.383	0.000	( 0 )	11111000-000011100000010000111111111101000000100000000111001010010101-0011111--1--1-010000001111111111100010011100100100000011-000001100000111111000001111111110000100000100000111111111111-1101010--0--1-1100000000010000000001000010110111 5 0
153	85.078	0.000	( 0 )	11111000-000011100000010000111111111101000000100000000111001010010101-0011111--1--1-01000000111111111--00010011100100100000011-000001100000111111000001111111110000100000100000111111111111-1101010--0--1-1100000000010000000001000010110111 2 0
166	105.658	0.000	( 0 )	01000000-000011111111010000111111111101001110100000000111001010010111-0011111--1--0-000000000000011110011010011100100000000011-000001100000111111000001111111110000100000100000111111111111-1101010--0--1-1100000000010000000001000010110111 23 0
150	126.238	0.000	( 0 )	00000000-111110011111111001110111111101101110110000000111001010111111-0001101--1--0-000001000000011110011011111111101000000011-000001100000111111000001111111110000100000100000111111111111-1101010--0--1-1100000000010000000001000010110111 23 0
