#java OrderMarkers2 map=/flash/EconomoU/Nurit/lepmap/lepmap_varroa/Q40BIALLDP16HDP40mis.5Chr7.Sites_00_01/map_611.txt data=/flash/EconomoU/Nurit/lepmap/lepmap_varroa/Q40BIALLDP16HDP40mis.5Chr7.Sites_00_01/data_f.call useKosambi=1 numMergeIterations=100 sexAveraged=0 outputPhasedData=2 grandparentPhase=1 recombination1=0.01 recombination2=0.01 chromosome=4 randSeed=4657341959777105723
#*** LG = 4 likelihood = -16076.2715
#marker_number	male_position	female_position	( 0.0 )[	phased data]
411	0.000	0.000	( 0 )	00000011000001111111100011111111000011101100111111010000000000101111100000000010111000111011101010000111001111100110000011001110000000000000110110101011001001010001101011010010010000101110000011000001001101110000111100000110000001101001 0 0
412	0.000	0.000	( 0 )	00000011000001111111100011111111000011101100111111010000000000101111100000000010111000111011101010000111001111100110000011001110000000000000110110101011001001010001101011010010010000101110000011000001001101110000111100000110000001101001 0 0
358	0.000	5.960	( 0 )	00000011000001111111100011111111000011101100111111010000000000101111100000000010111000111011101010000111001111100110000001001110001000000000110110101011001000010001101011010000010000101110000000000001001101110000111100000110000001101000 0 7
399	0.000	11.921	( 0 )	00000011000001111111100011111111000011101100111111010000000000101111100000000010111000111011101010000111001111100110000001001110001000000000110110100010001000010001101011010000010000111110000000000001001111110000111000000110000000001000 0 7
354	0.000	16.168	( 0 )	00000011000001111111100011111111000011101100111111010000000000101111100000000010111000111011101010000111001111100110000101101110001000000000110110100010001000010011101011110000010000111110000000000001000111110000111000000110000000001000 0 5
383	0.000	19.563	( 0 )	00000011000001111111100011111111000011101100111111010000000000101111100000000010111000111011101010000111001111100110000101101110001000000000110110100010001000000011101111110000010000111110000000000001000111111000111000000100000000001000 0 4
353	0.000	23.811	( 0 )	00000011000001111111100011111111000011101100111111010000000000101111100000000010111000111011101010000111001111100110000101101110001000000000110010100010011000000011101111110000000000111110000000000001000111111100111000001100000000001000 0 5
410	0.000	29.771	( 0 )	00000011000001111111100011111111000011101100111111010000000000101111100000000010111000111011101010000111001111100110001101101110000000000000110000100010010000000011111111110000000000111110000000000001000111111100111000011100000000001010 0 7
361	0.000	39.203	( 0 )	00000011000001111111100011111111000011101100111111010000000000101111100000000010111000111011101010000111001111100110001111111100000000000000110000100010010000000011111111110000000000111110000000001001000111101100100000011100111100001010 0 11
394	0.000	52.200	( 0 )	00000011000001111111100011111111000011101100111111010000000000101111100000000010111000111011101010000111001111100110001111111100000000111110000000000010010000010011111111110000000000111110000000001000000111001100000000011000111100001111 0 15
393	0.000	53.048	( 0 )	00000011000001111111100011111111000011101100111111010000000000101111100000000010111000111011101010000111001111100110001111111100000000111110000000000010010000010011111111110000000000111110000000001000000110001100000000011000111100001111 0 1
390	0.000	66.044	( 0 )	00000011000001111111100011111111000011101100111111010000000000101111100000000010111000111011101010000111001111100110001110100110000001111110000110110000000000010011111110110000000000111110000000000000000100001100000000011000111100101111 0 15
391	2.545	66.892	( 0 )	00000011000001111111100011111111000011101100111111011000000000001111100000000010111000111011101010000110001111100110001110100110000001111110000110110000000000011011111110110000000000111110000000000000000100001100000000011000111100101111 3 1
357	12.858	71.139	( 0 )	0000001100000111111-1---11111-1100-01110110011111101100000000000111110000-000010111--0111011101-10000110001111100-10--1100100110000001111110000110010000000000011111111110110000000000111110000000000000000100011100000000011001111100101111 12 5
392	13.705	74.535	( 0 )	00000011000001111110111111111011001011101100111111011000000000001111100001000010111110111011101110000110001111100-101111001001100000011111111001100100000000000111111111100100000000001111100000000000000001000111000000000110011111001-1111 1 4
398	26.702	83.967	( 0 )	000-0011000--1111110-111111110110-1-1110110011--110110000000000011111-0--1000010-11110111011101110000110--1--1100-10111101100010000101111111101110010000000000011111110110011-00000000111110000000000000000100010100001010111001111100111111 15 11
380	26.702	97.874	( 0 )	000-0011000--1111110-111111110110-1-1110110011--110110000000000011111-0--1000010-11110111011101110000110--1--1100-10111001000010100101111111111000010000000000011111010100011-00000010111010011000000000000010110100001110111001111100111111 0 16
348	27.550	104.696	( 0 )	000-0011000--1111110-111111110110-1-1110110011--110110000000000011111-0--1000010-11110111011101110000110--1--1100-10111001010010110101111111111000010000000000011111010000011100100110011010011000000000000010110100000111111001111100111111 1 8
382	27.550	112.383	( 0 )	000-0011000--1111110-111111110110-1-1110110011--110110000000000011111-0--1000010-11110111011101110000110--1--1100-10111001010010110101111111111011011010000100111111010000011100100110011010011001000000100010110100000111111001111101111111 0 9
407	27.550	118.343	( 0 )	000-0011000--1111110-111111110110-1-1110110011--110110000000000011111-0--1000010-11110111011101110000110--1--1100-10111001010010110101111111111011011010000110111111010000011100100110010000111001000010100110110100000111111001110101111111 0 7
364	27.550	129.544	( 0 )	000-0011000--1111110-111111110110-1-1110110011--110110000000000011111-0--1000010-11110111011101110000110--1--1100-10111011110010110101111111111011011010000110111011000010011000100110000000111001000010101110111100110111111101010101111111 0 13
387	27.550	134.646	( 0 )	00010011000111111110011111111011011111101100110011011000000000001111110111000010011110111011101110000110111001100010111011110011110111111111111011011010000110111011000011011000000110000000111001000010101110111100110111111101000101111101 0 6
347	32.652	144.959	( 0 )	0001001100011111---00111111110---1111-10--0011001101100000000-00111111011100001001111-11101110111-00-110111001-0001-110011110011110111011111111011011010000100111011000011111000000110000000111001010010101110001000100111111000001101111101 6 12
371	33.500	152.647	( 0 )	0001001100011111---00111111110---1111-10--0011001101100000000-00111111011100001001111-11101110111-00-110111001-0001-110011110011010111011111111010011010100100101011001011111100000110000000110001010010001110001000100111111000001101111100 1 9
360	35.195	163.847	( 0 )	0001001100011111---00111111110---1111-10--0011001101100000000-00111111011100001001111-11101110111-00-110111001-0001-110010110011010111011011111000010010101101101011001010111100100100000000100001010010001010000000000111111000001101111100 2 13
343	35.195	171.534	( 0 )	0001001100011111---00111111110---1111-10--0011001101100000000-00111111011100001001111-11101110111-00-110111001-0001-111010110011010101011011101000010010101101100010001010111000110100000000100011010010000010000000000111111000001101111100 0 9
405	36.043	179.221	( 0 )	0001001100011111---00111111110---1111-10--0011001101100000000-00111111011100001001111-11101110111-00-110111001-0001-111110110011111101011011101010010010101101100010011010101000110101000000100011010010010000000000000111111000001101111100 1 9
356	36.890	190.422	( 0 )	0001001100011111---00111111110---1111-10--0011001101100000000-00111111011100001001111-11101110111-00-110111001-0001-111110110010111111010011101010111010101111100010011010101000110101000000000011110011010100100000000111111100001101111101 1 13
349	36.890	194.670	( 0 )	0001001100011111---00111111110---1111-10--0011001101100000000-00111111011100001001111-11101110111-00-110111001-0001-1111101100101111110100111010101110101011111100101110101010101101010000000000111100110-0100100010000111111100001101111101 0 5
384	37.738	206.764	( 0 )	0001001100011111---00111111110---1111-10--0011001101100000000-00111111011100001001111-11101110111-00-110111001-0001-1111001100101101110100111010001110101011111100101101011000101101010000000000111100100-0100000010000111111000111101110101 1 14
385	38.585	212.725	( 0 )	0001001100011111---00111111110---1111-10--0011001101100000000-00111111011100001001111-11101110111-00-110111001-0001-111100110010100111010011101000111010111111110010110101100110110101000100000011110010000000000011001111111000111101110101 1 7
346	39.433	219.546	( 0 )	0001001100011111---00111111110---1111-10--0011001101100000000-00111111011100001001111-11101110111-00-110111001-0001-111100100010100111010111101010111010111110110010110101100110110101010100000011110011000001000011101111111000111101110101 1 8
366	40.281	227.234	( 0 )	0001001100011111---00111111110---1111-10--0011001101100000000-00111111011100001001111-11101110111-00-110111001-0001-111100100010100111110111101010111010111010110010110101110110111101010100001011110111100001000011101111111001111101111101 1 9
373	40.281	234.055	( 0 )	0001001100011111---00111111110---1111-10--0011001101100000000-00111111011100001001111-11101110111-00-110111001-0001-111100100010100111110111101010111010111010110010111110110111111101010100001011110111100001001000101111111001110101111101 0 8
395	40.281	241.742	( 0 )	0001001100011111---00111111110---1111-10--0011001101100000000-00111111011100001001111-11101110111-00-110111001-0001-111001100010100111110111101000101010111110100110111110111111111101010110001011110111100001001000101111111001110101111101 0 9
370	40.281	248.564	( 0 )	0001001100011111---00111111110---1111-10--0011001101100000000-00111111011100001001111-11101110111-00-110111001-0001-111001100010100011110111101100101110111110100110111010111111011101010110001011110111100001011000100111111001110101111111 0 8
381	40.281	254.524	( 0 )	0001001100011111---00111111110---1111-10--0011001101100000000-00111111011100001001111-11101110111-00-110111001-0001-1110011000101000011101111011001011101111101001100010101111110111011101100010111101111-0001011001100111111001110001111111 0 7
362	40.281	259.627	( 0 )	0001001100011111---00111111110---1111-10--0011001101100000000-00111111011100001001111-11101110111-00-110111001-0001-1110010000101000011101111011001011101011101001100010100111110111011111100010111101111-0001001001100111111001110001110111 0 6
379	40.281	263.022	( 0 )	0001001100011111---00111111110---1111-10--0011001101100000000-00111111011100001001111-11101110111-00-110111001-0001-111001000010100001010111101100101110101111100110001010011111011101111110001011110111110001001011100111111011110001110111 0 4
402	40.281	269.843	( 0 )	0001001100011111000001111111100011111010000011001101100000000-001111110111000010011111111011101111001110111001000011111001000011100001010111101100101110100111100110001010000011010100111110001011110111110001001011100111111011110001111111 0 8
351	54.188	276.665	( 0 )	-0-1---1000111-100000111-1-11-0011111010000011-01101100-00-00-001111--011100-010011111111011101111001--01110010-00-1-11001000011100001011111100100101110100111100110001010000011010100100010000011110111110011001011100111111111110001111111 16 8
408	55.035	287.866	( 0 )	-0-1---1000111-100000111-1-11-0011111010000011-01101100-00-00-001111--011100-010011111111011101111001--01110010-00-1-11001000011100001011111100100101000101110100110101110010011110100100000000011110110110011101011100111111110100001111111 1 13
386	55.035	292.968	( 0 )	-0-1---1000111-100000111-1-11-0011111010000011-01101100-00-00-001111--011100-010011111111011101111001--01110010-00-1-11001000011101001011111100100111000101110100110111110010011100100000000000011110110110011101011100111111110100001111110 0 6
372	55.883	301.525	( 0 )	-0-1---1000111-100000111-1-11-0011111010000011-01101100-00-00-001111--011100-010011111111011101111001--01110010-00-1-11011000011101011111111000100111000101110100110111110010111100100000000000011110110100011100011000111111010100101111110 1 10
403	55.883	306.628	( 0 )	-0-1---1000111-100000111-1-11-0011111010000011-01101100-00-00-001111--011100-010011111111011101111001--01110010-00-1-11011001011101011111111000100111000101111100110111111110111110100000000000011110110000011100011000111111010100101111110 0 6
378	55.883	310.875	( 0 )	-0-1---1000111-100000111-1-11-0011111010000011-01101100-00-00-001111--011100-010011111111011101111001--01110010-00-1-1101100101110101111111100010001100010011110011011111111011111010100000000001111011-000011100011010111111010100101111110 0 5
397	55.883	318.562	( 0 )	-0-1---1000111-100000111-1-11-0011111010000011-01101100-00-00-001111--011100-010011111111011101111001--01110010-00-1-1101100101111101111111100010001100000001111010001011111011111010100000000011111011-000011100011010111111010100101111111 0 9
363	55.883	325.384	( 0 )	-0-1---1000111-100000111-1-11-0011111010000011-01101100-00-00-001111--011100-010011111111011101111001--01110010-00-1-11011001111111011111111000100011000000011110100010111111111110101000000010111110111000000100000010111111010110101111111 0 8
374	56.730	332.206	( 0 )	-0-1---1000111-100000111-1-11-0011111010000011-01101100-00-00-001111--011100-010011111111011101111001--01110010-00-1-11011011111111011111111000110011000000111110110010111111111110101110000010111110111000000100000000111111010111101111111 1 8
368	56.730	335.601	( 0 )	-0-1---1000111-100000111-1-11-0011111010000011-01101100-00-00-001111--011100-010011111111011101111001--01110010-00-1-10111011111111011111111000110011000000111110110010111111111110101110000010111110111000000101000000111111010111111111111 0 4
400	56.730	343.288	( 0 )	-0-1---1000111-100000111-1-11-0011111010000011-01101100-00-00-001111--011100-010011111111011101111001--01110010-00-1-10101011111111011111111100110011000000111110010010111111111111001110010000011110111100000101000000111111010111111111111 0 9
365	56.730	347.535	( 0 )	-0-1---1000111-100000111-1-11-0011111010000011-01101100-00-00-001111--011100-010011111111011101111001--01110010-00-1-10101011111111011111111100110011100000111110010010111111111111001100010100011110111100010001000000111111010111111111111 0 5
406	56.730	351.783	( 0 )	-0-1---1000111-100000111-1-11-0011111010000011-01101100-00-00-001111--011100-010011111111011101111001--01110010-00-1-10101011111111010111111101110111100000111110010010111011111111001100010100011110111100010001000000111111010111111111101 0 5
345	57.578	361.215	( 0 )	-0-1---1000111-100000111-1-11-0011111010000011-01101100-00-00-001111--011100-010011111111011101111001--01110010-00-1-10101011111111010111011111100101100000101110011010101011111111001100011100011110111100011001000000111101000111111111101 1 11
409	57.578	367.175	( 0 )	-0-1---1000111-100000111-1-11-0011111010000011-01101100-00-00-001111--011100-010011111111011101111001--01110010-00-1-10101011111111010110011111100101100101101110011110100001111111011100011100011110111100011001000000111101000111111111101 0 7
404	57.578	373.136	( 0 )	-0-1---1000111-100000111-1-11-0011111010000011-01101100-00-00-001111--011100-010011111111011101111001--01110010-00-1-10101011111111010010011111000101110111101110011110100001111111111100111100011010111100011001000000111101000111111111101 0 7
352	57.578	379.096	( 0 )	10-11101000111010000011101011100111110100000111011011001001001001111000111001010011111111011101111001000111001010001011101011111111010010011111000101110111101100011110100001111111111100111100011010110100011001001000111100000111111110001 0 7
401	61.825	385.056	( 0 )	10-1110100011101000001110101110011111010000-111011011-01001001001111000111001010011111111-1110--11001000111001010001011101011111111010010011111100101010111101100011110100001011011111100111100011010110100010000001000111110000111111110001 5 7
350	61.825	390.158	( 0 )	10-1110100011101000001110101110011111010000-111011011-01001001001111000111001010011111111-1110--11001000111001010001011101011111110010010111111100101010111101100011110111001011011011100111100011010110100010000001000111110100111111110001 0 6
396	61.825	396.980	( 0 )	10111101000111010000011101011100111110100001111011011-01001001001111000111001010011111111111100011001000111001010001011101111111100010010111111000101010111101100011110111000011011011100111100011010110100010000001000011010100111110110011 0 8
367	69.513	401.228	( 0 )	1011110100011101-0000111010111001111101-0--11110110-1-0100100100-11-00011100101001-11111-111100011001000111001010001011101111111100010011111011000100010111101100011010111000011011011100111110011010110100010000001000011010100111110110011 9 5
376	69.513	406.330	( 0 )	1011110100011101-0000111010111001111101-0--11110110-1-0100100100-11-00011100101001-11111-111100011001000111001010001011101111111100010011100011000100000011101100011010111000011011011100111110011010110100000000001000011010100111110110010 0 6
344	69.513	413.152	( 0 )	10111101000111011000011101011100111110110111111011001101001001000110000111001010010111110111100011001000111001010001011101111111100000011100011000100000001111100001010111000011011011100111111011010110100000000001000001010110111100110010 0 8
355	97.546	419.973	( 0 )	1011110-0--11101100001110-0--1001111-0-10111-110--0011-1--1--10-0110000111--101-010111--01---000-1--100011-00-010001011101111111101000011100011000000000001111100000010111001111111011100111111011011110101000000001000001010110111100110010 30 8
389	106.103	425.076	( 0 )	00110100011111111000000100000100111100010111011000001111111111110110000111111011110111000100000001111000000000000001011101111111101000011100001000000000001111100000000011001111111111101111111011011110101000000001000001000110111100110010 10 6
342	106.103	433.633	( 0 )	00110100011111111000000100000100111100010111011000001111111111110110000111111011110111000100000001111000000000000001011101111111111000001000001000000000001111100000000011001111111111111110111010011110001000010001000001000111111100100010 0 10
369	106.103	445.728	( 0 )	00110100011111111000000100000100111100010111011000001111111111110110000111111011110111000100000001111000000000000001011111110111111100101000001000001000001111110000000011000101111111111110011010011110001100010101001000001111111100100010 0 14
377	106.103	451.688	( 0 )	00110100011111111000000100000100111100010111011000001111111111110110000111111011110111000100000001111000000000000001011111110111111100101000001000001100101111110000000010000100110111111110011010011110001100110101001000001111011100100010 0 7
359	106.103	458.510	( 0 )	00110100011111111000000100000100111100010111011000001111111111110110000111111011110111000100000001111000000000000001011111110111111100101000001000011100100111010000010010000100110111111110011010011110011100110111001010001111011101100010 0 8
388	106.103	467.942	( 0 )	00110100011111111000000100000100111100010111011000001111111111110110000111111011110111000100000001111000000000000001010111110111111100101000101000011100100011010010010110000100110111011110001010011111111100110111101010011111011101100010 0 11
375	106.103	469.638	( 0 )	00110100011111111000000100000100111100010111011000001111111111110110000111111011110111000100000001111000000000000001010111110101111100101000101010011100100011010010010110000100110111011110001010011111111100110111101010011111011101100010 0 2
