#java OrderMarkers2 map=/flash/EconomoU/Nurit/lepmap/lepmap_varroa/Q40BIALLDP16HDP40mis.5Chr7.Sites_00_01/map_611.txt data=/flash/EconomoU/Nurit/lepmap/lepmap_varroa/Q40BIALLDP16HDP40mis.5Chr7.Sites_00_01/data_f.call useKosambi=1 numMergeIterations=100 sexAveraged=0 outputPhasedData=2 grandparentPhase=1 recombination1=0.01 recombination2=0.01 chromosome=7 randSeed=-5210031564045281310
#*** LG = 7 likelihood = -14449.8792
#marker_number	male_position	female_position	( 0.0 )[	phased data]
570	0.000	0.000	( 0 )	11011111101011111111100011110110100011111111111011001110100001101100001111000010111111001111001101111101111110011101011010001110000111101110000010000000001010011101101000000000000000000111101100010000001001111110011111100110011111000000 0 0
549	0.000	4.247	( 0 )	11011111101011111111100011110110100011111111111011001110100001101100001111000010111111001111001101111101111110011101011010001110000111101110001010000000001010011101111100000000000000000111111100010000001001111110001111100110011111000000 0 5
575	0.000	11.069	( 0 )	11011111101011111111100011110110100011111111111011001110100001101100001111000010111111001111001101111101111110011101011011101110000111111110001110000000001010011111111100000000000000000111111100010000001011111110000111100111011111000000 0 8
576	0.000	12.765	( 0 )	11011111101011111111100011110110100011111111111011001110100001101100001111000010111111001111001101111101111110011101011011101110000111111110001110000000000010011111111100000000000000000111111100010000001011101110000111100111011111000000 0 2
577	0.000	14.460	( 0 )	11011111101011111111100011110110100011111111111011001110100001101100001111000010111111001111001101111101111110011101011011101110000111111110001110000000000010011111111100000000000000000111111100010000000011101100000111100111011111000000 0 2
574	14.827	17.005	( 0 )	1-011111101-1111111110001111-110-000-111-111-11011-0111-1000011011000011-10000101-111100-1--00110-1--1011-11100-1101011001101110000111111110001110000000000010011111111100000000000000000011111100000000000011101100000111100111011111000000 17 3
545	14.827	29.100	( 0 )	1-011111101-1111111110001111-110-000-111-111-11011-0111-1000011011000011-10000101-111100-1--00110-1--1011-11100-11010110000011-0100111111010001110010000000000010111111100000000000001000011111100000000000011101100000110-00101001-11000000 0 14
591	14.827	35.921	( 0 )	1-011111101-1111111110001111-110-000-111-111-11011-0111-1000011011000011-10000101-111100-1--00110-1--1011-11100-1101011000000100100111011010001110010100000000010011111100000000000001000011011100000001000011100100000110000101000011000000 0 8
583	15.674	41.024	( 0 )	1-011111101-1111111110001111-110-000-111-111-11011-0111-1000011011000011-10000101-111100-1--00110-1--1011-11100-1101011000000100100111011010001110010100000000010011111100001000000001001011011100000001000011010100000000000101000011000000 1 6
579	16.522	51.337	( 0 )	1001111110111111111110001111-1100000011101110110111011111000011011000011-100001010111100010000110010-1011-1110001101011000000100100111011010000110010100000000010001101101011010000101001011011100000001000011010000000000000001000010001001 1 12
593	16.522	58.159	( 0 )	10011111101111111111100011111110000001110111011011101111100001101100001101000010101111000100001100100101101110001101011000000101110111011010000110010100000000011101101101011110000101001111011100000000000011010000010000000001000010001001 0 8
589	27.722	59.854	( 0 )	1-0111111011111111111000111111100000011101110--0--10111110000--011000011010000-0-01111000-0000--001-010110111-001101011010000101110111011010000110010100000000011101101101011110000101001111011100000000000011010000010000000001100010001001 13 2
557	28.570	67.541	( 0 )	1-0111111011111111111000111111100000011101110--0--10111110000--011000011010000-0-01111000-0000--001-010110111-001101011010000101110001011010001110000100000000011101100001011110000001001111001100000000000011010000010000000001100010000001 1 9
578	28.570	71.789	( 0 )	1-0111111011111111111000111111100000011101110--0--10111110000--011000011010000-0-01111000-0000--001-010110111-001101011010000101110001011010001110000100000000011100000001011110000000000111001100000000000011000000010000000001100010000001 0 5
553	28.570	76.891	( 0 )	1-0111111011111111111000111111100000011101110--0--10111110000--011000011010000-0-01111000-0000--001-010110111-00110101101010010111000111101000111000010000000001110000000101111000000000001100100000000000000-000000010000000001100010000001 0 6
602	28.570	85.449	( 0 )	11011111101111111111100011111110000001110111000000101111100000001100001101000000001111000000000000110101101111001101011011100101110000111110001110000100000000011100000001111110000000000011001000000000000000000000000000100001100110110000 0 10
601	28.570	85.449	( 0 )	11011111101111111111100011111110000001110111000000101111100000001100001101000000001111000000000000110101101111001101011011100101110000111110001110000100000000011100000001111110000000000011001000000000000000000000000000100001100110110000 0 0
600	29.417	85.449	( 0 )	11011111101111111111100011111110000001110111000000101111100000001100001101000000001111000000000000110001101111001101011011100101110000111110001110000100000000011100000001111110000000000011001000000000000000000000000000100001100110110000 1 0
603	35.378	89.696	( 0 )	110111111-1111111111111100-111100000011101110000001011111000000011000011010000000011110000000000001100011011110011010110111001011100001111111100-0000100000000011100000001111110000000000011001000000000000000000000000000100001100110110000 7 5
605	35.378	90.544	( 0 )	11011111111111111111111100-111100000011101110000001011111000000011000011010000000011110000000000001100011011110011010110111001011110001111111100-0000100000000011100000001111110000000000011001000000000000000000000000000100001100110110000 0 1
608	35.378	90.544	( 0 )	11011111111111111111111100-111100000011101110000001011111000000011000011010000000011110000000000001100011011110011010110111001011110001111111100-0000100000000011100000001111110000000000011001000000000000000000000000000100001100110110000 0 0
607	35.378	92.239	( 0 )	11011111111111111111111100-111100000011101110000001011111000000011000011010000000011110000000000001100011011110011010110111001011110001111111100-000010-000000011100000001111110000000000011001000000000000000000000000000100001100100110000 0 2
604	37.073	93.087	( 0 )	11011111111111111111111110-111100010011101110000001011111000000011000011010000000011110000000000001100011011110011010110111001011111001111111100-0000101000000011100000001111110000000000011001000000000000000000000000000100001100100110000 2 1
609	43.033	94.782	( 0 )	1101111111111111111111111011111000100100011100000010111110000000110000110100000000111100000100000011010110101-001101011011100101111100111111110010000101000000111100000001111110000000000011001000000000000001000000000000100001100100110000 7 2
551	54.234	100.742	( 0 )	11-111111111-1111-11111110111110-0100100011---00-01011--100000001100001101000000-01111-0000100000011010110101-00----011011100001011100111111000010000101001000111000000001111110000000000011001000000000000001000000000000100001100100010000 13 7
556	55.082	101.590	( 0 )	11-111111111-1111-11111110111110-0100100011---00-01011--100000001100001101000000-01111-0000100000011010110101-00----011011100001011100111111000010000101001000111000000001111110000000000001001000000000000001000000000000100001100100010000 1 1
548	55.082	105.837	( 0 )	11-111111111-1111-11111110111110-0100100011---00-01011--100000001100001101000000-01111-0000100000011010110101-00----011010100001011100111111000010100101001000111000010011111110000000000001001000000000000001000000000000100001100100010100 0 5
560	55.082	109.233	( 0 )	11-111111111-1111-11111110111110-0100100011---00-01011--100000001100001101000000-01111-0000100000011010110101-00----011010100001011100110111000000100101001001111000010011111110000000000001001000000000000101000000000000100001100100010100 0 4
564	55.929	115.193	( 0 )	11-111111111-1111-11111110111110-0100100011---00-01011--100000001100001101000000-01111-0000100000011010110101-00----011110100001011100110111000000100101001001100010010011111010000000000001001000010000000101000000000000110001100100010100 1 7
590	56.777	122.014	( 0 )	1111111111110111101111111011111010100100011011001010110010000000110000110100000010111110000100000011010110101000-010011110100001011100110111000000110001001001100010110011111010000000000001001000011000000101000000000000110000110100-10110 1 8
587	65.334	129.702	( 0 )	111111-111--011110111111101111101-1--1000110110010101-001000000011----1101--000-1011-11000-10000001101-110-0-000-01001111010001101110011011100000011000100100110001011001111101001000-000001001010011000000101000000000111111000110101110110 10 9
598	65.334	137.389	( 0 )	111111-111--011110111111101111101-1--1000110110010101-001000000011----1101--000-1011-11000-10000001101-110-0-000-01001011010001101110011011100010011100100101110001011001111101001010-000001001110111000100100000000000111111000110101110110 0 9
550	66.181	148.589	( 0 )	111111-111--011110111111101111101-1--1000110110010101-001000000011----1101--000-1011-11000-10000001101-110-0-000-010010110100011010100100111011100111001011011100010111111111010110101000001000111111000100110000000000111111000100101110111 1 13
588	67.029	155.411	( 0 )	111111-111--011110111111101111101-1--1000110110010101-001000000011----1101--000-1011-11000-10000001101-110-0-000-0100101111000110101111001110111001110000110111100101-1111111010110101000000000111111000100010000000000111111001100101110111 1 8
580	67.876	165.724	( 0 )	111111-111--011110111111101111101-1--1000110110010101-001000000011----1101--000-1011-11000-10000001101-110-0-000-0100111111100111101111000110111001110000110111110101-1111111010110101000000001111110010000011000000010111111011100101110111 1 12
581	67.876	173.411	( 0 )	111111-111--011110111111101111101-1--1000110110010101-001000000011----1101--000-1011-11000-10000001101-110-0-000-010011111010011100111110011011100101000011011111010101111110010110101000000001111110010000011000000010111111011111101111111 0 9
546	68.724	180.233	( 0 )	111111-111--011110111111101111101-1--1000110110010101-001000000011----1101--000-1011-11000-10000001101-110-0-000-010011111010010100011110011011101001000011011111010101111100010100101000000001111110010000011000000010111111111111101111011 1 8
585	70.420	187.920	( 0 )	111111-111--011110111111101111101-1--1000110110010101-001000000011----1101--000-1011-11000-10000001101-110-0-000-010011111010010100001110011011101001000010101111010000111100010100101000000000111110010000001000000010111111111111101111010 2 9
569	70.420	193.023	( 0 )	111111-111--011110111111101111101-1--1000110110010101-001000000011----1101--000-1011-11000-10000001101-110-0-000-010011111010000100000110011011101001000010101111010000111100010100101000000000111010010000000000000010111111101111101111000 0 6
565	70.420	200.710	( 0 )	111111-111--011110111111101111101-1--1000110110010101-001000000011----1101--000-1011-11000-10000001101-110-0-000-010011111010000100000110111111101001010010100111010000111100110100101000000000010010010000000000000010111111101101101111100 0 9
611	70.420	207.531	( 0 )	111111-111--011110111111101111101-1--1000110110010101-001000000011----1101--000-1011-11000-10000001101-110-0-000-01001111000010010000011011111110100101-010100111010010111000110100101100000000010010000000000000000010111111101101101111101 0 8
547	71.267	213.492	( 0 )	111111-111--011110111111101111101-1--1000110110010101-001000000011----1101--000-1011-11000-10000001101-110-0-000-01001001000010010000011011111110100101-010101111010010111010110100100100000001010010100000000000000010111111101101101111101 1 7
552	71.267	220.313	( 0 )	111111-111--011110111111101111101-1--1000110110010101-001000000011----1101--000-1011-11000-10000001101-110-0-000-010010010000100100000110111011101001111010101111010000111010111100000100000001010010100000001001000010111111101101101111101 0 8
562	72.963	228.000	( 0 )	111111-111--011110111111101111101-1--1000110110010101-001000000011----1101--000-1011-11000-10000001101-110-0-000-010010010001100100000110111011101001111011001111010000111010011000000100000001010010100001001001000000111111100100101111101 2 9
566	72.963	233.961	( 0 )	111111-111--011110111111101111101-1--1000110110010101-001000000011----1101--000-1011-11000-10000001101-110-0-000-010010000001100100000010111011101100111011001110010000101010011000000100000001010010100001001001000000111111100100111111101 0 7
568	72.963	244.274	( 0 )	111111-111--011110111111101111101-1--1000110110010101-001000000011----1101--000-1011-11000-10000001101-110-0-000-0100100000111001000000101111111011101111110011100100011010100110000001000100010101111000010010010000001-1111101000110111101 0 12
554	72.963	250.234	( 0 )	111111011100011110111111101111101111-1000110110010101000100000001111111101110001101101100011000000110111100000000010010000011100100000010111111101110111111001110010001011010011000000111110001011111100001001001000000100111101000110111101 0 7
561	85.058	257.056	( 0 )	111-1-0111000111101111111-1111101111-1-0-11011-01--01000-00000001111111101110-01101-0-10001100000-11011-1000000000100-0000011100100000000111111111110111111001111011011011010011000000111110001111111110001001001000000100111101000110110101 14 8
595	85.058	263.016	( 0 )	1110100111000111101111111111111011111110111011101100100000000000111111110111010110100010001100000-110110100000000010000000011100100000000111111111110111111001111111111111010001000000111110001111111110001001001000000100111101000010110011 0 7
596	93.615	267.264	( 0 )	1110100111000111000-01111111111011111110101011101100000000000000111111110011111110100010-011100001110110100000000010000000011100100000000-01111111110111111001101111111111010001000000111110001111111110001011-01000000100111101000010110011 10 5
597	99.575	272.366	( 0 )	11101001110001110000011111011100111111101010111111000000000000001111111100111111101100111011100001110110100000000010000001111110100000000001111111110011111001101111111111010001000000111110001111111110001011101100100100111101000010110011 7 6
563	106.397	277.469	( 0 )	11101001-100011100000---110111001111111-10-011111100000000000000-111-111001111111-11001110111-000111011-100000000010000001111110100000000001101111110011111001101111111111010001000100111110001111111110001111101100101100111101000010010111 8 6
586	107.244	283.429	( 0 )	111010010100011100000000110111001111111110-0111111000000000000000111-111001111111-110011101111000111011110000000001000000111111010000000000000111111001111100110-11111111101000100010010111000111111111-001111101100101100111111010010010111 1 7
582	121.151	290.250	( 0 )	-110-0010100011100000000110-1-0-1111111110-01111110000000-------0111-111001111111-110011101111---1110111-000-00-0010-00001111110100000000000001111110011111000100111111111010001110101101110001111111111001111101100111100111011010011000111 16 8
606	125.399	299.683	( 0 )	01100001010001110000000011001001111111111000111111000000011111110111011100111111111100111011111111110111000010010010100000111110100000000000001111011011111000100011111111000001111111101110001111111111001111111111111100111011010011001111 5 11
599	128.794	301.378	( 0 )	01100001010011110000000000001001111111111000111111000000011111110111011100111111111100111011111111110111000010110010100000111110100000000000000011011011111000100011111111000001111111101110001111111111001111111111111100111011010011001111 4 2
573	134.754	307.339	( 0 )	0110000101001---00000000000010011111111110001111110-000001111111011101--001111111111001110111111111101110-0010110010100000111110100000000000000011011011111000100011111111010001101111111110001111111011001111110111111100111011110011101111 7 7
567	161.658	313.299	( 0 )	11010011110010000000000000011111011111101000111111111100011001111111100000000011011100111010111110110111011110110011000000111110110000000000000011011011111000100011111111010001101110111110000111111011001101010111111101111011110011111111 29 7
594	161.658	322.731	( 0 )	11010011110010000000000000011111011111101000111111111100011001111111100000000011011100111010111110110111011110110011000010111110110000000000010010011011011000101010011111011001101110111110000111111011001100010111111111111010110011111111 0 11
555	161.658	332.164	( 0 )	11010011110010000000000000011111011111101000111111111100011001111111100000000011011100111010111110110111011110110011000010111110110000010010011010011011011000101010010011011001101110110010000011111011000100010111110111111010100011111111 0 11
572	161.658	343.364	( 0 )	11010011110010000000000000011111011111101000111111111100011001111111100000000011011100111010111110110111011110110011000011111110111110010011011010011011011001101010010011011111111110100010100001111011000100010111110111111010100001111111 0 13
610	161.658	351.051	( 0 )	11010011110010000000000000011111011111101000111111111100011001111111100000000011011100111010111110110111011110110011000011111110111110110111011010111011011001101010010011111111111111100010100001111011001100011011110111111010000001111111 0 9
558	161.658	357.012	( 0 )	11010011110010000000000000011111011111101000111111111100011001111111100000000011011100111010111110110111011110110011000011011110111110110111011010111011011001101010000011111110111111110010110001111011001100011001110111111010000001110111 0 7
571	161.658	365.569	( 0 )	11010011110010000000000000011111011111101000111111111100011001111111100000000011011100111010111110110111011110110011001111010110111110110111111010111011011001101010000001111110111111110000110001111001001000111001111111111010000001110111 0 10
592	161.658	371.529	( 0 )	11010011110010000000000000011111011111101000111111111100011001111111100000000011011100111010111110110111011110110011001111010110111110110111111010111011011001111010001001100110101111110000110001111001001000111011111111111010100001110111 0 7
559	161.658	377.489	( 0 )	11010011110010000000000000011111011111101000111111111100011001111111100000000011011100111010111110110111011110110011001111010110111110110111111100111011011001111010001001100110101101110000110011111001001000110110111111111010100001110111 0 7
584	161.658	382.592	( 0 )	11010011110010000000000000011111011111101000111111111100011001111111100000000011011100111010111110110111011110110011001111010110111111110111110100111011011001111010001001100110101101010000110011111001111000110110101111111010100001110111 0 6
543	161.658	397.418	( 0 )	11010011110010000000000000011111011111101000111111111100011001111111100000000011011100111010111110110111011110110011001111001110111101110111110100110011011001111110011001101110101001000010111010111001111100110110101111111000000101110011 0 17
544	161.658	398.266	( 0 )	11010011110010000000000000011111011111101000111111111100011001111111100000000011011100111010111110110111011110110011001111001110111101110111110100110111011001111110011001101110101001000010111010111001111100110110101111111000000101110011 0 1
