#java OrderMarkers2 map=/flash/EconomoU/Nurit/lepmap/lepmap_varroa/Q40BIALLDP16HDP40mis.5Chr7.Sites_00_01/map_611.txt data=/flash/EconomoU/Nurit/lepmap/lepmap_varroa/Q40BIALLDP16HDP40mis.5Chr7.Sites_00_01/data_f.call useKosambi=1 numMergeIterations=100 sexAveraged=0 outputPhasedData=2 grandparentPhase=1 recombination1=0.01 recombination2=0.01 chromosome=3 randSeed=1701722334634946949
#*** LG = 3 likelihood = -26455.753
#marker_number	male_position	female_position	( 0.0 )[	phased data]
225	0.000	0.000	( 0 )	00000010010110010101100010100011000000111100110111000000011111110000010100000110110110101011111111111111010110111111100000000110100110111110001010001100000100010011111100000001111111000000101100000000100011101111111111111010110111110000 0 0
228	0.000	0.000	( 0 )	00000010010110010101100010100011000000111100110111000000011111110000010100000110110110101011111111111111010110111111100000000110100110111110001010001100000100010011111100000001111111000000101100000000100011101111111111111010110111110000 0 0
274	29.190	5.102	( 0 )	--00--10-10-10010-0--0001-10001100000-111-00--0--100000001111111-----1-100---11-110110101---11111111111-01011011-1111-0000000110100100111110001010101100000100110111111100000001111111000000101100000000100001101111110111111010110111110000 31 6
209	29.190	11.924	( 0 )	--00--10-10-10010-0--0001-10001100000-111-00--0--100000001111111-----1-100---11-110110101---11111111111-01011011-1111-0000000110100100011110001011101100000101110111011100000001111111000000100100000000100001001111110111111110110011110000 0 8
211	29.190	15.319	( 0 )	--00--10-10-10010-0--0001-10001100000-111-00--0--100000001111111-----1-100---11-110110101---11111111111-01011011-1111-0000000110100100011110000011101100000101110101011100000001111111000000100100000000100101001111110111111110110011010000 0 4
277	29.190	22.141	( 0 )	--00--10-10-10010-0--0001-10001100000-111-00--0--100000001111111-----1-100---11-110110101---11111111111-01011011-1111-0000000110100100011110000011101100000101110101011100000001111111010000100100000000100101001111111011000110110010000000 0 8
236	29.190	27.243	( 0 )	--00--10-10-10010-0--0001-10001100000-111-00--0--100000001111111-----1-100---11-110110101---11111111111-01011011-1111-0000000110000100011110000011101000000101110101011000000001111111010000100100000000100100001111111000000110110010000000 0 6
255	29.190	31.491	( 0 )	--00--10-10-10010-0--0001-10001100000-111-00--0--100000001111111-----1-100---11-110110101---11111111111-01011011-1111-0000000110000100011110000011101000000100110100010000000001111111010000100100000000100100010111111000000110110010000000 0 5
250	30.038	34.035	( 0 )	--00--10-10-10010-0--0001-10001100000-111-00--0--100000001111111-----1-100---11-110110101---11111111111-01011011-1111-0000000110000100011110000011111000000100110100000000000001111111010000100100000000100100010111111000000110110011000000 1 3
258	30.038	36.580	( 0 )	--00--10-10-10010-0--0001-10001100000-111-00--0--100000001111111-----1-100---11-110110101---11111111111-01011011-1111-0100000110000100011110000011111000000100110100000000000001111111010000100100000001100100010011111000000110110011000000 0 3
207	30.038	44.267	( 0 )	--00--10-10-10010-0--0001-10001100000-111-00--0--100000001111111-----1-100---11-110110101---11111111111-01011011-1111-0110000110000100011110000011111000000100011100000000000001111111010000100000000001110100010011111000011111010011000000 0 9
205	30.038	45.114	( 0 )	--00--10-10-10010-0--0001-10001100000-111-00--0--100000001111111-----1-100---11-110110101---11111111111-01011011-1111-0110000110000100011110000011111000000100011100000000000001111111010000100000000001110100010011111000011111000011000000 0 1
208	30.038	47.659	( 0 )	--00--10-1001001000000001110001100000-111000000001000000011111111-11111100111111110110101-00111111111110010110110111110110000110000100011110000011111000000100011100000000000001111111010000100000000001110101010011111000011111000011101000 0 3
206	30.038	49.355	( 0 )	11001110110010010000000011100011000001111000000001000000011111111111111100111111110110101100111111111110010110110111110110000110000100011110000011111000001100011100000000000001111111010000100000000001110101011011111000011111000011101000 0 2
253	32.582	63.262	( 0 )	11001110110010010000000-1110001100000111100000000-000000011111111111111100111111110-1010-1001111111111100-01101101111101100001000001000011100001111110000010000110000000000000011111011101101000010-0001110101011011111111011011000011101-00 3 16
216	32.582	70.949	( 0 )	11001110110010010000000-1110001100000111100000000-000000011111111111111100111111110-1010-1001111111111100-01101101111100110001000001000011000011110110000010000110000000000000011111011111101010010-0001110101011011111111111011000011101-01 0 9
323	32.582	78.636	( 0 )	11001110110010010000000-1110001100000111100000000-000000011111111111111100111111110-1010-1001111111111100-01101101111100110001000001100000001011110111000010000010000000000000011111011111101011010-0101110101011011111111111011000011101111 0 9
315	34.278	86.323	( 0 )	11001110110010010000000111100011000001111000000000000000011111111111111100111111110010100100111111111110000110110111110011000100000110000000101111011100001001100000000000000001111111101110101111011111110101010011111111111011000011101111 2 9
314	34.278	87.171	( 0 )	11001110110010010000000111100011000001111000000000000000011111111111111100111111110010100100111111111110000110110111110011000100000110000000101110011100001001100000000000000001111111101110101111011111110101010011111111111011000011101111 0 1
316	34.278	87.171	( 0 )	11001110110010010000000111100011000001111000000000000000011111111111111100111111110010100100111111111110000110110111110011000100000110000000101110011100001001100000000000000001111111101110101111011111110101010011111111111011000011101111 0 0
318	34.278	87.171	( 0 )	11001110110010010000000111100011000001111000000000000000011111111111111100111111110010100100111111111110000110110111110011000100000110000000101110011100001001100000000000000001111111101110101111011111110101010011111111111011000011101111 0 0
317	35.973	87.171	( 0 )	11001110110010010000000111100011000001111010000000000000011111111111111100111111110010100100110111111110000110110111110011000100000110000000101110011100001001100000000000000001111111101110101111011111110101010011111111111011000011101111 2 0
276	52.669	95.728	( 0 )	1100111-1100-00-00000001------110000011110100000-00-00---1111111-1---1-100111111-1001010-1----0-1----11000-11----1111-0011000100000110000000101110011001001001000000000001010000111011001110101101011111110101010011111111111011000010101111 19 10
219	53.517	99.975	( 0 )	1100111-1100-00-00000001------110000011110100000-00-00---1111111-1---1-100111111-1001010-1----0-1----11000-11----1111-0001000100000110000000101110011001001001000000000001010000111011001110101101011111110000000011101111111011000010101111 1 5
334	53.517	105.936	( 0 )	1100111-1100-00-00000001------110000011110100000-00-00---1111111-1---1-100111111-1001010-1----0-1----11000-11----1111-0001000100100110000000001110011001000000000000000001010000111001001010101101011111110000000011101111111111000010101111 0 7
265	53.517	118.932	( 0 )	1100111-1100-00-00000001------110000011110100000-00-00---1111111-1---1-100111111-1001010-1----0-1----11000-11----1111-0000000000100110000000001110110001000000000000000011011010000000001010101111011110110000000010101111111111000000101111 0 15
264	53.517	119.780	( 0 )	1100111-1100-00-00000001------110000011110100000-00-00---1111111-1---1-100111111-1001010-1----0-1----11000-11----1111-0000000000100110000000001110110001000000000000000011011010000000001010101111011110110000000010101111111101000000101111 0 1
333	53.517	131.875	( 0 )	1100111-1100-00-00000001------110000011110100000-00-00---1111111-1---1-100111111-1001010-1----0-1----11000-11----1111-0010000000100110000100001010110001000000000010000111001010000000000010101111011110101000000010000111111001000001100111 0 14
270	53.517	138.697	( 0 )	1100111-1100-00-00000001------110000011110100000-00-00---1111111-1---1-100111111-1001010-1----0-1----11000-11----1111-0010000000100110000111001010110001000000000010000111000010100000000010001111011110101000000000000111111001001001110111 0 8
239	54.364	142.944	( 0 )	1100111-1100-00-00000001------110000011110100000-00-00---1111111-1---1-100111111-1001010-1----0-1----11000-11----1111-0110000010100110000111000010110001000000100010000111000010100000000010000111011110101000000000000111111001001001110111 1 5
234	54.364	148.904	( 0 )	1100111-1100-00-00000001------110000011110100000-00-00---1111111-1---1-100111111-1001010-1----0-1----11000-11----1111-0110100010100110000111000010110001001000101010000111000010110001100010000-11011110101000000000000111111001001001110111 0 7
328	54.364	152.299	( 0 )	1100111-1100-00-00000001------110000011110100000-00-00---1111111-1---1-100111111-1001010-1----0-1----11000-11----1111-0110100011100010100111000010111001001000101010000111000010110001100010000011011110101000000000000111111001001001110111 0 4
244	55.212	158.260	( 0 )	1100111-1100-00-00000001------110000011110100000-00-00---1111111-1---1-100111111-1001010-1----0-1----11000-11----1111-01101000111000101001110001101110110010001010100000100000101100111000100000110111-0100000000000000111111001001001110111 1 7
263	56.059	164.220	( 0 )	1100111-1100-00-00000001------110000011110100000-00-00---1111111-1---1-100111111-1001010-1----0-1----11000-11----1111-01101001111000101101110001101111110010001010100000100000101100111-00000000110111-0100000000100000111111001001001111111 1 7
279	56.059	170.180	( 0 )	1100111-1100-00-00000001------110000011110100000-00-00---1111111-1---1-100111111-1001010-1----0-1----11000-11----1111-10101101111000101101111001101111110011101010100000100000101101111-0000000011011100100000000100000111111001001001111111 0 7
282	56.059	175.283	( 0 )	1100111-1100-00-00000001------110000011110100000-00-00---1111111-1---1-100111111-1001010-1----0-1----11000-11----1111-1011110111100010110111110110110111001110101010000110010010110111110000000011011100100000000100001111111001001001111111 0 6
339	56.907	180.385	( 0 )	1100111-1100-00-00000001------110000011110100000-00-00---1111111-1---1-100111111-1001010-1----0-1----11000-11----1111-1011110111101010110111110110110111001110101010000110010110111111011000000011011100100000000100001111111001001101111111 1 6
214	56.907	185.487	( 0 )	1100111-1100-00-00000001------110000011110100000-00-00---1111111-1---1-100111111-1001010-1----0-1----11000-11----1111-1011110111101010110111110100110111001111101011000110010110111111011000000011111100100000000100001111111011101101111111 0 6
329	56.907	188.882	( 0 )	1100111-1100-00-00000001------110000011110100000-00-00---1111111-1---1-100111111-1001010-1----0-1----11000-11----1111-1011110111101010110111110100110110001111101011000110010111111110011000000011111100100000000100001111111111101101111111 0 4
267	56.907	195.704	( 0 )	1100111-1100-00-00000001------110000011110100000-00-00---1111111-1---1-100111111-1001010-1----0-1----11000-11----1111-1011010111101010110111110100110110001101110011001110010111111110011000000011110100100000000100011111111111100101111111 0 8
213	56.907	199.099	( 0 )	1100111-1100-00-00000001------110000011110100000-00-00---1111111-1---1-100111111-1001010-1----0-1----11000-11----1111-1011010111101010110111110100110110001001110011001110010111111110001000000011110110100000000100010111111111100101111111 0 4
235	56.907	205.059	( 0 )	1100111-1100-00-00000001------110000011110100000-00-00---1111111-1---1-100111111-1001010-1----0-1----11000-11----1111-1011010111101010110111110110101110001001110011011110011111111110101000000011110110100000000000010111111111100101111111 0 7
322	56.907	207.604	( 0 )	1100111-1100-00-00000001------110000011110100000-00-00---1111111-1---1-100111111-1001010-1----0-1----11000-11----1111-1011010111101010110111110110101010001001110010011110011111111110101000000011110110000000000000010111111111100101111111 0 3
223	56.907	213.564	( 0 )	1100111-1100-00-00000001------110000011110100000-00-00---1111111-1---1-100111111-1001010-1----0-1----11000-11----1111-1011011111101010110111110010101011001001100010011110011111111110101000000011110110000000001001011111111111100101111111 0 7
261	56.907	218.667	( 0 )	1100111-1100-00-00000001------110000011110100000-00-00---1111111-1---1-100111111-1001010-1----0-1----11000-11----1111-1011011111101010100111111010101011001001100010011101011111111110101000000011110110000100001001011111111011100101111111 0 6
252	56.907	222.062	( 0 )	1100111-1100-00-00000001------110000011110100000-00-00---1111111-1---1-100111111-1001010-1----0-1----11000-11----1111-1011011111101010100111101010101011001001100010010101011111111110001000000011110110100100001001011111111011100101111111 0 4
243	56.907	223.757	( 0 )	1100111-1100-00-00000001------110000011110100000-00-00---1111111-1---1-100111111-1001010-1----0-1----11000-11----1111-1011011111100010100111101010101011001001100010010101011111111110001000000011110110100100101001011111111011100101111111 0 2
337	56.907	228.860	( 0 )	1100111-1100-00-00000001------110000011110100000-00-00---1111111-1---1-100111111-1001010-1----0-1----11000-11----1111-1011011111110010100111101010101011001001100110010101011111111110000000000011110110100101100001010111111011100101111111 0 6
280	56.907	234.820	( 0 )	1100111-1100-00-00000001------110000011110100000-00-00---1111111-1---1-100111111-1001010-1----0-1----11000-11----1111-1011111111110110100111101110101011001001110110010101011111111111000000000011110111100101100001010111111001100101111111 0 7
256	56.907	237.364	( 0 )	1100111-1100-00-00000001------110000011110100000-00-00---1111111-1---1-100111111-1001010-1----0-1----11000-11----1111-1011111111110110100111001110101011001001110110000111011111111111000000000011110111100101100001010111111001100101111111 0 3
203	56.907	243.325	( 0 )	1100111-1100-00-00000001------110000011110100000-00-00---1111111-1---1-100111111-1001010-1----0-1----11000-11----1111-1011111111111110100111001110101011001011110110000011011111111111001000000011110111000001100001000111111001100101111111 0 7
237	56.907	247.572	( 0 )	1100111-1100-00-00000001------110000011110100000-00-00---1111111-1---1-100111111-1001010-1----0-1----11000-11----1111-10111111111111101001110011101010100010111101101000110111011111110010000000111101110-0001100001000111111000100101111111 0 5
210	56.907	251.820	( 0 )	1100111-1100-00-00000001------110000011110100000-00-00---1111111-1---1-100111111-1001010-1----0-1----11000-11----1111-10111101111111111001110011101010100010111101101000110111011111010010000000111101100-0001100001000111111000110101111111 0 5
224	56.907	255.215	( 0 )	1100111-1100-00-00000001------110000011110100000-00-00---1111111-1---1-100111111-1001010-1----0-1----11000-11----1111-1011110111111111100111001110101010001011110010100011011101101101001000000011010110010001000001000111111000110101111111 0 4
233	57.754	256.910	( 0 )	1100111-1100-00-00000001------110000011110100000-00-00---1111111-1---1-100111111-1001010-1----0-1----11000-11----1111-1011110111111111100111001110101010001011110010100011011101101101000000000011010110010001001001000111111000110101111111 1 2
340	57.754	260.305	( 0 )	1100111-1100-00-00000001------110000011110100000-00-00---1111111-1---1-100111111-1001010-1----0-1----11000-11----1111-1010110111111111100111001110101010001011110010100011011101101101000000000011011110010001001000000111111000111101111111 0 4
324	57.754	266.266	( 0 )	1100111-1100-00-00000001------110000011110100000-00-00---1111111-1---1-100111111-1001010-1----0-1----11000-11----1111-1110110111111101100111101110101011001011100010101011011101101101000000000011011110110001001000000111111000111101111111 0 7
257	57.754	267.961	( 0 )	1100111-1100-00-00000001------110000011110100000-00-00---1111111-1---1-100111111-1001010-1----0-1----11000-11----1111-1110110111111101100111101110101011001011100010111011011101101101000010000011011110110001001000000111111000111101111111 0 2
281	57.754	272.209	( 0 )	1100111-1100-00-00000001------110000011110100000-00-00---1111111-1---1-100111111-1001010-1----0-1----11000-11----1111-1110110111010101100111101110101011101011100010111011011100101101000010000011011110110001001000010111111000111101111111 0 5
326	57.754	278.169	( 0 )	1100111-1100-00-00000001------110000011110100000-00-00---1111111-1---1-100111111-1001010-1----0-1----11000-11----1111-0110110111010101110111101110101111101111100011111001011100101101000010000011011111110001001000010111111000111101111111 0 7
231	58.602	283.271	( 0 )	1100111-1100-00-00000001------110000011110100000-00-00---1111111-1---1-100111111-1001010-1----0-1----11000-11----1111-0110110111010001110111101110101111101111100011111001001000101001000010100011011011110001001000010111111000111101111111 1 6
284	58.602	289.232	( 0 )	1100111-1100-00-00000001------110000011110100000-00-00---1111111-1---1-100111111-1001010-1----0-1----11000-11----1111-0110110111010001110111101110101111101111100011101001001000101001000010110011010011110101001000001111111001111101111111 0 7
238	58.602	294.334	( 0 )	1100111-1100-00-00000001------110000011110100000-00-00---1111111-1---1-100111111-1001010-1----0-1----11000-11----1111-0110010111010001111111101010101111101111100011001011001000001001000010110011010011110101001000001111111001111101111111 0 6
330	58.602	298.581	( 0 )	1100111-1100-00-00000001------110000011110100000-00-00---1111111-1---1-100111111-1001010-1----0-1----11000-11----1111-0111010111010001111111101010101011101111100011001011001000001101000010111001010011110101001000001111111001111101111111 0 5
331	58.602	299.429	( 0 )	1100111-1100-00-00000001------110000011110100000-00-00---1111111-1---1-100111111-1001010-1----0-1----11000-11----1111-0111010111010001111111101010101011101111100011001011001000001101000010111001010011010101001000001111111001111101111111 0 1
268	58.602	305.389	( 0 )	1100111-1100-00-00000001------110000011110100000-00-00---1111111-1---1-100111111-1001010-1----0-1----11000-11----1111-01111111110100011111111010101010111011011000110010110010000011110000101110010100110-0101001100001111111100111101111111 0 7
327	58.602	312.211	( 0 )	1100111-1100-00-00000001------110000011110100000-00-00---1111111-1---1-100111111-1001010-1----0-1----11000-11----1111-11111111110000011111111110101010111011011000110110110100000111110000100110010100110-0101001100001111111100111101111111 0 8
248	58.602	317.313	( 0 )	1100111-1100-00-00000001------110000011110100000-00-00---1111111-1---1-100111111-1001010-1----0-1----11000-11----1111-1111111111000001111111111010101011101101110011011011010000011111100010011101010011001101001100000111111100111101111111 0 6
320	58.602	322.416	( 0 )	1100111-1100-00-00000001------110000011110100000-00-00---1111111-1---1-100111111-1001010-1----0-1----11000-11----1111-1111111111001001111111111010111011101101110011011111110000011111100000011101010011001101001100000111111100101101111111 0 6
245	61.146	327.518	( 0 )	1100111-1100-00-00000001------110000011110100000-00-00---1111111-1---1-100111111-1001010-1----0-1----11000-11----1111-1111111011001001111111111110111011101101110111011111110110111111100000011101010011001101001100000111111100101101111111 3 6
262	61.994	333.478	( 0 )	1100111-1100-00-00000001------110000011110100000-00-00---1111111-1---1-100111111-1001010-1----0-1----11000-11----1111-1111111011101001111111111111111011101101110111011101110110111111100100010101010011001101001100000111111001101101111111 1 7
215	62.842	337.726	( 0 )	1100111-1100-00-00000001------110000011110100000-00-00---1111111-1---1-100111111-1001010-1----0-1----11000-11----1111-1111111011101001111111111111111011101101110111001101110110111111000100010111010011000101101100000111111001101101111111 1 5
341	62.842	340.270	( 0 )	1100111-1100-00-00000001------110000011110100000-00-00---1111111-1---1-100111111-1001010-1----0-1----11000-11----1111-1011111011101001111111111111110011101001110111001101110110111111000100010111010011000101101100000111111001101101111111 0 3
275	63.689	347.092	( 0 )	1100111-1100-00-00000001------110000011110100000-00-00---1111111-1---1-100111111-1001010-1----0-1----11000-11----1111-1011111011101000111111111111110011111000110111001101110010111111000100010111010010000101101100000111111000011101111111 1 8
254	64.537	353.052	( 0 )	1100111-1100-00-00000001------110000011110100000-00-00---1111111-1---1-100111111-1001010-1----0-1----11000-11----1111-1011110011101010111111111101110011111000110111001101111010111111000101010111110010000101101100000111111100011101111111 1 7
249	64.537	358.155	( 0 )	1100111-1100-00-00000001------110000011110100000-00-00---1111111-1---1-100111111-1001010-1----0-1----11000-11----1111-1011110011101010111111111101100011111010111110001101111010111111010101010111110010000101101100100111111100011101111111 0 6
335	65.384	363.257	( 0 )	1100111-1100-00-00000001------110000011110100000-00-00---1111111-1---1-100111111-1001010-1----0-1----11000-11----1111-1011100001101010111111111101000011111010111110001101111010111111010101010111110011000101101101100111111100011001111111 1 6
332	66.232	371.814	( 0 )	1100111-1100-00-00000001------110000011110100000-00-00---1111111-1---1-100111111-1001010-1----0-1----11000-11----1111-1011100001101010101111110101000011011110111110001111111010011111010100010111110011000111101001110111111100011001111111 1 10
273	66.232	378.636	( 0 )	1100111-1100-00-00000001------110000011110100000-00-00---1111111-1---1-100111111-1001010-1----0-1----11000-11----1111-1011100001101010100110110101000011011110101110001111111010011111010100010111110011001111101001110011111000111001110111 0 8
338	67.079	384.596	( 0 )	1100111-1100-00-00000001------110000011110100000-00-00---1111111-1---1-100111111-1001010-1----0-1----11000-11----1111-10111000011010101001100101010000110111101011100001111110100111110001000101111100110011111010011100-1111010111000110011 1 7
325	67.079	390.556	( 0 )	1100111-1100-00-00000001------110000011110100000-00-00---1111111-1---1-100111111-1001010-1----0-1----11000-11----1111-1011100001101010100110010101010011011111101100000111111010011111000100011111110011011111101001110001010010111000110011 0 7
241	67.079	394.804	( 0 )	1100111111000000000000010001111100000111101000001001001111111111010001-100111111010010101111000010000110001111001111101011100001101010100110010101010011011111101100000111111110011111000100-11101110011111111101001110001010010111000110001 0 5
251	78.280	399.906	( 0 )	110011111-000000000000010001111-000001---010----1--1--111-------010001--001111110-00-01011110000-0000110001111001111101011100011101010100110010101010011011111101100000111111100001011100100111101110111111111101001110001010010111000110001 13 6
278	79.127	406.728	( 0 )	110011111-000000000000010001111-000001---010----1--1--111-------010001--001111110-00-01011110000-0000110001111001111101011100111101010100110010101010011111011101100000111111100001011100100111101110111111101101001011001010011111000111001 1 8
271	79.127	408.424	( 0 )	110011111-000000000000010001111-000001---010----1--1--111-------010001--001111110-00-01011110000-0000110001111001111101011101111101010100110010101010011111011101110000111111100001011100100111101110111111101101001011001010011111000111001 0 2
259	79.975	412.671	( 0 )	110011111-000000000000010001111-000001---010----1--1--111-------010001--001111110-00-01011110000-0000110001111001111101011101111101110100111010101010111111011101110000111111100001011100100111101110111111101101001001001010011111000011001 1 5
283	81.670	419.493	( 0 )	110011111-000000000000010001111-000001---010----1--1--111-------010001--001111110-00-01011110000-0000110001111001111101011001111100110100111010101110111111011101111001111111110000011100000111101110111111101101001001001010011111000011001 2 8
218	81.670	421.188	( 0 )	110011111-000000000000010001111-000001---010----1--1--111-------010001--001111110-00-01011110000-0000110001111001111101011001111100110100111010101110111111011101111001111111110000011100000111101110111111101101001001000010111111000011001 0 2
269	85.918	428.010	( 0 )	110011111-000000000000010001111-000001---010----1--1--111-------010001--001111110-00-01011110000-0000110001111001111101011001111100110100111010101110111111011001111111111111110000010100000111101110110111101101001000000011111111100011001 5 8
285	87.614	440.105	( 0 )	110011111000000000000001000111100000010000101111111111111000000001000100001111110000001011110000000001100011110011111000110011101001101001110000011001111110100011111111111111100000000000000111-1110110111101111100000000011111111100001001 2 14
286	93.574	441.800	( 0 )	11001111100000000-0001-1000111101111010000101111111111111000000001000100001111111000001011110000000001100011110011111000110011101001101-0111000001100111111010001111111111111110000000000000011111111110111101111100000000011111111100001001 7 2
299	98.676	444.345	( 0 )	11001111100000000-111111000111101111010001111111111111111000000001000100001111111000001011110000000001100011010011111000110011101001101-1111000001100111111010011111111111111110000000000000011111111110111101111100000000011111101100001001 6 3
297	99.524	446.890	( 0 )	11001111100000000111111100011110111101000111111111111111100000000100010000111111100000101111000000000110001101001111100011001110000110111111000001100111111010011111111111111110000000000000011111111110111101111100000000011001101100001001 1 3
298	99.524	446.890	( 0 )	11001111100000000111111100011110111101000111111111111111100000000100010000111111100000101111000000000110001101001111100011001110000110111111000001100111111010011111111111111110000000000000011111111110111101111100000000011001101100001001 0 0
293	99.524	446.890	( 0 )	11001111100000000111111100011110111101000111111111111111100000000100010000111111100000101111000000000110001101001111100011001110000110111111000001100111111010011111111111111110000000000000011111111110111101111100000000011001101100001001 0 0
296	99.524	446.890	( 0 )	11001111100000000111111100011110111101000111111111111111100000000100010000111111100000101111000000000110001101001111100011001110000110111111000001100111111010011111111111111110000000000000011111111110111101111100000000011001101100001001 0 0
290	100.371	446.890	( 0 )	11001111100000001111111100011110111101000111111111111111100000000100010000111111100000101111000000000110001101001111100011001110000110111111000001100111111010011111111111111110000000000000011111111110111101111100000000011001101100001001 1 0
289	100.371	446.890	( 0 )	11001111100000001111111100011110111101000111111111111111100000000100010000111111100000101111000000000110001101001111100011001110000110111111000001100111111010011111111111111110000000000000011111111110111101111100000000011001101100001001 0 0
291	100.371	446.890	( 0 )	11001111100000001111111100011110111101000111111111111111100000000100010000111111100000101111000000000110001101001111100011001110000110111111000001100111111010011111111111111110000000000000011111111110111101111100000000011001101100001001 0 0
288	100.371	446.890	( 0 )	11001111100000001111111100011110111101000111111111111111100000000100010000111111100000101111000000000110001101001111100011001110000110111111000001100111111010011111111111111110000000000000011111111110111101111100000000011001101100001001 0 0
294	101.219	446.890	( 0 )	11001111110000001111111100011110111101000111111111111111100000000100010000111111100000101111000000000110001101001111100011001110000110111111000001100111111010011111111111111110000000000000011111111110111101111100000000011001101100001001 1 0
295	101.219	447.737	( 0 )	1100111111-000001111111100011110111101000111111111111111100000000100010000111111100000101111000000000110001101001111100011001110-00110111111000001100111111010011111111111111110000000000000011111111110111101111100000000011001101100001001 0 1
292	102.066	447.737	( 0 )	1100111111-000001111111100011110111101000111111111111111100000000100010000110111100000101111000000000110001101001111100011001110-00110111111000001100111111010011111111111111110000000000000011111111110111101111100000000011001101100001001 1 0
287	103.762	447.737	( 0 )	1100111111-000001111111100011110111101000111111111111111100000000100010000110111100000101111000000000110101101001111100011001110-00110111111000001100111111010011111111111111110000000000000011111111110111101111100000000011001101100001001 2 0
301	109.722	452.840	( 0 )	11001111111110001111111100011110111101000111111111111111100000000100010000000100100000101111000000000111101101001111100011001110110110111111000001100111111010011111111111111110000000000000011100111000111101111100000000011101101100001001 7 6
300	110.570	453.687	( 0 )	11001111111110001111111100011110111101000111111111111111100000000100010000000000100000101111000000000111101101001111100011001110110110111111000001100111111010011111111111111110000000000000011100101000111101111100000000011101101100001001 1 1
310	110.570	453.687	( 0 )	11001111111110001111111100011110111101000111111111111111100000000100010000000000100000101111000000000111101101001111100011001110110110111111000001100111111010011111111111111110000000000000011100101000111101111100000000011101101100001001 0 0
311	110.570	453.687	( 0 )	11001111111110001111111100011110111101000111111111111111100000000100010000000000100000101111000000000111101101001111100011001110110110111111000001100111111010011111111111111110000000000000011100101000111101111100000000011101101100001001 0 0
312	110.570	453.687	( 0 )	11001111111110001111111100011110111101000111111111111111100000000100010000000000100000101111000000000111101101001111100011001110110110111111000001100111111010011111111111111110000000000000011100101000111101111100000000011101101100001001 0 0
304	110.570	453.687	( 0 )	11001111111110001111111100011110111101000111111111111111100000000100010000000000100000101111000000000111101101001111100011001110110110111111000001100111111010011111111111111110000000000000011100101000111101111100000000011101101100001001 0 0
307	110.570	453.687	( 0 )	11001111111110001111111100011110111101000111111111111111100000000100010000000000100000101111000000000111101101001111100011001110110110111111000001100111111010011111111111111110000000000000011100101000111101111100000000011101101100001001 0 0
306	110.570	453.687	( 0 )	11001111111110001111111100011110111101000111111111111111100000000100010000000000100000101111000000000111101101001111100011001110110110111111000001100111111010011111111111111110000000000000011100101000111101111100000000011101101100001001 0 0
303	110.570	453.687	( 0 )	11001111111110001111111100011110111101000111111111111111100000000100010000000000100000101111000000000111101101001111100011001110110110111111000001100111111010011111111111111110000000000000011100101000111101111100000000011101101100001001 0 0
305	110.570	453.687	( 0 )	11001111111110001111111100011110111101000111111111111111100000000100010000000000100000101111000000000111101101001111100011001110110110111111000001100111111010011111111111111110000000000000011100101000111101111100000000011101101100001001 0 0
302	110.570	454.535	( 0 )	11001111111110001111111100011110111101000111111111111111100000000100010000000000100000101111000000000111101101001111100011001110110110111111000001100111111010011111111111111110000000000000011100101000111100111100000000011101101100001001 0 1
308	110.570	455.382	( 0 )	11001111111110001111111100011110111101000111111111111111100000000100010000000000100000101111000000000111101101001111100011001110110111111111000001100111111010011111111111111110000000000000011100101000111100111100000000011101101100001001 0 1
309	110.570	456.230	( 0 )	110011111111100011111111000111101111010001111111111111111000000001000100000000001000001011110000000001-110110100111110001100111011011111111100000110011111101001111111111111111000000000000001110010100011110011110000000001-101101100001001 0 1
313	116.530	456.230	( 0 )	110011111111100011111111000111001111010001111111111111111000000001000100000000001000001111110000000000001001010011-1100011001110110111111111000001100111111010011111111111111110000000000000011100101000111100111100000000010101101100001001 7 0
240	126.843	465.662	( 0 )	11--111111111000--1-1111-0-111001111-100--11-11-1-11111110000000-1---1-000---00-100000-1-1--0000000000001001010011-11-0011001110110111101101000011100111111010011101110010111100000000100001011100101000111100111100010000010101101100001001 12 11
217	127.691	471.622	( 0 )	11--111111111000--1-1111-0-111001111-100--11-11-1-11111110000000-1---1-000---00-100000-1-1--0000000000001001010011-11-0001001110110111101101000011100111111011011100110010111101000000110001011100101000111100111100011000010101101000001001 1 7
220	129.386	475.870	( 0 )	11--111111111000--1-1111-0-111001111-100--11-11-1-11111110000000-1---1-000---00-100000-1-1--0000000000001001010011-11-0101001110110111101001001011110111111011011100110010111101000000110001011100101000111100111100111000010101101000001001 2 5
222	130.234	479.265	( 0 )	11--111111111000--1-1111-0-111001111-100--11-11-1-11111110000000-1---1-000---00-100000-1-1--0000000000001001010011-11-0101001100110111101001001011110111111011011100110010111101000000110001011111101000111100110100111000010101101000001001 1 4
221	131.929	479.265	( 0 )	11--111111111000--1-1111-0-111001111-100--11-11-1-11111110000000-1---1-000---00-100000-1-1--0000000000001001010011-11-0101001100110111101001001011110111111011011100110010111101000000110001011111101000111100110100111000010101101000001001 2 0
242	136.177	490.465	( 0 )	11--111111111000--1-1111-0-111001111-100--11-11-1-11111110000000-1---1-000---00-100000-1-1--0000000000001001010011-11-0101100000110111101001001011110111111011011100010010111111000000111100111111101101111100010000111000010101101000001001 5 13
226	137.873	502.560	( 0 )	11111111111110000010111110111100111111001-11011-101111111000000011111110001110011000000101000000000000001001010011011111111100001101111000011110111100111110110-11000-0010111111000000111110111111111101011100010000101000000101101000001001 2 14
227	141.268	502.560	( 0 )	11111111111110000010111110111100111111001011011010111111100000001111111000111001101000010100000000000000100101001001111111110000110111100001111011110011111011001100000010111111000000111110111111111101011100010000101000000101101000001001 4 0
229	141.268	504.256	( 0 )	11111111111110000010111110111100111111001011011010111111100000001111111000111001101000010100000000000000100101001001111111110000010111100001111011110011111011001100000010111111000000111110111111111101011100010000100000000101101000001001 0 2
266	142.963	513.688	( 0 )	11111111111110000010111110111100111111001011011010111111100000001111111000111001101000010100000000000000100-0100100-111111110000010111100000001001010011011011001000000010111111000000111110111101111101001111010000100000000101101000001001 2 11
204	157.790	521.375	( 0 )	111111111111100000-01111-0-11100--1-11-0101-011010-1111110000000111111-000--100-101000-1-1--000000000--0100-0-0-1-0-111110110000010111100000001001000010011011001000001010101111000001111110111100011101001111011000100000000101101000001001 17 9
212	162.037	524.770	( 0 )	111111111111100000-01111-0-11100--1-11-0101-011010-1111110000000111111-000--100-101000-1-1--000000000--0100-0-0-1-0-111010110000010111100000001001000010011011001000001010101111000001111110111100011101001111011100000000000101101000001101 5 4
319	162.037	528.165	( 0 )	111111111111100000-01111-0-11100--1-11-0101-011010-1111110000000111111-000--100-101000-1-1--000000000--0100-0-0-1-0-111010110000010111100000001001000010001011001000001010101111000001111110111100011001001111001100000000000101101000001100 0 4
336	162.037	532.413	( 0 )	111111111111100000-01111-0-11100--1-11-0101-011010-1111110000000111111-000--100-101000-1-1--000000000--0100-0-0-1-0-111010100000010011100000001001000010001001001000101010101111000001111110111100011001001111001100000000000101001000001100 0 5
321	162.037	536.660	( 0 )	111111111111100000-01111-0-11100--1-11-0101-011010-1111110000000111111-000--100-101000-1-1--000000000--0100-0-0-1-0-1110101000000100111000000010010000000010010010001010100011110000011111101111000110010011111011000000000001000010-0001100 0 5
232	162.037	543.482	( 0 )	11111111111110000000111100011100001011101010011010011111100000001111110000001000101000111111000000000110100000011100111010100000000000000000001001000100001001001000101010001111000000111110111100011001001111101100000000000000001011001100 0 8
272	162.037	547.730	( 0 )	11111111111110000000111100011100001011101010011010011111100000001111110000001000101000111111000000000110100000011100111000100000000000000000001001000100001001001000101010001101000000100110111100011001001111101000000000000000001011001100 0 5
260	162.037	551.977	( 0 )	11111111111110000000111100011100001011101010011010011111100000001111110000001000101000111111000000000110100000011100111000100000000000000000001000000100001000001000101010000101000000100000111100011001001111101000000000000000001011001100 0 5
230	162.037	556.225	( 0 )	11111111111110000000111100011100001011101010011010011111100000001111110000001000101000111111000000000110100000011100111000100000000000000000001000001100000000001100101010000001000000100000111100011001011111101000000000000000001011001100 0 5
246	162.037	567.425	( 0 )	11111111111110000000111100011100001011101010011010011111100000001111110000001000101000111111000000000110100000011100110000000100000000000000001100001100000000001111111100000001000000100000111100011001011111111100000000000001101011001100 0 13
247	162.037	567.425	( 0 )	11111111111110000000111100011100001011101010011010011111100000001111110000001000101000111111000000000110100000011100110000000100000000000000001100001100000000001111111100000001000000100000111100011001011111111100000000000001101011001100 0 0
