#java OrderMarkers2 map=map3_3_js.txt data=data_f.call useKosambi=1 numMergeIterations=1 sexAveraged=1 outputPhasedData=2 grandparentPhase=1 recombination1=0 randSeed=6576633359673056898
#*** LG = 1 likelihood = -2309.104
#marker_number	male_position	female_position	( 0.0 )[	phased data]
2279	0.000	0.000	( 0 )	011110100000 0 0	1101101111 0 0	101110 0 0
12332	8.412	8.412	( 0 )	011110000000 0 1	1101101111 0 0	101110 0 0
7958	8.412	8.412	( 0 )	011110000000 0 0	1101101111 0 0	101110 0 0
10704	8.412	8.412	( 0 )	011110000000 0 0	1101101111 0 0	101110 0 0
10589	8.412	8.412	( 0 )	011110000000 0 0	1101101111 0 0	101110 0 0
10578	8.412	8.412	( 0 )	011110000000 0 0	1101101111 0 0	101110 0 0
10490	8.412	8.412	( 0 )	011110000000 0 0	1101101111 0 0	101110 0 0
10462	8.412	8.412	( 0 )	011110000000 0 0	1101101111 0 0	101110 0 0
8016	8.412	8.412	( 0 )	011110000000 0 0	1101101111 0 0	101110 0 0
10459	8.412	8.412	( 0 )	011110000000 0 0	1101101111 0 0	101110 0 0
10896	8.412	8.412	( 0 )	011110000000 0 0	1101101111 0 0	101110 0 0
167	8.412	8.412	( 0 )	011110000000 0 0	1101101111 0 0	101110 0 0
10526	8.412	8.412	( 0 )	011110000000 0 0	1101101111 0 0	101110 0 0
10527	8.412	8.412	( 0 )	011110000000 0 0	1101101111 0 0	101110 0 0
6978	8.412	8.412	( 0 )	011110000000 0 0	1101101111 0 0	101110 0 0
10365	8.412	8.412	( 0 )	011110000000 0 0	1101101111 0 0	101110 0 0
7823	8.412	8.412	( 0 )	011110000000 0 0	1101101111 0 0	101110 0 0
10423	8.412	8.412	( 0 )	011110000000 0 0	1101101111 0 0	101110 0 0
8061	8.412	8.412	( 0 )	011110000000 0 0	1101101111 0 0	101110 0 0
10368	8.412	8.412	( 0 )	011110000000 0 0	1101101111 0 0	101110 0 0
4101	8.412	8.412	( 0 )	011110000000 0 0	1101101111 0 0	101110 0 0
10344	8.412	8.412	( 0 )	011110000000 0 0	1101101111 0 0	101110 0 0
4174	8.412	8.412	( 0 )	011110000000 0 0	1101101111 0 0	101110 0 0
6959	8.412	8.412	( 0 )	011110000000 0 0	1101101111 0 0	101110 0 0
7920	8.412	8.412	( 0 )	011110000000 0 0	1101101111 0 0	101110 0 0
10343	8.412	8.412	( 0 )	011110000000 0 0	1101101111 0 0	101110 0 0
11687	11.989	11.989	( 0 )	01111000000- 0 1	1101101111 0 0	101110 0 0
4031	11.989	11.989	( 0 )	01111000000- 0 0	1101101111 0 0	101110 0 0
17223	15.567	15.567	( 0 )	01111000000- 0 0	1101101111 0 0	101010 0 1
7778	19.144	19.144	( 0 )	011110000001 0 0	1101101111 0 0	1010-0 0 1
7135	19.144	19.144	( 0 )	011110000001 0 0	1101101111 0 0	1010-0 0 0
19325	19.144	19.144	( 0 )	011110000001 0 0	1101101111 0 0	1010-0 0 0
18763	19.144	19.144	( 0 )	011110000001 0 0	1101101111 0 0	1010-0 0 0
7136	19.144	19.144	( 0 )	011110000001 0 0	1101101111 0 0	1010-0 0 0
19308	19.144	19.144	( 0 )	011110000001 0 0	1101101111 0 0	1010-0 0 0
16284	19.144	19.144	( 0 )	011110000001 0 0	1101101111 0 0	101000 0 0
16278	19.144	19.144	( 0 )	011110000001 0 0	1101101111 0 0	101000 0 0
16294	19.144	19.144	( 0 )	011110000001 0 0	1101101111 0 0	101000 0 0
16291	19.144	19.144	( 0 )	011110000001 0 0	1101101111 0 0	101000 0 0
16295	19.144	19.144	( 0 )	011110000001 0 0	1101101111 0 0	101000 0 0
16290	19.144	19.144	( 0 )	011110000001 0 0	1101101111 0 0	101000 0 0
16273	19.144	19.144	( 0 )	011110000001 0 0	1101101111 0 0	101000 0 0
16292	19.144	19.144	( 0 )	011110000001 0 0	1101101111 0 0	101000 0 0
16281	19.144	19.144	( 0 )	011110000001 0 0	1101101111 0 0	101000 0 0
16275	19.144	19.144	( 0 )	011110000001 0 0	1101101111 0 0	101000 0 0
7803	22.722	22.722	( 0 )	011110000001 0 0	1101101111 0 0	10100- 0 1
13586	22.722	22.722	( 0 )	011110000001 0 0	1101101111 0 0	101001 0 0
18746	22.722	22.722	( 0 )	011110000001 0 0	1101101111 0 0	101001 0 0
13610	22.722	22.722	( 0 )	011110000001 0 0	1101101111 0 0	101001 0 0
13594	22.722	22.722	( 0 )	011110000001 0 0	1101101111 0 0	101001 0 0
7818	26.299	26.299	( 0 )	011110100001 0 1	1101101111 0 0	101001 0 0
11771	26.299	26.299	( 0 )	011110100001 0 0	1101101111 0 0	101001 0 0
10487	29.877	29.877	( 0 )	011110100011 0 1	1101101111 0 0	101001 0 0
10659	29.877	29.877	( 0 )	011110100011 0 0	1101101111 0 0	101001 0 0
19248	29.877	29.877	( 0 )	011110100011 0 0	1101101111 0 0	101001 0 0
10719	29.877	29.877	( 0 )	011110100011 0 0	1101101111 0 0	101001 0 0
10514	29.877	29.877	( 0 )	011110100011 0 0	1101101111 0 0	101001 0 0
10878	29.877	29.877	( 0 )	011110100011 0 0	1101101111 0 0	101001 0 0
10493	29.877	29.877	( 0 )	011110100011 0 0	1101101111 0 0	101001 0 0
7853	33.454	33.454	( 0 )	011110100111 0 1	1101101111 0 0	101001 0 0
7974	33.454	33.454	( 0 )	011110100111 0 0	1101101111 0 0	101001 0 0
879	33.454	33.454	( 0 )	011110100111 0 0	1101101111 0 0	101001 0 0
19295	37.032	37.032	( 0 )	011110100111 0 0	11011-1111 0 1	101001 0 0
2633	37.032	37.032	( 0 )	011110100111 0 0	1101111111 0 0	101001 0 0
7380	37.032	37.032	( 0 )	011110100111 0 0	1101111111 0 0	101001 0 0
7945	37.032	37.032	( 0 )	011110100111 0 0	1101111111 0 0	101001 0 0
8051	37.032	37.032	( 0 )	011110100111 0 0	1101111111 0 0	101001 0 0
7814	37.032	37.032	( 0 )	011110100111 0 0	1101111111 0 0	101001 0 0
2383	37.032	37.032	( 0 )	011110100111 0 0	1101111111 0 0	101001 0 0
13504	37.032	37.032	( 0 )	011110100111 0 0	1101111111 0 0	101001 0 0
7986	37.032	37.032	( 0 )	011110100111 0 0	1101111111 0 0	101001 0 0
6997	37.032	37.032	( 0 )	011110100111 0 0	1101111111 0 0	101001 0 0
19284	37.032	37.032	( 0 )	011110100111 0 0	1101111111 0 0	101001 0 0
20293	37.032	37.032	( 0 )	011110100111 0 0	1101111111 0 0	101001 0 0
10341	37.032	37.032	( 0 )	011110100111 0 0	1101111111 0 0	101001 0 0
6746	37.032	37.032	( 0 )	011110100111 0 0	1101111111 0 0	101001 0 0
4160	37.032	37.032	( 0 )	011110100111 0 0	1101111111 0 0	101001 0 0
7849	37.032	37.032	( 0 )	011110100111 0 0	1101111111 0 0	101001 0 0
7923	37.032	37.032	( 0 )	011110100111 0 0	1101111111 0 0	101001 0 0
6712	37.032	37.032	( 0 )	011110100111 0 0	1101111111 0 0	101001 0 0
6894	37.032	37.032	( 0 )	011110100111 0 0	1101111111 0 0	101001 0 0
10342	37.032	37.032	( 0 )	011110100111 0 0	1101111111 0 0	101001 0 0
10336	37.032	37.032	( 0 )	011110100111 0 0	1101111111 0 0	101001 0 0
7758	37.032	37.032	( 0 )	011110100111 0 0	1101111111 0 0	101001 0 0
13574	37.032	37.032	( 0 )	011110100111 0 0	1101111111 0 0	101001 0 0
13638	37.032	37.032	( 0 )	011110100111 0 0	1101111111 0 0	101001 0 0
7906	44.224	44.224	( 0 )	011110100111 0 0	110111--11 0 2	101001 0 0
6743	44.224	44.224	( 0 )	011110100111 0 0	110111--11 0 0	101001 0 0
19332	44.224	44.224	( 0 )	011110100111 0 0	110111--11 0 0	101001 0 0
2254	44.224	44.224	( 0 )	011110100111 0 0	110111--11 0 0	101001 0 0
13600	44.224	44.224	( 0 )	011110100111 0 0	110111--11 0 0	101001 0 0
7033	44.224	44.224	( 0 )	011110100111 0 0	110111--11 0 0	101001 0 0
7205	44.224	44.224	( 0 )	011110100111 0 0	110111--11 0 0	101001 0 0
6942	44.224	44.224	( 0 )	011110100111 0 0	110111--11 0 0	101001 0 0
4125	44.224	44.224	( 0 )	011110100111 0 0	110111--11 0 0	101001 0 0
11471	44.224	44.224	( 0 )	011110100111 0 0	110111--11 0 0	101001 0 0
16595	44.224	44.224	( 0 )	011110100111 0 0	110111--11 0 0	101001 0 0
2964	44.224	44.224	( 0 )	011110100111 0 0	110111--11 0 0	101001 0 0
13640	44.224	44.224	( 0 )	011110100111 0 0	110111--11 0 0	101001 0 0
13623	44.224	44.224	( 0 )	011110100111 0 0	110111--11 0 0	101001 0 0
11745	44.224	44.224	( 0 )	011110100111 0 0	110111--11 0 0	101001 0 0
858	44.224	44.224	( 0 )	011110100111 0 0	110111--11 0 0	101001 0 0
13571	44.224	44.224	( 0 )	011110100111 0 0	110111--11 0 0	101001 0 0
13628	44.224	44.224	( 0 )	011110100111 0 0	110111--11 0 0	101001 0 0
2904	44.224	44.224	( 0 )	011110100111 0 0	110111--11 0 0	101001 0 0
13579	44.224	44.224	( 0 )	011110100111 0 0	110111--11 0 0	101001 0 0
13336	44.224	44.224	( 0 )	011110100111 0 0	110111--11 0 0	101001 0 0
2919	44.224	44.224	( 0 )	011110100111 0 0	110111--11 0 0	101001 0 0
13650	44.224	44.224	( 0 )	011110100111 0 0	110111--11 0 0	101001 0 0
13631	44.224	44.224	( 0 )	011110100111 0 0	110111--11 0 0	101001 0 0
936	44.224	44.224	( 0 )	011110100111 0 0	110111--11 0 0	101001 0 0
1008	44.224	44.224	( 0 )	011110100111 0 0	110111--11 0 0	101001 0 0
2902	44.224	44.224	( 0 )	011110100111 0 0	110111--11 0 0	101001 0 0
871	44.224	44.224	( 0 )	011110100111 0 0	110111--11 0 0	101001 0 0
2918	44.224	44.224	( 0 )	011110100111 0 0	110111--11 0 0	101001 0 0
11675	44.224	44.224	( 0 )	011110100111 0 0	110111--11 0 0	101001 0 0
17354	44.224	44.224	( 0 )	011110100111 0 0	110111--11 0 0	101001 0 0
13595	44.224	44.224	( 0 )	011110100111 0 0	110111--11 0 0	101001 0 0
2953	44.224	44.224	( 0 )	011110100111 0 0	110111--11 0 0	101001 0 0
2946	44.224	44.224	( 0 )	011110100111 0 0	110111--11 0 0	101001 0 0
13596	44.224	44.224	( 0 )	011110100111 0 0	110111--11 0 0	101001 0 0
13668	44.224	44.224	( 0 )	011110100111 0 0	110111--11 0 0	101001 0 0
2913	44.224	44.224	( 0 )	011110100111 0 0	110111--11 0 0	101001 0 0
13637	44.224	44.224	( 0 )	011110100111 0 0	110111--11 0 0	101001 0 0
13601	44.224	44.224	( 0 )	011110100111 0 0	110111--11 0 0	101001 0 0
1004	44.224	44.224	( 0 )	011110100111 0 0	110111--11 0 0	101001 0 0
11424	44.224	44.224	( 0 )	011110100111 0 0	110111--11 0 0	101001 0 0
945	44.224	44.224	( 0 )	011110100111 0 0	110111--11 0 0	101001 0 0
773	44.224	44.224	( 0 )	011110100111 0 0	110111--11 0 0	101001 0 0
13584	44.224	44.224	( 0 )	011110100111 0 0	110111--11 0 0	101001 0 0
2923	44.224	44.224	( 0 )	011110100111 0 0	110111--11 0 0	101001 0 0
999	44.224	44.224	( 0 )	011110100111 0 0	110111--11 0 0	101001 0 0
17311	44.224	44.224	( 0 )	011110100111 0 0	110111--11 0 0	101001 0 0
17330	44.224	44.224	( 0 )	011110100111 0 0	110111--11 0 0	101001 0 0
1001	44.224	44.224	( 0 )	011110100111 0 0	110111--11 0 0	101001 0 0
2957	44.224	44.224	( 0 )	011110100111 0 0	110111--11 0 0	101001 0 0
17368	44.224	44.224	( 0 )	011110100111 0 0	110111--11 0 0	101001 0 0
869	44.224	44.224	( 0 )	011110100111 0 0	110111--11 0 0	101001 0 0
872	44.224	44.224	( 0 )	011110100111 0 0	110111--11 0 0	101001 0 0
11757	44.224	44.224	( 0 )	011110100111 0 0	110111--11 0 0	101001 0 0
13613	44.224	44.224	( 0 )	011110100111 0 0	110111--11 0 0	101001 0 0
13662	44.224	44.224	( 0 )	011110100111 0 0	110111--11 0 0	101001 0 0
2910	44.224	44.224	( 0 )	011110100111 0 0	110111--11 0 0	101001 0 0
844	44.224	44.224	( 0 )	011110100111 0 0	110111--11 0 0	101001 0 0
17295	44.224	44.224	( 0 )	011110100111 0 0	110111--11 0 0	101001 0 0
13630	44.224	44.224	( 0 )	011110100111 0 0	110111--11 0 0	101001 0 0
13641	44.224	44.224	( 0 )	011110100111 0 0	110111--11 0 0	101001 0 0
2971	44.224	44.224	( 0 )	011110100111 0 0	110111--11 0 0	101001 0 0
13582	44.224	44.224	( 0 )	011110100111 0 0	110111--11 0 0	101001 0 0
2909	44.224	44.224	( 0 )	011110100111 0 0	110111--11 0 0	101001 0 0
874	44.224	44.224	( 0 )	011110100111 0 0	110111--11 0 0	101001 0 0
2856	44.224	44.224	( 0 )	011110100111 0 0	110111--11 0 0	101001 0 0
13669	44.224	44.224	( 0 )	011110100111 0 0	110111--11 0 0	101001 0 0
941	44.224	44.224	( 0 )	011110100111 0 0	110111--11 0 0	101001 0 0
11755	44.224	44.224	( 0 )	011110100111 0 0	110111--11 0 0	101001 0 0
17381	44.224	44.224	( 0 )	011110100111 0 0	110111--11 0 0	101001 0 0
11740	44.224	44.224	( 0 )	011110100111 0 0	110111--11 0 0	101001 0 0
779	44.224	44.224	( 0 )	011110100111 0 0	110111--11 0 0	101001 0 0
768	44.224	44.224	( 0 )	011110100111 0 0	110111--11 0 0	101001 0 0
13607	44.224	44.224	( 0 )	011110100111 0 0	110111--11 0 0	101001 0 0
1005	44.224	44.224	( 0 )	011110100111 0 0	110111--11 0 0	101001 0 0
857	44.224	44.224	( 0 )	011110100111 0 0	110111--11 0 0	101001 0 0
13629	44.224	44.224	( 0 )	011110100111 0 0	110111--11 0 0	101001 0 0
2948	44.224	44.224	( 0 )	011110100111 0 0	110111--11 0 0	101001 0 0
13647	44.224	44.224	( 0 )	011110100111 0 0	110111--11 0 0	101001 0 0
850	44.224	44.224	( 0 )	011110100111 0 0	110111--11 0 0	101001 0 0
11765	44.224	44.224	( 0 )	011110100111 0 0	110111--11 0 0	101001 0 0
11766	44.224	44.224	( 0 )	011110100111 0 0	110111--11 0 0	101001 0 0
13605	44.224	44.224	( 0 )	011110100111 0 0	110111--11 0 0	101001 0 0
2951	44.224	44.224	( 0 )	011110100111 0 0	110111--11 0 0	101001 0 0
13572	44.224	44.224	( 0 )	011110100111 0 0	110111--11 0 0	101001 0 0
933	44.224	44.224	( 0 )	011110100111 0 0	110111--11 0 0	101001 0 0
2912	44.224	44.224	( 0 )	011110100111 0 0	110111--11 0 0	101001 0 0
867	44.224	44.224	( 0 )	011110100111 0 0	110111--11 0 0	101001 0 0
778	44.224	44.224	( 0 )	011110100111 0 0	110111--11 0 0	101001 0 0
2965	44.224	44.224	( 0 )	011110100111 0 0	110111--11 0 0	101001 0 0
862	44.224	44.224	( 0 )	011110100111 0 0	110111--11 0 0	101001 0 0
998	44.224	44.224	( 0 )	011110100111 0 0	110111--11 0 0	101001 0 0
11768	44.224	44.224	( 0 )	011110100111 0 0	110111--11 0 0	101001 0 0
13633	44.224	44.224	( 0 )	011110100111 0 0	110111--11 0 0	101001 0 0
11741	44.224	44.224	( 0 )	011110100111 0 0	110111--11 0 0	101001 0 0
2931	44.224	44.224	( 0 )	011110100111 0 0	110111--11 0 0	101001 0 0
13581	44.224	44.224	( 0 )	011110100111 0 0	110111--11 0 0	101001 0 0
13604	44.224	44.224	( 0 )	011110100111 0 0	110111--11 0 0	101001 0 0
17345	44.224	44.224	( 0 )	011110100111 0 0	110111--11 0 0	101001 0 0
876	44.224	44.224	( 0 )	011110100111 0 0	110111--11 0 0	101001 0 0
17310	44.224	44.224	( 0 )	011110100111 0 0	110111--11 0 0	101001 0 0
13338	44.224	44.224	( 0 )	011110100111 0 0	110111--11 0 0	101001 0 0
13618	44.224	44.224	( 0 )	011110100111 0 0	110111--11 0 0	101001 0 0
863	44.224	44.224	( 0 )	011110100111 0 0	110111--11 0 0	101001 0 0
17318	44.224	44.224	( 0 )	011110100111 0 0	110111--11 0 0	101001 0 0
17294	44.224	44.224	( 0 )	011110100111 0 0	110111--11 0 0	101001 0 0
13585	44.224	44.224	( 0 )	011110100111 0 0	110111--11 0 0	101001 0 0
17353	44.224	44.224	( 0 )	011110100111 0 0	110111--11 0 0	101001 0 0
13337	44.224	44.224	( 0 )	011110100111 0 0	110111--11 0 0	101001 0 0
2963	44.224	44.224	( 0 )	011110100111 0 0	110111--11 0 0	101001 0 0
11751	44.224	44.224	( 0 )	011110100111 0 0	110111--11 0 0	101001 0 0
17289	44.224	44.224	( 0 )	011110100111 0 0	110111--11 0 0	101001 0 0
17323	44.224	44.224	( 0 )	011110100111 0 0	110111--11 0 0	101001 0 0
13570	44.224	44.224	( 0 )	011110100111 0 0	110111--11 0 0	101001 0 0
3101	44.224	44.224	( 0 )	011110100111 0 0	110111--11 0 0	101001 0 0
854	44.224	44.224	( 0 )	011110100111 0 0	110111--11 0 0	101001 0 0
17315	44.224	44.224	( 0 )	011110100111 0 0	110111--11 0 0	101001 0 0
2930	44.224	44.224	( 0 )	011110100111 0 0	110111--11 0 0	101001 0 0
856	44.224	44.224	( 0 )	011110100111 0 0	110111--11 0 0	101001 0 0
13599	44.224	44.224	( 0 )	011110100111 0 0	110111--11 0 0	101001 0 0
942	44.224	44.224	( 0 )	011110100111 0 0	110111--11 0 0	101001 0 0
878	44.224	44.224	( 0 )	011110100111 0 0	110111--11 0 0	101001 0 0
13667	44.224	44.224	( 0 )	011110100111 0 0	110111--11 0 0	101001 0 0
13627	44.224	44.224	( 0 )	011110100111 0 0	110111--11 0 0	101001 0 0
13646	44.224	44.224	( 0 )	011110100111 0 0	110111--11 0 0	101001 0 0
13626	44.224	44.224	( 0 )	011110100111 0 0	110111--11 0 0	101001 0 0
851	44.224	44.224	( 0 )	011110100111 0 0	110111--11 0 0	101001 0 0
11752	44.224	44.224	( 0 )	011110100111 0 0	110111--11 0 0	101001 0 0
13578	44.224	44.224	( 0 )	011110100111 0 0	110111--11 0 0	101001 0 0
13643	44.224	44.224	( 0 )	011110100111 0 0	110111--11 0 0	101001 0 0
2911	44.224	44.224	( 0 )	011110100111 0 0	110111--11 0 0	101001 0 0
17317	44.224	44.224	( 0 )	011110100111 0 0	110111--11 0 0	101001 0 0
853	44.224	44.224	( 0 )	011110100111 0 0	110111--11 0 0	101001 0 0
2914	44.224	44.224	( 0 )	011110100111 0 0	110111--11 0 0	101001 0 0
13476	44.224	44.224	( 0 )	011110100111 0 0	110111--11 0 0	101001 0 0
13639	44.224	44.224	( 0 )	011110100111 0 0	110111--11 0 0	101001 0 0
11641	44.224	44.224	( 0 )	011110100111 0 0	110111--11 0 0	101001 0 0
769	44.224	44.224	( 0 )	011110100111 0 0	110111--11 0 0	101001 0 0
11743	44.224	44.224	( 0 )	011110100111 0 0	110111--11 0 0	101001 0 0
13617	44.224	44.224	( 0 )	011110100111 0 0	110111--11 0 0	101001 0 0
11629	44.224	44.224	( 0 )	011110100111 0 0	110111--11 0 0	101001 0 0
17293	44.224	44.224	( 0 )	011110100111 0 0	110111--11 0 0	101001 0 0
13645	44.224	44.224	( 0 )	011110100111 0 0	110111--11 0 0	101001 0 0
2932	44.224	44.224	( 0 )	011110100111 0 0	110111--11 0 0	101001 0 0
11749	44.224	44.224	( 0 )	011110100111 0 0	110111--11 0 0	101001 0 0
13665	44.224	44.224	( 0 )	011110100111 0 0	110111--11 0 0	101001 0 0
13602	44.224	44.224	( 0 )	011110100111 0 0	110111--11 0 0	101001 0 0
958	44.224	44.224	( 0 )	011110100111 0 0	110111--11 0 0	101001 0 0
13573	44.224	44.224	( 0 )	011110100111 0 0	110111--11 0 0	101001 0 0
11760	44.224	44.224	( 0 )	011110100111 0 0	110111--11 0 0	101001 0 0
17325	44.224	44.224	( 0 )	011110100111 0 0	110111--11 0 0	101001 0 0
3089	44.224	44.224	( 0 )	011110100111 0 0	110111--11 0 0	101001 0 0
13659	44.224	44.224	( 0 )	011110100111 0 0	110111--11 0 0	101001 0 0
11758	44.224	44.224	( 0 )	011110100111 0 0	110111--11 0 0	101001 0 0
13651	44.224	44.224	( 0 )	011110100111 0 0	110111--11 0 0	101001 0 0
13587	44.224	44.224	( 0 )	011110100111 0 0	110111--11 0 0	101001 0 0
13661	44.224	44.224	( 0 )	011110100111 0 0	110111--11 0 0	101001 0 0
17456	44.224	44.224	( 0 )	011110100111 0 0	110111--11 0 0	101001 0 0
11747	44.224	44.224	( 0 )	011110100111 0 0	110111--11 0 0	101001 0 0
866	44.224	44.224	( 0 )	011110100111 0 0	110111--11 0 0	101001 0 0
848	44.224	44.224	( 0 )	011110100111 0 0	110111--11 0 0	101001 0 0
2921	44.224	44.224	( 0 )	011110100111 0 0	110111--11 0 0	101001 0 0
2936	44.224	44.224	( 0 )	011110100111 0 0	110111--11 0 0	101001 0 0
966	44.224	44.224	( 0 )	011110100111 0 0	110111--11 0 0	101001 0 0
2924	44.224	44.224	( 0 )	011110100111 0 0	110111--11 0 0	101001 0 0
963	44.224	44.224	( 0 )	011110100111 0 0	110111--11 0 0	101001 0 0
17362	44.224	44.224	( 0 )	011110100111 0 0	110111--11 0 0	101001 0 0
3091	44.224	44.224	( 0 )	011110100111 0 0	110111--11 0 0	101001 0 0
13580	44.224	44.224	( 0 )	011110100111 0 0	110111--11 0 0	101001 0 0
17358	44.224	44.224	( 0 )	011110100111 0 0	110111--11 0 0	101001 0 0
13666	44.224	44.224	( 0 )	011110100111 0 0	110111--11 0 0	101001 0 0
965	44.224	44.224	( 0 )	011110100111 0 0	110111--11 0 0	101001 0 0
11761	44.224	44.224	( 0 )	011110100111 0 0	110111--11 0 0	101001 0 0
13619	44.224	44.224	( 0 )	011110100111 0 0	110111--11 0 0	101001 0 0
13598	44.224	44.224	( 0 )	011110100111 0 0	110111--11 0 0	101001 0 0
13632	44.224	44.224	( 0 )	011110100111 0 0	110111--11 0 0	101001 0 0
2929	44.224	44.224	( 0 )	011110100111 0 0	110111--11 0 0	101001 0 0
11762	44.224	44.224	( 0 )	011110100111 0 0	110111--11 0 0	101001 0 0
17382	44.224	44.224	( 0 )	011110100111 0 0	110111--11 0 0	101001 0 0
17383	44.224	44.224	( 0 )	011110100111 0 0	110111--11 0 0	101001 0 0
11739	44.224	44.224	( 0 )	011110100111 0 0	110111--11 0 0	101001 0 0
17433	44.224	44.224	( 0 )	011110100111 0 0	110111--11 0 0	101001 0 0
2903	44.224	44.224	( 0 )	011110100111 0 0	110111--11 0 0	101001 0 0
868	44.224	44.224	( 0 )	011110100111 0 0	110111--11 0 0	101001 0 0
852	44.224	44.224	( 0 )	011110100111 0 0	110111--11 0 0	101001 0 0
13660	44.224	44.224	( 0 )	011110100111 0 0	110111--11 0 0	101001 0 0
946	44.224	44.224	( 0 )	011110100111 0 0	110111--11 0 0	101001 0 0
3096	44.224	44.224	( 0 )	011110100111 0 0	110111--11 0 0	101001 0 0
845	44.224	44.224	( 0 )	011110100111 0 0	110111--11 0 0	101001 0 0
949	44.224	44.224	( 0 )	011110100111 0 0	110111--11 0 0	101001 0 0
770	44.224	44.224	( 0 )	011110100111 0 0	110111--11 0 0	101001 0 0
17297	44.224	44.224	( 0 )	011110100111 0 0	110111--11 0 0	101001 0 0
860	44.224	44.224	( 0 )	011110100111 0 0	110111--11 0 0	101001 0 0
2926	44.224	44.224	( 0 )	011110100111 0 0	110111--11 0 0	101001 0 0
17406	44.224	44.224	( 0 )	011110100111 0 0	110111--11 0 0	101001 0 0
13634	44.224	44.224	( 0 )	011110100111 0 0	110111--11 0 0	101001 0 0
1000	44.224	44.224	( 0 )	011110100111 0 0	110111--11 0 0	101001 0 0
13664	44.224	44.224	( 0 )	011110100111 0 0	110111--11 0 0	101001 0 0
986	44.224	44.224	( 0 )	011110100111 0 0	110111--11 0 0	101001 0 0
870	44.224	44.224	( 0 )	011110100111 0 0	110111--11 0 0	101001 0 0
877	44.224	44.224	( 0 )	011110100111 0 0	110111--11 0 0	101001 0 0
2801	44.224	44.224	( 0 )	011110100111 0 0	110111--11 0 0	101001 0 0
17427	44.224	44.224	( 0 )	011110100111 0 0	110111--11 0 0	101001 0 0
2922	44.224	44.224	( 0 )	011110100111 0 0	110111--11 0 0	101001 0 0
846	44.224	44.224	( 0 )	011110100111 0 0	110111--11 0 0	101001 0 0
938	44.224	44.224	( 0 )	011110100111 0 0	110111--11 0 0	101001 0 0
17342	44.224	44.224	( 0 )	011110100111 0 0	110111--11 0 0	101001 0 0
11772	44.224	44.224	( 0 )	011110100111 0 0	110111--11 0 0	101001 0 0
13593	44.224	44.224	( 0 )	011110100111 0 0	110111--11 0 0	101001 0 0
13583	44.224	44.224	( 0 )	011110100111 0 0	110111--11 0 0	101001 0 0
17303	44.224	44.224	( 0 )	011110100111 0 0	110111--11 0 0	101001 0 0
951	44.224	44.224	( 0 )	011110100111 0 0	110111--11 0 0	101001 0 0
2952	44.224	44.224	( 0 )	011110100111 0 0	110111--11 0 0	101001 0 0
969	44.224	44.224	( 0 )	011110100111 0 0	110111--11 0 0	101001 0 0
996	44.224	44.224	( 0 )	011110100111 0 0	110111--11 0 0	101001 0 0
930	44.224	44.224	( 0 )	011110100111 0 0	110111--11 0 0	101001 0 0
13609	44.224	44.224	( 0 )	011110100111 0 0	110111--11 0 0	101001 0 0
2925	44.224	44.224	( 0 )	011110100111 0 0	110111--11 0 0	101001 0 0
11553	44.224	44.224	( 0 )	011110100111 0 0	110111--11 0 0	101001 0 0
971	44.224	44.224	( 0 )	011110100111 0 0	110111--11 0 0	101001 0 0
13575	44.224	44.224	( 0 )	011110100111 0 0	110111--11 0 0	101001 0 0
16175	44.224	44.224	( 0 )	011110100111 0 0	110111--11 0 0	101001 0 0
17450	44.224	44.224	( 0 )	011110100111 0 0	110111--11 0 0	101001 0 0
780	44.224	44.224	( 0 )	011110100111 0 0	110111--11 0 0	101001 0 0
992	44.224	44.224	( 0 )	011110100111 0 0	110111--11 0 0	101001 0 0
13657	44.224	44.224	( 0 )	011110100111 0 0	110111--11 0 0	101001 0 0
2961	44.224	44.224	( 0 )	011110100111 0 0	110111--11 0 0	101001 0 0
940	44.224	44.224	( 0 )	011110100111 0 0	110111--11 0 0	101001 0 0
13621	44.224	44.224	( 0 )	011110100111 0 0	110111--11 0 0	101001 0 0
2928	44.224	44.224	( 0 )	011110100111 0 0	110111--11 0 0	101001 0 0
948	44.224	44.224	( 0 )	011110100111 0 0	110111--11 0 0	101001 0 0
13588	44.224	44.224	( 0 )	011110100111 0 0	110111--11 0 0	101001 0 0
861	44.224	44.224	( 0 )	011110100111 0 0	110111--11 0 0	101001 0 0
2967	44.224	44.224	( 0 )	011110100111 0 0	110111--11 0 0	101001 0 0
11661	44.224	44.224	( 0 )	011110100111 0 0	110111--11 0 0	101001 0 0
11750	44.224	44.224	( 0 )	011110100111 0 0	110111--11 0 0	101001 0 0
13470	44.224	44.224	( 0 )	011110100111 0 0	110111--11 0 0	101001 0 0
13658	44.224	44.224	( 0 )	011110100111 0 0	110111--11 0 0	101001 0 0
947	44.224	44.224	( 0 )	011110100111 0 0	110111--11 0 0	101001 0 0
13616	44.224	44.224	( 0 )	011110100111 0 0	110111--11 0 0	101001 0 0
13656	44.224	44.224	( 0 )	011110100111 0 0	110111--11 0 0	101001 0 0
13652	44.224	44.224	( 0 )	011110100111 0 0	110111--11 0 0	101001 0 0
849	44.224	44.224	( 0 )	011110100111 0 0	110111--11 0 0	101001 0 0
17357	44.224	44.224	( 0 )	011110100111 0 0	110111--11 0 0	101001 0 0
11756	44.224	44.224	( 0 )	011110100111 0 0	110111--11 0 0	101001 0 0
17380	44.224	44.224	( 0 )	011110100111 0 0	110111--11 0 0	101001 0 0
13622	44.224	44.224	( 0 )	011110100111 0 0	110111--11 0 0	101001 0 0
13625	44.224	44.224	( 0 )	011110100111 0 0	110111--11 0 0	101001 0 0
13663	44.224	44.224	( 0 )	011110100111 0 0	110111--11 0 0	101001 0 0
13590	44.224	44.224	( 0 )	011110100111 0 0	110111--11 0 0	101001 0 0
2958	44.224	44.224	( 0 )	011110100111 0 0	110111--11 0 0	101001 0 0
20437	44.224	44.224	( 0 )	011110100111 0 0	1101110011 0 0	101001 0 0
13339	44.224	44.224	( 0 )	011110100111 0 0	1101110011 0 0	101001 0 0
13636	44.224	44.224	( 0 )	011110100111 0 0	1101110011 0 0	101001 0 0
939	44.224	44.224	( 0 )	011110100111 0 0	1101110011 0 0	101001 0 0
17447	44.224	44.224	( 0 )	011110100111 0 0	1101110011 0 0	101001 0 0
11738	44.224	44.224	( 0 )	011110100111 0 0	1101110011 0 0	101001 0 0
2962	44.224	44.224	( 0 )	011110100111 0 0	1101110011 0 0	101001 0 0
13653	44.224	44.224	( 0 )	011110100111 0 0	1101110011 0 0	101001 0 0
2905	44.224	44.224	( 0 )	011110100111 0 0	1101110011 0 0	101001 0 0
13612	44.224	44.224	( 0 )	011110100111 0 0	1101110011 0 0	101001 0 0
13597	44.224	44.224	( 0 )	011110100111 0 0	1101110011 0 0	101001 0 0
17376	44.224	44.224	( 0 )	011110100111 0 0	1101110011 0 0	101001 0 0
17563	44.224	44.224	( 0 )	011110100111 0 0	1101110011 0 0	101001 0 0
13655	44.224	44.224	( 0 )	011110100111 0 0	1101110011 0 0	101001 0 0
17339	44.224	44.224	( 0 )	011110100111 0 0	1101110011 0 0	101001 0 0
875	44.224	44.224	( 0 )	011110100111 0 0	1101110011 0 0	101001 0 0
859	44.224	44.224	( 0 )	011110100111 0 0	1101110011 0 0	101001 0 0
928	44.224	44.224	( 0 )	011110100111 0 0	1101110011 0 0	101001 0 0
2917	44.224	44.224	( 0 )	011110100111 0 0	1101110011 0 0	101001 0 0
873	44.224	44.224	( 0 )	011110100111 0 0	1101110011 0 0	101001 0 0
13577	44.224	44.224	( 0 )	011110100111 0 0	1101110011 0 0	101001 0 0
13576	44.224	44.224	( 0 )	011110100111 0 0	1101110011 0 0	101001 0 0
17416	44.224	44.224	( 0 )	011110100111 0 0	1101110011 0 0	101001 0 0
352	44.224	44.224	( 0 )	011110100111 0 0	1101110011 0 0	101001 0 0
5214	44.224	44.224	( 0 )	011110100111 0 0	1101110011 0 0	101001 0 0
964	44.224	44.224	( 0 )	011110100111 0 0	1101110011 0 0	101001 0 0
11763	49.803	49.803	( 0 )	011110100101 0 1	1101110011 0 0	101001 0 0
16235	49.803	49.803	( 0 )	011110100101 0 0	1101110011 0 0	101001 0 0
16280	49.803	49.803	( 0 )	011110100101 0 0	1101110011 0 0	101001 0 0
12378	58.214	58.214	( 0 )	011110110101 0 1	1101110011 0 0	101001 0 0
#*** LG = 2 likelihood = -991.2756
#marker_number	male_position	female_position	( 0.0 )[	phased data]
8351	0.000	0.000	( 0 )	101111110110 0 0	10111----- 0 0	110011 0 0
12851	0.000	0.000	( 0 )	101111110110 0 0	10111----- 0 0	110011 0 0
12953	0.000	0.000	( 0 )	101111110110 0 0	10111----- 0 0	110011 0 0
12878	0.000	0.000	( 0 )	101111110110 0 0	10111----- 0 0	110011 0 0
1229	0.000	0.000	( 0 )	101111110110 0 0	10111----- 0 0	110011 0 0
12957	0.000	0.000	( 0 )	101111110110 0 0	10111----- 0 0	110011 0 0
1230	0.000	0.000	( 0 )	101111110110 0 0	10111----- 0 0	110011 0 0
12856	0.000	0.000	( 0 )	101111110110 0 0	10111----- 0 0	110011 0 0
20384	0.000	0.000	( 0 )	101111110110 0 0	10111----- 0 0	110011 0 0
18360	0.000	0.000	( 0 )	101111110110 0 0	10111----- 0 0	110011 0 0
1222	0.000	0.000	( 0 )	101111110110 0 0	10111----- 0 0	110011 0 0
16907	0.000	0.000	( 0 )	101111110110 0 0	10111----- 0 0	110011 0 0
4572	0.000	0.000	( 0 )	101111110110 0 0	10111----- 0 0	110011 0 0
1226	0.000	0.000	( 0 )	101111110110 0 0	10111----- 0 0	110011 0 0
12868	0.000	0.000	( 0 )	101111110110 0 0	10111----- 0 0	110011 0 0
1216	0.000	0.000	( 0 )	101111110110 0 0	10111----- 0 0	110011 0 0
1218	0.000	0.000	( 0 )	101111110110 0 0	10111----- 0 0	110011 0 0
12923	0.000	0.000	( 0 )	101111110110 0 0	10111----- 0 0	110011 0 0
12886	0.000	0.000	( 0 )	101111110110 0 0	10111----- 0 0	110011 0 0
20163	0.000	0.000	( 0 )	101111110110 0 0	10111----- 0 0	110011 0 0
12863	0.000	0.000	( 0 )	101111110110 0 0	10111----- 0 0	110011 0 0
12933	0.000	0.000	( 0 )	101111110110 0 0	10111----- 0 0	110011 0 0
9916	0.000	0.000	( 0 )	101111110110 0 0	10111----- 0 0	110011 0 0
1232	0.000	0.000	( 0 )	101111110110 0 0	10111----- 0 0	110011 0 0
12882	0.000	0.000	( 0 )	101111110110 0 0	10111----- 0 0	110011 0 0
4103	0.000	0.000	( 0 )	101111110110 0 0	10111----- 0 0	110011 0 0
12883	0.000	0.000	( 0 )	101111110110 0 0	10111----- 0 0	110011 0 0
10974	0.000	0.000	( 0 )	101111110110 0 0	10111----- 0 0	110011 0 0
12392	0.000	0.000	( 0 )	101111110110 0 0	10111----- 0 0	110011 0 0
11545	0.000	0.000	( 0 )	101111110110 0 0	10111----- 0 0	110011 0 0
12862	0.000	0.000	( 0 )	101111110110 0 0	10111----- 0 0	110011 0 0
12844	0.000	0.000	( 0 )	101111110110 0 0	10111----- 0 0	110011 0 0
18264	0.000	0.000	( 0 )	101111110110 0 0	10111----- 0 0	110011 0 0
12874	0.000	0.000	( 0 )	101111110110 0 0	10111----- 0 0	110011 0 0
12922	0.000	0.000	( 0 )	101111110110 0 0	10111----- 0 0	110011 0 0
18311	0.000	0.000	( 0 )	101111110110 0 0	10111----- 0 0	110011 0 0
12936	0.000	0.000	( 0 )	101111110110 0 0	10111----- 0 0	110011 0 0
12904	0.000	0.000	( 0 )	101111110110 0 0	10111----- 0 0	110011 0 0
8220	0.000	0.000	( 0 )	101111110110 0 0	10111----- 0 0	110011 0 0
12917	0.000	0.000	( 0 )	101111110110 0 0	10111----- 0 0	110011 0 0
12855	0.000	0.000	( 0 )	101111110110 0 0	10111----- 0 0	110011 0 0
12865	0.000	0.000	( 0 )	101111110110 0 0	10111----- 0 0	110011 0 0
12912	0.000	0.000	( 0 )	101111110110 0 0	10111----- 0 0	110011 0 0
12934	0.000	0.000	( 0 )	101111110110 0 0	10111----- 0 0	110011 0 0
1213	0.000	0.000	( 0 )	101111110110 0 0	10111----- 0 0	110011 0 0
8354	0.000	0.000	( 0 )	101111110110 0 0	10111----- 0 0	110011 0 0
17953	0.000	0.000	( 0 )	101111110110 0 0	10111----- 0 0	110011 0 0
12864	0.000	0.000	( 0 )	101111110110 0 0	10111----- 0 0	110011 0 0
18363	0.000	0.000	( 0 )	101111110110 0 0	10111----- 0 0	110011 0 0
1234	0.000	0.000	( 0 )	101111110110 0 0	10111----- 0 0	110011 0 0
18308	0.000	0.000	( 0 )	101111110110 0 0	10111----- 0 0	110011 0 0
12193	0.000	0.000	( 0 )	101111110110 0 0	10111----- 0 0	110011 0 0
12918	0.000	0.000	( 0 )	101111110110 0 0	10111----- 0 0	110011 0 0
12906	0.000	0.000	( 0 )	101111110110 0 0	10111----- 0 0	110011 0 0
19105	0.000	0.000	( 0 )	101111110110 0 0	10111----- 0 0	110011 0 0
12925	0.000	0.000	( 0 )	101111110110 0 0	10111----- 0 0	110011 0 0
12908	0.000	0.000	( 0 )	101111110110 0 0	10111----- 0 0	110011 0 0
12854	0.000	0.000	( 0 )	101111110110 0 0	10111----- 0 0	110011 0 0
18365	0.000	0.000	( 0 )	101111110110 0 0	10111----- 0 0	110011 0 0
12887	0.000	0.000	( 0 )	101111110110 0 0	10111----- 0 0	110011 0 0
17972	0.000	0.000	( 0 )	101111110110 0 0	10111----- 0 0	110011 0 0
12921	0.000	0.000	( 0 )	101111110110 0 0	10111----- 0 0	110011 0 0
15015	0.000	0.000	( 0 )	101111110110 0 0	10111----- 0 0	110011 0 0
12927	0.000	0.000	( 0 )	101111110110 0 0	10111----- 0 0	110011 0 0
12800	0.000	0.000	( 0 )	101111110110 0 0	10111----- 0 0	110011 0 0
12799	0.000	0.000	( 0 )	101111110110 0 0	10111----- 0 0	110011 0 0
12896	0.000	0.000	( 0 )	101111110110 0 0	10111----- 0 0	110011 0 0
1201	0.000	0.000	( 0 )	101111110110 0 0	10111----- 0 0	110011 0 0
12915	0.000	0.000	( 0 )	101111110110 0 0	10111----- 0 0	110011 0 0
12798	0.000	0.000	( 0 )	101111110110 0 0	10111----- 0 0	110011 0 0
1202	0.000	0.000	( 0 )	101111110110 0 0	10111----- 0 0	110011 0 0
12920	0.000	0.000	( 0 )	101111110110 0 0	10111----- 0 0	110011 0 0
1211	0.000	0.000	( 0 )	101111110110 0 0	10111----- 0 0	110011 0 0
12802	0.000	0.000	( 0 )	101111110110 0 0	10111----- 0 0	110011 0 0
12902	0.000	0.000	( 0 )	101111110110 0 0	10111----- 0 0	110011 0 0
17282	0.000	0.000	( 0 )	101111110110 0 0	10111----- 0 0	110011 0 0
12907	0.000	0.000	( 0 )	101111110110 0 0	10111----- 0 0	110011 0 0
12890	0.000	0.000	( 0 )	101111110110 0 0	10111----- 0 0	110011 0 0
12931	0.000	0.000	( 0 )	101111110110 0 0	10111----- 0 0	110011 0 0
1009	0.000	0.000	( 0 )	101111110110 0 0	10111----- 0 0	110011 0 0
12929	0.000	0.000	( 0 )	101111110110 0 0	10111----- 0 0	110011 0 0
17954	0.000	0.000	( 0 )	101111110110 0 0	10111----- 0 0	110011 0 0
12876	0.000	0.000	( 0 )	101111110110 0 0	10111----- 0 0	110011 0 0
12903	0.000	0.000	( 0 )	101111110110 0 0	10111----- 0 0	110011 0 0
18370	0.000	0.000	( 0 )	101111110110 0 0	10111----- 0 0	110011 0 0
12958	0.000	0.000	( 0 )	101111110110 0 0	10111----- 0 0	110011 0 0
10178	0.000	0.000	( 0 )	101111110110 0 0	10111----- 0 0	110011 0 0
1196	0.000	0.000	( 0 )	101111110110 0 0	10111----- 0 0	110011 0 0
1210	0.000	0.000	( 0 )	101111110110 0 0	10111----- 0 0	110011 0 0
6273	0.000	0.000	( 0 )	101111110110 0 0	10111----- 0 0	110011 0 0
14275	0.000	0.000	( 0 )	101111110110 0 0	10111----- 0 0	110011 0 0
1219	0.000	0.000	( 0 )	101111110110 0 0	10111----- 0 0	110011 0 0
843	0.000	0.000	( 0 )	101111110110 0 0	10111----- 0 0	110011 0 0
18325	0.000	0.000	( 0 )	101111110110 0 0	10111----- 0 0	110011 0 0
12888	0.000	0.000	( 0 )	101111110110 0 0	10111----- 0 0	110011 0 0
18302	0.000	0.000	( 0 )	101111110110 0 0	10111----- 0 0	110011 0 0
12894	0.000	0.000	( 0 )	101111110110 0 0	10111----- 0 0	110011 0 0
1198	0.000	0.000	( 0 )	101111110110 0 0	10111----- 0 0	110011 0 0
12852	0.000	0.000	( 0 )	101111110110 0 0	10111----- 0 0	110011 0 0
10426	0.000	0.000	( 0 )	101111110110 0 0	10111----- 0 0	110011 0 0
12875	0.000	0.000	( 0 )	101111110110 0 0	10111----- 0 0	110011 0 0
19675	0.000	0.000	( 0 )	101111110110 0 0	10111----- 0 0	110011 0 0
12910	0.000	0.000	( 0 )	101111110110 0 0	10111----- 0 0	110011 0 0
8504	0.000	0.000	( 0 )	101111110110 0 0	10111----- 0 0	110011 0 0
12853	0.000	0.000	( 0 )	101111110110 0 0	10111----- 0 0	110011 0 0
2719	0.000	0.000	( 0 )	101111110110 0 0	10111----- 0 0	110011 0 0
12911	0.000	0.000	( 0 )	101111110110 0 0	10111----- 0 0	110011 0 0
12869	0.000	0.000	( 0 )	101111110110 0 0	10111----- 0 0	110011 0 0
1228	0.000	0.000	( 0 )	101111110110 0 0	10111----- 0 0	110011 0 0
1200	0.000	0.000	( 0 )	101111110110 0 0	10111----- 0 0	110011 0 0
1225	0.000	0.000	( 0 )	101111110110 0 0	10111----- 0 0	110011 0 0
12861	0.000	0.000	( 0 )	101111110110 0 0	10111----- 0 0	110011 0 0
12919	0.000	0.000	( 0 )	101111110110 0 0	10111----- 0 0	110011 0 0
12900	0.000	0.000	( 0 )	101111110110 0 0	10111----- 0 0	110011 0 0
12895	0.000	0.000	( 0 )	101111110110 0 0	10111----- 0 0	110011 0 0
3591	0.000	0.000	( 0 )	101111110110 0 0	10111----- 0 0	110011 0 0
12872	0.000	0.000	( 0 )	101111110110 0 0	10111----- 0 0	110011 0 0
12879	0.000	0.000	( 0 )	101111110110 0 0	10111----- 0 0	110011 0 0
1212	0.000	0.000	( 0 )	101111110110 0 0	10111----- 0 0	110011 0 0
12916	0.000	0.000	( 0 )	101111110110 0 0	10111----- 0 0	110011 0 0
10403	0.000	0.000	( 0 )	101111110110 0 0	10111----- 0 0	110011 0 0
12897	0.000	0.000	( 0 )	101111110110 0 0	10111----- 0 0	110011 0 0
15481	0.000	0.000	( 0 )	101111110110 0 0	10111----- 0 0	110011 0 0
12871	0.000	0.000	( 0 )	101111110110 0 0	10111----- 0 0	110011 0 0
1203	0.000	0.000	( 0 )	101111110110 0 0	10111----- 0 0	110011 0 0
1209	0.000	0.000	( 0 )	101111110110 0 0	10111----- 0 0	110011 0 0
12848	0.000	0.000	( 0 )	101111110110 0 0	10111----- 0 0	110011 0 0
1199	0.000	0.000	( 0 )	101111110110 0 0	10111----- 0 0	110011 0 0
6849	0.000	0.000	( 0 )	101111110110 0 0	10111----- 0 0	110011 0 0
12857	0.000	0.000	( 0 )	101111110110 0 0	10111----- 0 0	110011 0 0
12932	0.000	0.000	( 0 )	101111110110 0 0	10111----- 0 0	110011 0 0
1227	0.000	0.000	( 0 )	101111110110 0 0	10111----- 0 0	110011 0 0
12901	0.000	0.000	( 0 )	101111110110 0 0	10111----- 0 0	110011 0 0
7590	0.000	0.000	( 0 )	101111110110 0 0	10111----- 0 0	110011 0 0
12873	0.000	0.000	( 0 )	101111110110 0 0	10111----- 0 0	110011 0 0
8483	0.000	0.000	( 0 )	101111110110 0 0	10111----- 0 0	110011 0 0
12928	0.000	0.000	( 0 )	101111110110 0 0	10111----- 0 0	110011 0 0
4326	0.000	0.000	( 0 )	101111110110 0 0	10111----- 0 0	110011 0 0
12938	0.000	0.000	( 0 )	101111110110 0 0	10111----- 0 0	110011 0 0
12847	0.000	0.000	( 0 )	101111110110 0 0	10111----- 0 0	110011 0 0
12859	0.000	0.000	( 0 )	101111110110 0 0	10111----- 0 0	110011 0 0
1221	0.000	0.000	( 0 )	101111110110 0 0	10111----- 0 0	110011 0 0
19466	0.000	0.000	( 0 )	101111110110 0 0	10111----- 0 0	110011 0 0
12849	0.000	0.000	( 0 )	101111110110 0 0	10111----- 0 0	110011 0 0
12803	0.000	0.000	( 0 )	101111110110 0 0	10111----- 0 0	110011 0 0
17590	0.000	0.000	( 0 )	101111110110 0 0	10111----- 0 0	110011 0 0
9176	0.000	0.000	( 0 )	101111110110 0 0	10111----- 0 0	110011 0 0
18263	0.000	0.000	( 0 )	101111110110 0 0	10111----- 0 0	110011 0 0
17977	0.000	0.000	( 0 )	101111110110 0 0	10111----- 0 0	110011 0 0
1223	0.000	0.000	( 0 )	101111110110 0 0	10111----- 0 0	110011 0 0
12893	0.000	0.000	( 0 )	101111110110 0 0	10111----- 0 0	110011 0 0
12956	0.000	0.000	( 0 )	101111110110 0 0	10111----- 0 0	110011 0 0
1233	0.000	0.000	( 0 )	101111110110 0 0	10111----- 0 0	110011 0 0
5286	0.000	0.000	( 0 )	101111110110 0 0	10111----- 0 0	110011 0 0
12889	0.000	0.000	( 0 )	101111110110 0 0	10111----- 0 0	110011 0 0
1939	0.000	0.000	( 0 )	101111110110 0 0	10111----- 0 0	110011 0 0
3604	0.000	0.000	( 0 )	101111110110 0 0	10111----- 0 0	110011 0 0
12846	0.000	0.000	( 0 )	101111110110 0 0	10111----- 0 0	110011 0 0
12954	0.000	0.000	( 0 )	101111110110 0 0	10111----- 0 0	110011 0 0
19243	0.000	0.000	( 0 )	101111110110 0 0	10111----- 0 0	110011 0 0
12489	0.000	0.000	( 0 )	101111110110 0 0	10111----- 0 0	110011 0 0
4170	0.000	0.000	( 0 )	101111110110 0 0	10111----- 0 0	110011 0 0
12877	0.000	0.000	( 0 )	101111110110 0 0	10111----- 0 0	110011 0 0
1220	0.000	0.000	( 0 )	101111110110 0 0	10111----- 0 0	110011 0 0
12899	0.000	0.000	( 0 )	101111110110 0 0	10111----- 0 0	110011 0 0
12801	0.000	0.000	( 0 )	101111110110 0 0	10111----- 0 0	110011 0 0
17824	0.000	0.000	( 0 )	101111110110 0 0	10111----- 0 0	110011 0 0
864	0.000	0.000	( 0 )	101111110110 0 0	10111----- 0 0	110011 0 0
12870	0.000	0.000	( 0 )	101111110110 0 0	10111----- 0 0	110011 0 0
12909	0.000	0.000	( 0 )	101111110110 0 0	10111----- 0 0	110011 0 0
1208	0.000	0.000	( 0 )	101111110110 0 0	10111----- 0 0	110011 0 0
12885	0.000	0.000	( 0 )	101111110110 0 0	10111----- 0 0	110011 0 0
18343	0.000	0.000	( 0 )	101111110110 0 0	10111----- 0 0	110011 0 0
13137	0.000	0.000	( 0 )	101111110110 0 0	10111----- 0 0	110011 0 0
12858	0.000	0.000	( 0 )	101111110110 0 0	10111----- 0 0	110011 0 0
#*** LG = 3 likelihood = -327.3535
#marker_number	male_position	female_position	( 0.0 )[	phased data]
11934	0.000	0.000	( 0 )	110111001101 0 0	0100101111 0 0	---011 0 0
11908	0.000	0.000	( 0 )	110111001101 0 0	0100101111 0 0	---011 0 0
11786	0.000	0.000	( 0 )	110111001101 0 0	0100101111 0 0	---011 0 0
11939	0.000	0.000	( 0 )	110111001101 0 0	0100101111 0 0	---011 0 0
10420	0.000	0.000	( 0 )	110111001101 0 0	0100101111 0 0	---011 0 0
20506	0.000	0.000	( 0 )	110111001101 0 0	0100101111 0 0	---011 0 0
10391	0.000	0.000	( 0 )	110111001101 0 0	0100101111 0 0	---011 0 0
13104	0.000	0.000	( 0 )	110111001101 0 0	0100101111 0 0	---011 0 0
3160	0.000	0.000	( 0 )	110111001101 0 0	0100101111 0 0	---011 0 0
13139	0.000	0.000	( 0 )	110111001101 0 0	0100101111 0 0	---011 0 0
11832	0.000	0.000	( 0 )	110111001101 0 0	0100101111 0 0	---011 0 0
10401	0.000	0.000	( 0 )	110111001101 0 0	0100101111 0 0	---011 0 0
11843	0.000	0.000	( 0 )	110111001101 0 0	0100101111 0 0	---011 0 0
11887	0.000	0.000	( 0 )	110111001101 0 0	0100101111 0 0	---011 0 0
11814	0.000	0.000	( 0 )	110111001101 0 0	0100101111 0 0	---011 0 0
11945	0.000	0.000	( 0 )	110111001101 0 0	0100101111 0 0	---011 0 0
13144	0.000	0.000	( 0 )	110111001101 0 0	0100101111 0 0	---011 0 0
5744	0.000	0.000	( 0 )	110111001101 0 0	0100101111 0 0	---011 0 0
11790	0.000	0.000	( 0 )	110111001101 0 0	0100101111 0 0	---011 0 0
13150	0.000	0.000	( 0 )	110111001101 0 0	0100101111 0 0	---011 0 0
11882	0.000	0.000	( 0 )	110111001101 0 0	0100101111 0 0	---011 0 0
13131	0.000	0.000	( 0 )	110111001101 0 0	0100101111 0 0	---011 0 0
11835	0.000	0.000	( 0 )	110111001101 0 0	0100101111 0 0	---011 0 0
10398	0.000	0.000	( 0 )	110111001101 0 0	0100101111 0 0	---011 0 0
11845	0.000	0.000	( 0 )	110111001101 0 0	0100101111 0 0	---011 0 0
11896	0.000	0.000	( 0 )	110111001101 0 0	0100101111 0 0	---011 0 0
20508	0.000	0.000	( 0 )	110111001101 0 0	0100101111 0 0	---011 0 0
11941	0.000	0.000	( 0 )	110111001101 0 0	0100101111 0 0	---011 0 0
11926	0.000	0.000	( 0 )	110111001101 0 0	0100101111 0 0	---011 0 0
11860	0.000	0.000	( 0 )	110111001101 0 0	0100101111 0 0	---011 0 0
12042	0.000	0.000	( 0 )	110111001101 0 0	0100101111 0 0	---011 0 0
20488	0.000	0.000	( 0 )	110111001101 0 0	0100101111 0 0	---011 0 0
20498	0.000	0.000	( 0 )	110111001101 0 0	0100101111 0 0	---011 0 0
20502	0.000	0.000	( 0 )	110111001101 0 0	0100101111 0 0	---011 0 0
11797	0.000	0.000	( 0 )	110111001101 0 0	0100101111 0 0	---011 0 0
11895	0.000	0.000	( 0 )	110111001101 0 0	0100101111 0 0	---011 0 0
20484	0.000	0.000	( 0 )	110111001101 0 0	0100101111 0 0	---011 0 0
11855	0.000	0.000	( 0 )	110111001101 0 0	0100101111 0 0	---011 0 0
13140	0.000	0.000	( 0 )	110111001101 0 0	0100101111 0 0	---011 0 0
10397	0.000	0.000	( 0 )	110111001101 0 0	0100101111 0 0	---011 0 0
11812	0.000	0.000	( 0 )	110111001101 0 0	0100101111 0 0	---011 0 0
10415	0.000	0.000	( 0 )	110111001101 0 0	0100101111 0 0	---011 0 0
11946	0.000	0.000	( 0 )	110111001101 0 0	0100101111 0 0	---011 0 0
11802	0.000	0.000	( 0 )	110111001101 0 0	0100101111 0 0	---011 0 0
20483	0.000	0.000	( 0 )	110111001101 0 0	0100101111 0 0	---011 0 0
2647	0.000	0.000	( 0 )	110111001101 0 0	0100101111 0 0	---011 0 0
11828	0.000	0.000	( 0 )	110111001101 0 0	0100101111 0 0	---011 0 0
11880	0.000	0.000	( 0 )	110111001101 0 0	0100101111 0 0	---011 0 0
11912	0.000	0.000	( 0 )	110111001101 0 0	0100101111 0 0	---011 0 0
13152	0.000	0.000	( 0 )	110111001101 0 0	0100101111 0 0	---011 0 0
11818	0.000	0.000	( 0 )	110111001101 0 0	0100101111 0 0	---011 0 0
11783	0.000	0.000	( 0 )	110111001101 0 0	0100101111 0 0	---011 0 0
11897	0.000	0.000	( 0 )	110111001101 0 0	0100101111 0 0	---011 0 0
3588	0.000	0.000	( 0 )	110111001101 0 0	0100101111 0 0	---011 0 0
13103	0.000	0.000	( 0 )	110111001101 0 0	0100101111 0 0	---011 0 0
20546	0.000	0.000	( 0 )	110111001101 0 0	0100101111 0 0	---011 0 0
11878	0.000	0.000	( 0 )	110111001101 0 0	0100101111 0 0	---011 0 0
11826	0.000	0.000	( 0 )	110111001101 0 0	0100101111 0 0	---011 0 0
13117	0.000	0.000	( 0 )	110111001101 0 0	0100101111 0 0	---011 0 0
13149	0.000	0.000	( 0 )	110111001101 0 0	0100101111 0 0	---011 0 0
11923	0.000	0.000	( 0 )	110111001101 0 0	0100101111 0 0	---011 0 0
11821	0.000	0.000	( 0 )	110111001101 0 0	0100101111 0 0	---011 0 0
11847	0.000	0.000	( 0 )	110111001101 0 0	0100101111 0 0	---011 0 0
11922	0.000	0.000	( 0 )	110111001101 0 0	0100101111 0 0	---011 0 0
11853	0.000	0.000	( 0 )	110111001101 0 0	0100101111 0 0	---011 0 0
11859	0.000	0.000	( 0 )	110111001101 0 0	0100101111 0 0	---011 0 0
11857	0.000	0.000	( 0 )	110111001101 0 0	0100101111 0 0	---011 0 0
11831	0.000	0.000	( 0 )	110111001101 0 0	0100101111 0 0	---011 0 0
11792	0.000	0.000	( 0 )	110111001101 0 0	0100101111 0 0	---011 0 0
11824	0.000	0.000	( 0 )	110111001101 0 0	0100101111 0 0	---011 0 0
11822	0.000	0.000	( 0 )	110111001101 0 0	0100101111 0 0	---011 0 0
11931	0.000	0.000	( 0 )	110111001101 0 0	0100101111 0 0	---011 0 0
11800	0.000	0.000	( 0 )	110111001101 0 0	0100101111 0 0	---011 0 0
13141	0.000	0.000	( 0 )	110111001101 0 0	0100101111 0 0	---011 0 0
13112	0.000	0.000	( 0 )	110111001101 0 0	0100101111 0 0	---011 0 0
20520	0.000	0.000	( 0 )	110111001101 0 0	0100101111 0 0	---011 0 0
11914	0.000	0.000	( 0 )	110111001101 0 0	0100101111 0 0	---011 0 0
20517	0.000	0.000	( 0 )	110111001101 0 0	0100101111 0 0	---011 0 0
10408	0.000	0.000	( 0 )	110111001101 0 0	0100101111 0 0	---011 0 0
10399	0.000	0.000	( 0 )	110111001101 0 0	0100101111 0 0	---011 0 0
11851	0.000	0.000	( 0 )	110111001101 0 0	0100101111 0 0	---011 0 0
11935	0.000	0.000	( 0 )	110111001101 0 0	0100101111 0 0	---011 0 0
11830	0.000	0.000	( 0 )	110111001101 0 0	0100101111 0 0	---011 0 0
5720	0.000	0.000	( 0 )	110111001101 0 0	0100101111 0 0	---011 0 0
5673	0.000	0.000	( 0 )	110111001101 0 0	0100101111 0 0	---011 0 0
13122	0.000	0.000	( 0 )	110111001101 0 0	0100101111 0 0	---011 0 0
11980	0.000	0.000	( 0 )	110111001101 0 0	0100101111 0 0	---011 0 0
20548	0.000	0.000	( 0 )	110111001101 0 0	0100101111 0 0	---011 0 0
13146	0.000	0.000	( 0 )	110111001101 0 0	0100101111 0 0	---011 0 0
11862	0.000	0.000	( 0 )	110111001101 0 0	0100101111 0 0	---011 0 0
13157	0.000	0.000	( 0 )	110111001101 0 0	0100101111 0 0	---011 0 0
11921	0.000	0.000	( 0 )	110111001101 0 0	0100101111 0 0	---011 0 0
11883	0.000	0.000	( 0 )	110111001101 0 0	0100101111 0 0	---011 0 0
3473	0.000	0.000	( 0 )	110111001101 0 0	0100101111 0 0	---011 0 0
20496	0.000	0.000	( 0 )	110111001101 0 0	0100101111 0 0	---011 0 0
11881	0.000	0.000	( 0 )	110111001101 0 0	0100101111 0 0	---011 0 0
2611	0.000	0.000	( 0 )	110111001101 0 0	0100101111 0 0	---011 0 0
13138	0.000	0.000	( 0 )	110111001101 0 0	0100101111 0 0	---011 0 0
20501	0.000	0.000	( 0 )	110111001101 0 0	0100101111 0 0	---011 0 0
13111	0.000	0.000	( 0 )	110111001101 0 0	0100101111 0 0	---011 0 0
13119	0.000	0.000	( 0 )	110111001101 0 0	0100101111 0 0	---011 0 0
20495	0.000	0.000	( 0 )	110111001101 0 0	0100101111 0 0	---011 0 0
11936	0.000	0.000	( 0 )	110111001101 0 0	0100101111 0 0	---011 0 0
20509	0.000	0.000	( 0 )	110111001101 0 0	0100101111 0 0	---011 0 0
11846	0.000	0.000	( 0 )	110111001101 0 0	0100101111 0 0	---011 0 0
10419	0.000	0.000	( 0 )	110111001101 0 0	0100101111 0 0	---011 0 0
12044	0.000	0.000	( 0 )	110111001101 0 0	0100101111 0 0	---011 0 0
11917	0.000	0.000	( 0 )	110111001101 0 0	0100101111 0 0	---011 0 0
11871	0.000	0.000	( 0 )	110111001101 0 0	0100101111 0 0	---011 0 0
11838	0.000	0.000	( 0 )	110111001101 0 0	0100101111 0 0	---011 0 0
13110	0.000	0.000	( 0 )	110111001101 0 0	0100101111 0 0	---011 0 0
11875	0.000	0.000	( 0 )	110111001101 0 0	0100101111 0 0	---011 0 0
11813	0.000	0.000	( 0 )	110111001101 0 0	0100101111 0 0	---011 0 0
11823	0.000	0.000	( 0 )	110111001101 0 0	0100101111 0 0	---011 0 0
13126	0.000	0.000	( 0 )	110111001101 0 0	0100101111 0 0	---011 0 0
13102	0.000	0.000	( 0 )	110111001101 0 0	0100101111 0 0	---011 0 0
12144	0.000	0.000	( 0 )	110111001101 0 0	0100101111 0 0	---011 0 0
11938	0.000	0.000	( 0 )	110111001101 0 0	0100101111 0 0	---011 0 0
11890	0.000	0.000	( 0 )	110111001101 0 0	0100101111 0 0	---011 0 0
11829	0.000	0.000	( 0 )	110111001101 0 0	0100101111 0 0	---011 0 0
13132	0.000	0.000	( 0 )	110111001101 0 0	0100101111 0 0	---011 0 0
13147	0.000	0.000	( 0 )	110111001101 0 0	0100101111 0 0	---011 0 0
20492	0.000	0.000	( 0 )	110111001101 0 0	0100101111 0 0	---011 0 0
11834	0.000	0.000	( 0 )	110111001101 0 0	0100101111 0 0	---011 0 0
20490	0.000	0.000	( 0 )	110111001101 0 0	0100101111 0 0	---011 0 0
20503	0.000	0.000	( 0 )	110111001101 0 0	0100101111 0 0	---011 0 0
12016	0.000	0.000	( 0 )	110111001101 0 0	0100101111 0 0	---011 0 0
11827	0.000	0.000	( 0 )	110111001101 0 0	0100101111 0 0	---011 0 0
11919	0.000	0.000	( 0 )	110111001101 0 0	0100101111 0 0	---011 0 0
11789	0.000	0.000	( 0 )	110111001101 0 0	0100101111 0 0	---011 0 0
11933	0.000	0.000	( 0 )	110111001101 0 0	0100101111 0 0	---011 0 0
968	0.000	0.000	( 0 )	110111001101 0 0	0100101111 0 0	---011 0 0
13145	0.000	0.000	( 0 )	110111001101 0 0	0100101111 0 0	---011 0 0
2610	0.000	0.000	( 0 )	110111001101 0 0	0100101111 0 0	---011 0 0
11785	0.000	0.000	( 0 )	110111001101 0 0	0100101111 0 0	---011 0 0
11886	0.000	0.000	( 0 )	110111001101 0 0	0100101111 0 0	---011 0 0
11873	0.000	0.000	( 0 )	110111001101 0 0	0100101111 0 0	---011 0 0
13113	0.000	0.000	( 0 )	110111001101 0 0	0100101111 0 0	---011 0 0
13148	0.000	0.000	( 0 )	110111001101 0 0	0100101111 0 0	---011 0 0
20499	0.000	0.000	( 0 )	110111001101 0 0	0100101111 0 0	---011 0 0
10412	0.000	0.000	( 0 )	110111001101 0 0	0100101111 0 0	---011 0 0
11898	0.000	0.000	( 0 )	110111001101 0 0	0100101111 0 0	---011 0 0
11784	0.000	0.000	( 0 )	110111001101 0 0	0100101111 0 0	---011 0 0
13151	0.000	0.000	( 0 )	110111001101 0 0	0100101111 0 0	---011 0 0
11899	0.000	0.000	( 0 )	110111001101 0 0	0100101111 0 0	---011 0 0
11825	0.000	0.000	( 0 )	110111001101 0 0	0100101111 0 0	---011 0 0
20505	0.000	0.000	( 0 )	110111001101 0 0	0100101111 0 0	---011 0 0
11788	0.000	0.000	( 0 )	110111001101 0 0	0100101111 0 0	---011 0 0
11836	0.000	0.000	( 0 )	110111001101 0 0	0100101111 0 0	---011 0 0
20512	0.000	0.000	( 0 )	110111001101 0 0	0100101111 0 0	---011 0 0
11803	0.000	0.000	( 0 )	110111001101 0 0	0100101111 0 0	---011 0 0
12230	0.000	0.000	( 0 )	110111001101 0 0	0100101111 0 0	---011 0 0
11900	0.000	0.000	( 0 )	110111001101 0 0	0100101111 0 0	---011 0 0
11918	0.000	0.000	( 0 )	110111001101 0 0	0100101111 0 0	---011 0 0
11903	0.000	0.000	( 0 )	110111001101 0 0	0100101111 0 0	---011 0 0
11861	0.000	0.000	( 0 )	110111001101 0 0	0100101111 0 0	---011 0 0
20515	0.000	0.000	( 0 )	110111001101 0 0	0100101111 0 0	---011 0 0
11793	0.000	0.000	( 0 )	110111001101 0 0	0100101111 0 0	---011 0 0
11909	0.000	0.000	( 0 )	110111001101 0 0	0100101111 0 0	---011 0 0
11805	0.000	0.000	( 0 )	110111001101 0 0	0100101111 0 0	---011 0 0
20493	0.000	0.000	( 0 )	110111001101 0 0	0100101111 0 0	---011 0 0
19646	0.000	0.000	( 0 )	110111001101 0 0	0100101111 0 0	---011 0 0
3374	0.000	0.000	( 0 )	110111001101 0 0	0100101111 0 0	---011 0 0
11840	0.000	0.000	( 0 )	110111001101 0 0	0100101111 0 0	---011 0 0
11879	0.000	0.000	( 0 )	110111001101 0 0	0100101111 0 0	---011 0 0
11796	0.000	0.000	( 0 )	110111001101 0 0	0100101111 0 0	---011 0 0
11810	0.000	0.000	( 0 )	110111001101 0 0	0100101111 0 0	---011 0 0
20511	0.000	0.000	( 0 )	110111001101 0 0	0100101111 0 0	---011 0 0
11937	0.000	0.000	( 0 )	110111001101 0 0	0100101111 0 0	---011 0 0
11795	0.000	0.000	( 0 )	110111001101 0 0	0100101111 0 0	---011 0 0
12967	0.000	0.000	( 0 )	110111001101 0 0	0100101111 0 0	---011 0 0
12067	0.000	0.000	( 0 )	110111001101 0 0	0100101111 0 0	---011 0 0
11925	0.000	0.000	( 0 )	110111001101 0 0	0100101111 0 0	---011 0 0
11870	0.000	0.000	( 0 )	110111001101 0 0	0100101111 0 0	---011 0 0
20547	0.000	0.000	( 0 )	110111001101 0 0	0100101111 0 0	---011 0 0
11906	0.000	0.000	( 0 )	110111001101 0 0	0100101111 0 0	---011 0 0
20504	0.000	0.000	( 0 )	110111001101 0 0	0100101111 0 0	---011 0 0
11891	0.000	0.000	( 0 )	110111001101 0 0	0100101111 0 0	---011 0 0
11902	0.000	0.000	( 0 )	110111001101 0 0	0100101111 0 0	---011 0 0
13106	0.000	0.000	( 0 )	110111001101 0 0	0100101111 0 0	---011 0 0
12892	0.000	0.000	( 0 )	110111001101 0 0	0100101111 0 0	---011 0 0
11916	0.000	0.000	( 0 )	110111001101 0 0	0100101111 0 0	---011 0 0
13109	5.579	5.579	( 0 )	110111001100 0 1	0100101111 0 0	---011 0 0
3400	5.579	5.579	( 0 )	110111001100 0 0	0100101111 0 0	---011 0 0
10434	5.579	5.579	( 0 )	110111001100 0 0	0100101111 0 0	---011 0 0
11932	5.579	5.579	( 0 )	110111001100 0 0	0100101111 0 0	---011 0 0
11804	5.579	5.579	( 0 )	110111001100 0 0	0100101111 0 0	---011 0 0
20500	5.579	5.579	( 0 )	110111001100 0 0	0100101111 0 0	---011 0 0
10433	5.579	5.579	( 0 )	110111001100 0 0	0100101111 0 0	---011 0 0
11924	5.579	5.579	( 0 )	110111001100 0 0	0100101111 0 0	---011 0 0
13123	5.579	5.579	( 0 )	110111001100 0 0	0100101111 0 0	---011 0 0
11944	5.579	5.579	( 0 )	110111001100 0 0	0100101111 0 0	---011 0 0
13128	5.579	5.579	( 0 )	110111001100 0 0	0100101111 0 0	---011 0 0
12926	5.579	5.579	( 0 )	110111001100 0 0	0100101111 0 0	---011 0 0
11849	5.579	5.579	( 0 )	110111001100 0 0	0100101111 0 0	---011 0 0
11817	5.579	5.579	( 0 )	110111001100 0 0	0100101111 0 0	---011 0 0
13125	5.579	5.579	( 0 )	110111001100 0 0	0100101111 0 0	---011 0 0
11799	5.579	5.579	( 0 )	110111001100 0 0	0100101111 0 0	---011 0 0
13114	5.579	5.579	( 0 )	110111001100 0 0	0100101111 0 0	---011 0 0
11877	5.579	5.579	( 0 )	110111001100 0 0	0100101111 0 0	---011 0 0
11928	5.579	5.579	( 0 )	110111001100 0 0	0100101111 0 0	---011 0 0
11920	5.579	5.579	( 0 )	110111001100 0 0	0100101111 0 0	---011 0 0
20491	5.579	5.579	( 0 )	110111001100 0 0	0100101111 0 0	---011 0 0
11927	5.579	5.579	( 0 )	110111001100 0 0	0100101111 0 0	---011 0 0
11854	5.579	5.579	( 0 )	110111001100 0 0	0100101111 0 0	---011 0 0
11943	5.579	5.579	( 0 )	110111001100 0 0	0100101111 0 0	---011 0 0
13158	5.579	5.579	( 0 )	110111001100 0 0	0100101111 0 0	---011 0 0
11894	5.579	5.579	( 0 )	110111001100 0 0	0100101111 0 0	---011 0 0
11904	5.579	5.579	( 0 )	110111001100 0 0	0100101111 0 0	---011 0 0
13130	5.579	5.579	( 0 )	110111001100 0 0	0100101111 0 0	---011 0 0
11876	5.579	5.579	( 0 )	110111001100 0 0	0100101111 0 0	---011 0 0
11819	5.579	5.579	( 0 )	110111001100 0 0	0100101111 0 0	---011 0 0
11884	5.579	5.579	( 0 )	110111001100 0 0	0100101111 0 0	---011 0 0
11791	5.579	5.579	( 0 )	110111001100 0 0	0100101111 0 0	---011 0 0
11915	5.579	5.579	( 0 )	110111001100 0 0	0100101111 0 0	---011 0 0
11837	5.579	5.579	( 0 )	110111001100 0 0	0100101111 0 0	---011 0 0
12965	16.878	16.878	( 0 )	110111-011-0 0 2	0100101111 0 0	---011 0 0
20518	16.878	16.878	( 0 )	110111-011-0 0 0	0100101111 0 0	---011 0 0
20497	16.878	16.878	( 0 )	110111101110 0 0	0100101111 0 0	---011 0 0
20486	16.878	16.878	( 0 )	110111101110 0 0	0100101111 0 0	---011 0 0
13155	16.878	16.878	( 0 )	110111101110 0 0	0100101111 0 0	---011 0 0
12968	16.878	16.878	( 0 )	110111101110 0 0	0100101111 0 0	---011 0 0
20516	16.878	16.878	( 0 )	110111101110 0 0	0100101111 0 0	---011 0 0
10451	16.878	16.878	( 0 )	110111101110 0 0	0100101111 0 0	---011 0 0
11806	16.878	16.878	( 0 )	110111101110 0 0	0100101111 0 0	---011 0 0
12969	16.878	16.878	( 0 )	110111101110 0 0	0100101111 0 0	---011 0 0
2677	16.878	16.878	( 0 )	110111101110 0 0	0100101111 0 0	---011 0 0
#*** LG = 4 likelihood = -68.7298
#marker_number	male_position	female_position	( 0.0 )[	phased data]
13603	0.000	0.000	( 0 )	111111111010 0 0	-----00111 0 0	111001 0 0
13644	0.000	0.000	( 0 )	111111111010 0 0	-----00111 0 0	111001 0 0
11017	17.329	17.329	( 0 )	111111111010 0 0	-----00111 0 0	111101 0 1
13429	34.657	34.657	( 0 )	1111111---10 0 3	-----00111 0 0	111101 0 0
6866	34.657	34.657	( 0 )	111111100110 0 0	-----00111 0 0	111101 0 0
16583	34.657	34.657	( 0 )	111111100110 0 0	-----00111 0 0	111101 0 0
5353	34.657	34.657	( 0 )	111111100110 0 0	-----00111 0 0	111101 0 0
13608	34.657	34.657	( 0 )	111111100110 0 0	-----00111 0 0	111101 0 0
19292	40.236	40.236	( 0 )	111111100110 0 0	-----00111 0 0	1111-1 0 1
7098	40.236	40.236	( 0 )	111111100110 0 0	-----00111 0 0	111111 0 0
19117	40.236	40.236	( 0 )	111111100110 0 0	-----00111 0 0	111111 0 0
20514	40.236	40.236	( 0 )	111111100110 0 0	-----00111 0 0	111111 0 0
4528	40.236	40.236	( 0 )	111111100110 0 0	-----00111 0 0	111111 0 0
13514	40.236	40.236	( 0 )	111111100110 0 0	-----00111 0 0	111111 0 0
7777	67.701	67.701	( 0 )	111111000101 0 3	-----00111 0 0	111111 0 0
#*** LG = 5 likelihood = -42.1513
#marker_number	male_position	female_position	( 0.0 )[	phased data]
1552	0.000	0.000	( 0 )	010000001111 0 0	-----11011 0 0	---010 0 0
15750	0.000	0.000	( 0 )	010000001111 0 0	-----11011 0 0	---010 0 0
4317	0.000	0.000	( 0 )	010000001111 0 0	-----11011 0 0	---010 0 0
174	9.193	9.193	( 0 )	010000001--1 0 2	-----11011 0 0	---010 0 0
20165	12.771	12.771	( 0 )	010000001--1 0 0	-----11011 0 0	---01- 0 1
20519	12.771	12.771	( 0 )	010000001--1 0 0	-----11011 0 0	---011 0 0
1132	16.348	16.348	( 0 )	010000001--1 0 0	-----11011 0 0	---001 0 1
18801	16.348	16.348	( 0 )	010000001--1 0 0	-----11011 0 0	---001 0 0
8622	16.348	16.348	( 0 )	010000001--1 0 0	-----11011 0 0	---001 0 0
13517	16.348	16.348	( 0 )	010000001--1 0 0	-----11011 0 0	---001 0 0
259	16.348	16.348	( 0 )	010000001--1 0 0	-----11011 0 0	---001 0 0
13335	16.348	16.348	( 0 )	010000001--1 0 0	-----11011 0 0	---001 0 0
16894	16.348	16.348	( 0 )	010000001--1 0 0	-----11011 0 0	---001 0 0
16806	16.348	16.348	( 0 )	010000001--1 0 0	-----11011 0 0	---001 0 0
7213	16.348	16.348	( 0 )	010000001001 0 0	-----11011 0 0	---001 0 0
13614	16.348	16.348	( 0 )	010000001001 0 0	-----11011 0 0	---001 0 0
13624	16.348	16.348	( 0 )	010000001001 0 0	-----11011 0 0	---001 0 0
7206	16.348	16.348	( 0 )	010000001001 0 0	-----11011 0 0	---001 0 0
#*** LG = 6 likelihood = -157.3821
#marker_number	male_position	female_position	( 0.0 )[	phased data]
5200	0.000	0.000	( 0 )	010001100110 0 0	11110----- 0 0	001--- 0 0
20377	0.000	0.000	( 0 )	010001100110 0 0	11110----- 0 0	001--- 0 0
20043	8.412	8.412	( 0 )	010001101110 0 1	11110----- 0 0	001--- 0 0
20383	8.412	8.412	( 0 )	010001101110 0 0	11110----- 0 0	001--- 0 0
20042	8.412	8.412	( 0 )	010001101110 0 0	11110----- 0 0	001--- 0 0
20063	8.412	8.412	( 0 )	010001101110 0 0	11110----- 0 0	001--- 0 0
20472	25.740	25.740	( 0 )	010001-011-0 0 2	11110----- 0 0	001--- 0 0
20028	25.740	25.740	( 0 )	010001001100 0 0	11110----- 0 0	001--- 0 0
20453	34.152	34.152	( 0 )	010001001000 0 1	11110----- 0 0	001--- 0 0
20313	34.152	34.152	( 0 )	010001001000 0 0	11110----- 0 0	001--- 0 0
1384	34.152	34.152	( 0 )	010001001000 0 0	11110----- 0 0	001--- 0 0
20373	34.152	34.152	( 0 )	010001001000 0 0	11110----- 0 0	001--- 0 0
20477	34.152	34.152	( 0 )	010001001000 0 0	11110----- 0 0	001--- 0 0
6918	34.152	34.152	( 0 )	010001001000 0 0	11110----- 0 0	001--- 0 0
#*** LG = 7 likelihood = -20.0301
#marker_number	male_position	female_position	( 0.0 )[	phased data]
7702	0.000	0.000	( 0 )	------------ 0 0	01111----- 0 0	110111 0 0
7162	0.000	0.000	( 0 )	------------ 0 0	01111----- 0 0	110111 0 0
13731	0.000	0.000	( 0 )	------------ 0 0	01111----- 0 0	110111 0 0
8525	0.000	0.000	( 0 )	------------ 0 0	01111----- 0 0	110111 0 0
12905	17.329	17.329	( 0 )	------------ 0 0	01111----- 0 0	110011 0 1
4542	17.329	17.329	( 0 )	------------ 0 0	01111----- 0 0	110011 0 0
13016	17.329	17.329	( 0 )	------------ 0 0	01111----- 0 0	110011 0 0
#*** LG = 8 likelihood = -15.4494
#marker_number	male_position	female_position	( 0.0 )[	phased data]
18932	0.000	0.000	( 0 )	001111010001 0 0	00111----- 0 0	010--- 0 0
12511	0.000	0.000	( 0 )	001111010001 0 0	00111----- 0 0	010--- 0 0
8844	0.000	0.000	( 0 )	001111010001 0 0	00111----- 0 0	010--- 0 0
5228	0.000	0.000	( 0 )	001111010001 0 0	00111----- 0 0	010--- 0 0
12479	0.000	0.000	( 0 )	001111010001 0 0	00111----- 0 0	010--- 0 0
