#java OrderMarkers2 map=map3_3_js.txt data=data_f.call useKosambi=1 numMergeIterations=1 sexAveraged=1 outputPhasedData=2 grandparentPhase=1 recombination1=0 chromosome=4 randSeed=-4573556794108382779
#*** LG = 4 likelihood = -76.1723
#marker_number	male_position	female_position	( 0.0 )[	phased data]
20514	0.000	0.000	( 0 )	111111111010 0 0	---------- 0 0	111111 0 0
7098	0.000	0.000	( 0 )	111111111010 0 0	---------- 0 0	111111 0 0
4528	0.000	0.000	( 0 )	111111111010 0 0	---------- 0 0	111111 0 0
11017	0.000	0.000	( 0 )	111111111010 0 0	---------- 0 0	111111 0 0
13514	17.329	17.329	( 0 )	111111100110 0 3	---------- 0 0	111111 0 0
16583	22.907	22.907	( 0 )	111111100110 0 0	---------- 0 0	111101 0 1
6866	22.907	22.907	( 0 )	111111100110 0 0	---------- 0 0	111101 0 0
19292	22.907	22.907	( 0 )	111111100110 0 0	---------- 0 0	111101 0 0
13608	22.907	22.907	( 0 )	111111100110 0 0	---------- 0 0	111101 0 0
13603	28.486	28.486	( 0 )	111111100110 0 0	---------- 0 0	111001 0 1
19117	28.486	28.486	( 0 )	111111100110 0 0	---------- 0 0	111001 0 0
13429	45.815	45.815	( 0 )	111111-001-- 0 3	---------- 0 0	111001 0 0
7777	45.815	45.815	( 0 )	111111000101 0 0	---------- 0 0	111001 0 0
13644	45.815	45.815	( 0 )	111111000101 0 0	---------- 0 0	111001 0 0
