#java OrderMarkers2 map=map3_3_js.txt data=data_f.call useKosambi=1 numMergeIterations=1 sexAveraged=1 outputPhasedData=2 grandparentPhase=1 recombination1=0 randSeed=6576633359673056898
#*** LG = 1 likelihood = -2309.104
#marker_number	male_position	female_position	( 0.0 )[	phased data]
NW_019211454.1	25726028	0.000	0.000	( 0 )	011110100000 0 0	1101101111 0 0	101110 0 0
NW_019211457.1	124954	8.412	8.412	( 0 )	011110000000 0 1	1101101111 0 0	101110 0 0
NW_019211455.1	33647417	8.412	8.412	( 0 )	011110000000 0 0	1101101111 0 0	101110 0 0
NW_019211456.1	19609691	8.412	8.412	( 0 )	011110000000 0 0	1101101111 0 0	101110 0 0
NW_019211456.1	15290188	8.412	8.412	( 0 )	011110000000 0 0	1101101111 0 0	101110 0 0
NW_019211456.1	15243642	8.412	8.412	( 0 )	011110000000 0 0	1101101111 0 0	101110 0 0
NW_019211456.1	14147629	8.412	8.412	( 0 )	011110000000 0 0	1101101111 0 0	101110 0 0
NW_019211456.1	14100341	8.412	8.412	( 0 )	011110000000 0 0	1101101111 0 0	101110 0 0
NW_019211455.1	36968496	8.412	8.412	( 0 )	011110000000 0 0	1101101111 0 0	101110 0 0
NW_019211456.1	14076775	8.412	8.412	( 0 )	011110000000 0 0	1101101111 0 0	101110 0 0
NW_019211456.1	20565769	8.412	8.412	( 0 )	011110000000 0 0	1101101111 0 0	101110 0 0
NW_019211454.1	6501723	8.412	8.412	( 0 )	011110000000 0 0	1101101111 0 0	101110 0 0
NW_019211456.1	14254849	8.412	8.412	( 0 )	011110000000 0 0	1101101111 0 0	101110 0 0
NW_019211456.1	14258096	8.412	8.412	( 0 )	011110000000 0 0	1101101111 0 0	101110 0 0
NW_019211455.1	28911219	8.412	8.412	( 0 )	011110000000 0 0	1101101111 0 0	101110 0 0
NW_019211456.1	13659623	8.412	8.412	( 0 )	011110000000 0 0	1101101111 0 0	101110 0 0
NW_019211455.1	33069852	8.412	8.412	( 0 )	011110000000 0 0	1101101111 0 0	101110 0 0
NW_019211456.1	13915537	8.412	8.412	( 0 )	011110000000 0 0	1101101111 0 0	101110 0 0
NW_019211455.1	41369909	8.412	8.412	( 0 )	011110000000 0 0	1101101111 0 0	101110 0 0
NW_019211456.1	13681742	8.412	8.412	( 0 )	011110000000 0 0	1101101111 0 0	101110 0 0
NW_019211454.1	39444682	8.412	8.412	( 0 )	011110000000 0 0	1101101111 0 0	101110 0 0
NW_019211456.1	13539734	8.412	8.412	( 0 )	011110000000 0 0	1101101111 0 0	101110 0 0
NW_019211454.1	39850757	8.412	8.412	( 0 )	011110000000 0 0	1101101111 0 0	101110 0 0
NW_019211455.1	28861397	8.412	8.412	( 0 )	011110000000 0 0	1101101111 0 0	101110 0 0
NW_019211455.1	33362475	8.412	8.412	( 0 )	011110000000 0 0	1101101111 0 0	101110 0 0
NW_019211456.1	13536841	8.412	8.412	( 0 )	011110000000 0 0	1101101111 0 0	101110 0 0
NW_019211456.1	43696087	11.989	11.989	( 0 )	01111000000- 0 1	1101101111 0 0	101110 0 0
NW_019211454.1	39155254	11.989	11.989	( 0 )	01111000000- 0 0	1101101111 0 0	101110 0 0
NW_019211459.1	6073758	15.567	15.567	( 0 )	01111000000- 0 0	1101101111 0 0	101010 0 1
NW_019211455.1	32952007	19.144	19.144	( 0 )	011110000001 0 0	1101101111 0 0	1010-0 0 1
NW_019211455.1	29761790	19.144	19.144	( 0 )	011110000001 0 0	1101101111 0 0	1010-0 0 0
NW_019211459.1	25366615	19.144	19.144	( 0 )	011110000001 0 0	1101101111 0 0	1010-0 0 0
NW_019211459.1	17759733	19.144	19.144	( 0 )	011110000001 0 0	1101101111 0 0	1010-0 0 0
NW_019211455.1	29762225	19.144	19.144	( 0 )	011110000001 0 0	1101101111 0 0	1010-0 0 0
NW_019211459.1	25151318	19.144	19.144	( 0 )	011110000001 0 0	1101101111 0 0	1010-0 0 0
NW_019211458.1	35568580	19.144	19.144	( 0 )	011110000001 0 0	1101101111 0 0	101000 0 0
NW_019211458.1	35536069	19.144	19.144	( 0 )	011110000001 0 0	1101101111 0 0	101000 0 0
NW_019211458.1	36837209	19.144	19.144	( 0 )	011110000001 0 0	1101101111 0 0	101000 0 0
NW_019211458.1	36834241	19.144	19.144	( 0 )	011110000001 0 0	1101101111 0 0	101000 0 0
NW_019211458.1	36837233	19.144	19.144	( 0 )	011110000001 0 0	1101101111 0 0	101000 0 0
NW_019211458.1	36834160	19.144	19.144	( 0 )	011110000001 0 0	1101101111 0 0	101000 0 0
NW_019211458.1	35525891	19.144	19.144	( 0 )	011110000001 0 0	1101101111 0 0	101000 0 0
NW_019211458.1	36835702	19.144	19.144	( 0 )	011110000001 0 0	1101101111 0 0	101000 0 0
NW_019211458.1	35547947	19.144	19.144	( 0 )	011110000001 0 0	1101101111 0 0	101000 0 0
NW_019211458.1	35527849	19.144	19.144	( 0 )	011110000001 0 0	1101101111 0 0	101000 0 0
NW_019211455.1	32994313	22.722	22.722	( 0 )	011110000001 0 0	1101101111 0 0	10100- 0 1
NW_019211457.1	34775783	22.722	22.722	( 0 )	011110000001 0 0	1101101111 0 0	101001 0 0
NW_019211459.1	17704709	22.722	22.722	( 0 )	011110000001 0 0	1101101111 0 0	101001 0 0
NW_019211457.1	34849335	22.722	22.722	( 0 )	011110000001 0 0	1101101111 0 0	101001 0 0
NW_019211457.1	34823714	22.722	22.722	( 0 )	011110000001 0 0	1101101111 0 0	101001 0 0
NW_019211455.1	33052009	26.299	26.299	( 0 )	011110100001 0 1	1101101111 0 0	101001 0 0
NW_019211456.1	45201248	26.299	26.299	( 0 )	011110100001 0 0	1101101111 0 0	101001 0 0
NW_019211456.1	14144788	29.877	29.877	( 0 )	011110100011 0 1	1101101111 0 0	101001 0 0
NW_019211456.1	18145024	29.877	29.877	( 0 )	011110100011 0 0	1101101111 0 0	101001 0 0
NW_019211459.1	24594988	29.877	29.877	( 0 )	011110100011 0 0	1101101111 0 0	101001 0 0
NW_019211456.1	19668326	29.877	29.877	( 0 )	011110100011 0 0	1101101111 0 0	101001 0 0
NW_019211456.1	14221849	29.877	29.877	( 0 )	011110100011 0 0	1101101111 0 0	101001 0 0
NW_019211456.1	20466776	29.877	29.877	( 0 )	011110100011 0 0	1101101111 0 0	101001 0 0
NW_019211456.1	14150312	29.877	29.877	( 0 )	011110100011 0 0	1101101111 0 0	101001 0 0
NW_019211455.1	33142245	33.454	33.454	( 0 )	011110100111 0 1	1101101111 0 0	101001 0 0
NW_019211455.1	33743888	33.454	33.454	( 0 )	011110100111 0 0	1101101111 0 0	101001 0 0
NW_019211454.1	16351940	33.454	33.454	( 0 )	011110100111 0 0	1101101111 0 0	101001 0 0
NW_019211459.1	25102355	37.032	37.032	( 0 )	011110100111 0 0	11011-1111 0 1	101001 0 0
NW_019211454.1	27191386	37.032	37.032	( 0 )	011110100111 0 0	1101111111 0 0	101001 0 0
NW_019211455.1	30623842	37.032	37.032	( 0 )	011110100111 0 0	1101111111 0 0	101001 0 0
NW_019211455.1	33569349	37.032	37.032	( 0 )	011110100111 0 0	1101111111 0 0	101001 0 0
NW_019211455.1	41343885	37.032	37.032	( 0 )	011110100111 0 0	1101111111 0 0	101001 0 0
NW_019211455.1	33029786	37.032	37.032	( 0 )	011110100111 0 0	1101111111 0 0	101001 0 0
NW_019211454.1	26203130	37.032	37.032	( 0 )	011110100111 0 0	1101111111 0 0	101001 0 0
NW_019211457.1	34423598	37.032	37.032	( 0 )	011110100111 0 0	1101111111 0 0	101001 0 0
NW_019211455.1	33871916	37.032	37.032	( 0 )	011110100111 0 0	1101111111 0 0	101001 0 0
NW_019211455.1	29111946	37.032	37.032	( 0 )	011110100111 0 0	1101111111 0 0	101001 0 0
NW_019211459.1	24754404	37.032	37.032	( 0 )	011110100111 0 0	1101111111 0 0	101001 0 0
NW_019211460.1	17133513	37.032	37.032	( 0 )	011110100111 0 0	1101111111 0 0	101001 0 0
NW_019211456.1	13534287	37.032	37.032	( 0 )	011110100111 0 0	1101111111 0 0	101001 0 0
NW_019211455.1	25768715	37.032	37.032	( 0 )	011110100111 0 0	1101111111 0 0	101001 0 0
NW_019211454.1	39762977	37.032	37.032	( 0 )	011110100111 0 0	1101111111 0 0	101001 0 0
NW_019211455.1	33130026	37.032	37.032	( 0 )	011110100111 0 0	1101111111 0 0	101001 0 0
NW_019211455.1	33373471	37.032	37.032	( 0 )	011110100111 0 0	1101111111 0 0	101001 0 0
NW_019211455.1	25633141	37.032	37.032	( 0 )	011110100111 0 0	1101111111 0 0	101001 0 0
NW_019211455.1	28281204	37.032	37.032	( 0 )	011110100111 0 0	1101111111 0 0	101001 0 0
NW_019211456.1	13534673	37.032	37.032	( 0 )	011110100111 0 0	1101111111 0 0	101001 0 0
NW_019211456.1	13521803	37.032	37.032	( 0 )	011110100111 0 0	1101111111 0 0	101001 0 0
NW_019211455.1	32849551	37.032	37.032	( 0 )	011110100111 0 0	1101111111 0 0	101001 0 0
NW_019211457.1	34742366	37.032	37.032	( 0 )	011110100111 0 0	1101111111 0 0	101001 0 0
NW_019211457.1	37053089	37.032	37.032	( 0 )	011110100111 0 0	1101111111 0 0	101001 0 0
NW_019211455.1	33321615	44.224	44.224	( 0 )	011110100111 0 0	110111--11 0 2	101001 0 0
NW_019211455.1	25761579	44.224	44.224	( 0 )	011110100111 0 0	110111--11 0 0	101001 0 0
NW_019211459.1	25395307	44.224	44.224	( 0 )	011110100111 0 0	110111--11 0 0	101001 0 0
NW_019211454.1	25193720	44.224	44.224	( 0 )	011110100111 0 0	110111--11 0 0	101001 0 0
NW_019211457.1	34828332	44.224	44.224	( 0 )	011110100111 0 0	110111--11 0 0	101001 0 0
NW_019211455.1	29394767	44.224	44.224	( 0 )	011110100111 0 0	110111--11 0 0	101001 0 0
NW_019211455.1	30042595	44.224	44.224	( 0 )	011110100111 0 0	110111--11 0 0	101001 0 0
NW_019211455.1	28770372	44.224	44.224	( 0 )	011110100111 0 0	110111--11 0 0	101001 0 0
NW_019211454.1	39578174	44.224	44.224	( 0 )	011110100111 0 0	110111--11 0 0	101001 0 0
NW_019211456.1	42082780	44.224	44.224	( 0 )	011110100111 0 0	110111--11 0 0	101001 0 0
NW_019211459.1	2795797	44.224	44.224	( 0 )	011110100111 0 0	110111--11 0 0	101001 0 0
NW_019211454.1	30844354	44.224	44.224	( 0 )	011110100111 0 0	110111--11 0 0	101001 0 0
NW_019211457.1	37061654	44.224	44.224	( 0 )	011110100111 0 0	110111--11 0 0	101001 0 0
NW_019211457.1	34863195	44.224	44.224	( 0 )	011110100111 0 0	110111--11 0 0	101001 0 0
NW_019211456.1	45129266	44.224	44.224	( 0 )	011110100111 0 0	110111--11 0 0	101001 0 0
NW_019211454.1	16252338	44.224	44.224	( 0 )	011110100111 0 0	110111--11 0 0	101001 0 0
NW_019211457.1	34733281	44.224	44.224	( 0 )	011110100111 0 0	110111--11 0 0	101001 0 0
NW_019211457.1	35033075	44.224	44.224	( 0 )	011110100111 0 0	110111--11 0 0	101001 0 0
NW_019211454.1	30527667	44.224	44.224	( 0 )	011110100111 0 0	110111--11 0 0	101001 0 0
NW_019211457.1	34752723	44.224	44.224	( 0 )	011110100111 0 0	110111--11 0 0	101001 0 0
NW_019211457.1	30067255	44.224	44.224	( 0 )	011110100111 0 0	110111--11 0 0	101001 0 0
NW_019211454.1	30695047	44.224	44.224	( 0 )	011110100111 0 0	110111--11 0 0	101001 0 0
NW_019211457.1	37944180	44.224	44.224	( 0 )	011110100111 0 0	110111--11 0 0	101001 0 0
NW_019211457.1	35056770	44.224	44.224	( 0 )	011110100111 0 0	110111--11 0 0	101001 0 0
NW_019211454.1	16501858	44.224	44.224	( 0 )	011110100111 0 0	110111--11 0 0	101001 0 0
NW_019211454.1	16727547	44.224	44.224	( 0 )	011110100111 0 0	110111--11 0 0	101001 0 0
NW_019211454.1	30520762	44.224	44.224	( 0 )	011110100111 0 0	110111--11 0 0	101001 0 0
NW_019211454.1	16312031	44.224	44.224	( 0 )	011110100111 0 0	110111--11 0 0	101001 0 0
NW_019211454.1	30690128	44.224	44.224	( 0 )	011110100111 0 0	110111--11 0 0	101001 0 0
NW_019211456.1	43664825	44.224	44.224	( 0 )	011110100111 0 0	110111--11 0 0	101001 0 0
NW_019211459.1	6656806	44.224	44.224	( 0 )	011110100111 0 0	110111--11 0 0	101001 0 0
NW_019211457.1	34825474	44.224	44.224	( 0 )	011110100111 0 0	110111--11 0 0	101001 0 0
NW_019211454.1	30801095	44.224	44.224	( 0 )	011110100111 0 0	110111--11 0 0	101001 0 0
NW_019211454.1	30784940	44.224	44.224	( 0 )	011110100111 0 0	110111--11 0 0	101001 0 0
NW_019211457.1	34826037	44.224	44.224	( 0 )	011110100111 0 0	110111--11 0 0	101001 0 0
NW_019211457.1	38723373	44.224	44.224	( 0 )	011110100111 0 0	110111--11 0 0	101001 0 0
NW_019211454.1	30644930	44.224	44.224	( 0 )	011110100111 0 0	110111--11 0 0	101001 0 0
NW_019211457.1	36801614	44.224	44.224	( 0 )	011110100111 0 0	110111--11 0 0	101001 0 0
NW_019211457.1	34828441	44.224	44.224	( 0 )	011110100111 0 0	110111--11 0 0	101001 0 0
NW_019211454.1	16720092	44.224	44.224	( 0 )	011110100111 0 0	110111--11 0 0	101001 0 0
NW_019211456.1	39306287	44.224	44.224	( 0 )	011110100111 0 0	110111--11 0 0	101001 0 0
NW_019211454.1	16549009	44.224	44.224	( 0 )	011110100111 0 0	110111--11 0 0	101001 0 0
NW_019211454.1	15163907	44.224	44.224	( 0 )	011110100111 0 0	110111--11 0 0	101001 0 0
NW_019211457.1	34773427	44.224	44.224	( 0 )	011110100111 0 0	110111--11 0 0	101001 0 0
NW_019211454.1	30713908	44.224	44.224	( 0 )	011110100111 0 0	110111--11 0 0	101001 0 0
NW_019211454.1	16698054	44.224	44.224	( 0 )	011110100111 0 0	110111--11 0 0	101001 0 0
NW_019211459.1	6496088	44.224	44.224	( 0 )	011110100111 0 0	110111--11 0 0	101001 0 0
NW_019211459.1	6570483	44.224	44.224	( 0 )	011110100111 0 0	110111--11 0 0	101001 0 0
NW_019211454.1	16706591	44.224	44.224	( 0 )	011110100111 0 0	110111--11 0 0	101001 0 0
NW_019211454.1	30812477	44.224	44.224	( 0 )	011110100111 0 0	110111--11 0 0	101001 0 0
NW_019211459.1	6705175	44.224	44.224	( 0 )	011110100111 0 0	110111--11 0 0	101001 0 0
NW_019211454.1	16287030	44.224	44.224	( 0 )	011110100111 0 0	110111--11 0 0	101001 0 0
NW_019211454.1	16312209	44.224	44.224	( 0 )	011110100111 0 0	110111--11 0 0	101001 0 0
NW_019211456.1	45170104	44.224	44.224	( 0 )	011110100111 0 0	110111--11 0 0	101001 0 0
NW_019211457.1	34854276	44.224	44.224	( 0 )	011110100111 0 0	110111--11 0 0	101001 0 0
NW_019211457.1	38689622	44.224	44.224	( 0 )	011110100111 0 0	110111--11 0 0	101001 0 0
NW_019211454.1	30632772	44.224	44.224	( 0 )	011110100111 0 0	110111--11 0 0	101001 0 0
NW_019211454.1	16209339	44.224	44.224	( 0 )	011110100111 0 0	110111--11 0 0	101001 0 0
NW_019211459.1	6418279	44.224	44.224	( 0 )	011110100111 0 0	110111--11 0 0	101001 0 0
NW_019211457.1	35052622	44.224	44.224	( 0 )	011110100111 0 0	110111--11 0 0	101001 0 0
NW_019211457.1	37065873	44.224	44.224	( 0 )	011110100111 0 0	110111--11 0 0	101001 0 0
NW_019211454.1	30856271	44.224	44.224	( 0 )	011110100111 0 0	110111--11 0 0	101001 0 0
NW_019211457.1	34756415	44.224	44.224	( 0 )	011110100111 0 0	110111--11 0 0	101001 0 0
NW_019211454.1	30628791	44.224	44.224	( 0 )	011110100111 0 0	110111--11 0 0	101001 0 0
NW_019211454.1	16343823	44.224	44.224	( 0 )	011110100111 0 0	110111--11 0 0	101001 0 0
NW_019211454.1	29351099	44.224	44.224	( 0 )	011110100111 0 0	110111--11 0 0	101001 0 0
NW_019211457.1	38723555	44.224	44.224	( 0 )	011110100111 0 0	110111--11 0 0	101001 0 0
NW_019211454.1	16548057	44.224	44.224	( 0 )	011110100111 0 0	110111--11 0 0	101001 0 0
NW_019211456.1	45166394	44.224	44.224	( 0 )	011110100111 0 0	110111--11 0 0	101001 0 0
NW_019211459.1	6758081	44.224	44.224	( 0 )	011110100111 0 0	110111--11 0 0	101001 0 0
NW_019211456.1	45109409	44.224	44.224	( 0 )	011110100111 0 0	110111--11 0 0	101001 0 0
NW_019211454.1	15181015	44.224	44.224	( 0 )	011110100111 0 0	110111--11 0 0	101001 0 0
NW_019211454.1	15154154	44.224	44.224	( 0 )	011110100111 0 0	110111--11 0 0	101001 0 0
NW_019211457.1	34840334	44.224	44.224	( 0 )	011110100111 0 0	110111--11 0 0	101001 0 0
NW_019211454.1	16721321	44.224	44.224	( 0 )	011110100111 0 0	110111--11 0 0	101001 0 0
NW_019211454.1	16252170	44.224	44.224	( 0 )	011110100111 0 0	110111--11 0 0	101001 0 0
NW_019211457.1	35051231	44.224	44.224	( 0 )	011110100111 0 0	110111--11 0 0	101001 0 0
NW_019211454.1	30787589	44.224	44.224	( 0 )	011110100111 0 0	110111--11 0 0	101001 0 0
NW_019211457.1	37091343	44.224	44.224	( 0 )	011110100111 0 0	110111--11 0 0	101001 0 0
NW_019211454.1	16237478	44.224	44.224	( 0 )	011110100111 0 0	110111--11 0 0	101001 0 0
NW_019211456.1	45187147	44.224	44.224	( 0 )	011110100111 0 0	110111--11 0 0	101001 0 0
NW_019211456.1	45191376	44.224	44.224	( 0 )	011110100111 0 0	110111--11 0 0	101001 0 0
NW_019211457.1	34835036	44.224	44.224	( 0 )	011110100111 0 0	110111--11 0 0	101001 0 0
NW_019211454.1	30800532	44.224	44.224	( 0 )	011110100111 0 0	110111--11 0 0	101001 0 0
NW_019211457.1	34738625	44.224	44.224	( 0 )	011110100111 0 0	110111--11 0 0	101001 0 0
NW_019211454.1	16484152	44.224	44.224	( 0 )	011110100111 0 0	110111--11 0 0	101001 0 0
NW_019211454.1	30643717	44.224	44.224	( 0 )	011110100111 0 0	110111--11 0 0	101001 0 0
NW_019211454.1	16280784	44.224	44.224	( 0 )	011110100111 0 0	110111--11 0 0	101001 0 0
NW_019211454.1	15174291	44.224	44.224	( 0 )	011110100111 0 0	110111--11 0 0	101001 0 0
NW_019211454.1	30847457	44.224	44.224	( 0 )	011110100111 0 0	110111--11 0 0	101001 0 0
NW_019211454.1	16254370	44.224	44.224	( 0 )	011110100111 0 0	110111--11 0 0	101001 0 0
NW_019211454.1	16697582	44.224	44.224	( 0 )	011110100111 0 0	110111--11 0 0	101001 0 0
NW_019211456.1	45195219	44.224	44.224	( 0 )	011110100111 0 0	110111--11 0 0	101001 0 0
NW_019211457.1	35193806	44.224	44.224	( 0 )	011110100111 0 0	110111--11 0 0	101001 0 0
NW_019211456.1	45109465	44.224	44.224	( 0 )	011110100111 0 0	110111--11 0 0	101001 0 0
NW_019211454.1	30755639	44.224	44.224	( 0 )	011110100111 0 0	110111--11 0 0	101001 0 0
NW_019211457.1	34754041	44.224	44.224	( 0 )	011110100111 0 0	110111--11 0 0	101001 0 0
NW_019211457.1	34833133	44.224	44.224	( 0 )	011110100111 0 0	110111--11 0 0	101001 0 0
NW_019211459.1	6600862	44.224	44.224	( 0 )	011110100111 0 0	110111--11 0 0	101001 0 0
NW_019211454.1	16346827	44.224	44.224	( 0 )	011110100111 0 0	110111--11 0 0	101001 0 0
NW_019211459.1	6495801	44.224	44.224	( 0 )	011110100111 0 0	110111--11 0 0	101001 0 0
NW_019211457.1	30087762	44.224	44.224	( 0 )	011110100111 0 0	110111--11 0 0	101001 0 0
NW_019211457.1	34857317	44.224	44.224	( 0 )	011110100111 0 0	110111--11 0 0	101001 0 0
NW_019211454.1	16266943	44.224	44.224	( 0 )	011110100111 0 0	110111--11 0 0	101001 0 0
NW_019211459.1	6542370	44.224	44.224	( 0 )	011110100111 0 0	110111--11 0 0	101001 0 0
NW_019211459.1	6411794	44.224	44.224	( 0 )	011110100111 0 0	110111--11 0 0	101001 0 0
NW_019211457.1	34775151	44.224	44.224	( 0 )	011110100111 0 0	110111--11 0 0	101001 0 0
NW_019211459.1	6656470	44.224	44.224	( 0 )	011110100111 0 0	110111--11 0 0	101001 0 0
NW_019211457.1	30084787	44.224	44.224	( 0 )	011110100111 0 0	110111--11 0 0	101001 0 0
NW_019211454.1	30842129	44.224	44.224	( 0 )	011110100111 0 0	110111--11 0 0	101001 0 0
NW_019211456.1	45158723	44.224	44.224	( 0 )	011110100111 0 0	110111--11 0 0	101001 0 0
NW_019211459.1	6378335	44.224	44.224	( 0 )	011110100111 0 0	110111--11 0 0	101001 0 0
NW_019211459.1	6555588	44.224	44.224	( 0 )	011110100111 0 0	110111--11 0 0	101001 0 0
NW_019211457.1	34731968	44.224	44.224	( 0 )	011110100111 0 0	110111--11 0 0	101001 0 0
NW_019211454.1	32111333	44.224	44.224	( 0 )	011110100111 0 0	110111--11 0 0	101001 0 0
NW_019211454.1	16246384	44.224	44.224	( 0 )	011110100111 0 0	110111--11 0 0	101001 0 0
NW_019211459.1	6534520	44.224	44.224	( 0 )	011110100111 0 0	110111--11 0 0	101001 0 0
NW_019211454.1	30753615	44.224	44.224	( 0 )	011110100111 0 0	110111--11 0 0	101001 0 0
NW_019211454.1	16251076	44.224	44.224	( 0 )	011110100111 0 0	110111--11 0 0	101001 0 0
NW_019211457.1	34827829	44.224	44.224	( 0 )	011110100111 0 0	110111--11 0 0	101001 0 0
NW_019211454.1	16548075	44.224	44.224	( 0 )	011110100111 0 0	110111--11 0 0	101001 0 0
NW_019211454.1	16350959	44.224	44.224	( 0 )	011110100111 0 0	110111--11 0 0	101001 0 0
NW_019211457.1	38710955	44.224	44.224	( 0 )	011110100111 0 0	110111--11 0 0	101001 0 0
NW_019211457.1	35014846	44.224	44.224	( 0 )	011110100111 0 0	110111--11 0 0	101001 0 0
NW_019211457.1	37089049	44.224	44.224	( 0 )	011110100111 0 0	110111--11 0 0	101001 0 0
NW_019211457.1	34994822	44.224	44.224	( 0 )	011110100111 0 0	110111--11 0 0	101001 0 0
NW_019211454.1	16240213	44.224	44.224	( 0 )	011110100111 0 0	110111--11 0 0	101001 0 0
NW_019211456.1	45158780	44.224	44.224	( 0 )	011110100111 0 0	110111--11 0 0	101001 0 0
NW_019211457.1	34751370	44.224	44.224	( 0 )	011110100111 0 0	110111--11 0 0	101001 0 0
NW_019211457.1	37082245	44.224	44.224	( 0 )	011110100111 0 0	110111--11 0 0	101001 0 0
NW_019211454.1	30640749	44.224	44.224	( 0 )	011110100111 0 0	110111--11 0 0	101001 0 0
NW_019211459.1	6541437	44.224	44.224	( 0 )	011110100111 0 0	110111--11 0 0	101001 0 0
NW_019211454.1	16244152	44.224	44.224	( 0 )	011110100111 0 0	110111--11 0 0	101001 0 0
NW_019211454.1	30647668	44.224	44.224	( 0 )	011110100111 0 0	110111--11 0 0	101001 0 0
NW_019211457.1	33924872	44.224	44.224	( 0 )	011110100111 0 0	110111--11 0 0	101001 0 0
NW_019211457.1	37055534	44.224	44.224	( 0 )	011110100111 0 0	110111--11 0 0	101001 0 0
NW_019211456.1	43174412	44.224	44.224	( 0 )	011110100111 0 0	110111--11 0 0	101001 0 0
NW_019211454.1	15156765	44.224	44.224	( 0 )	011110100111 0 0	110111--11 0 0	101001 0 0
NW_019211456.1	45116700	44.224	44.224	( 0 )	011110100111 0 0	110111--11 0 0	101001 0 0
NW_019211457.1	34857001	44.224	44.224	( 0 )	011110100111 0 0	110111--11 0 0	101001 0 0
NW_019211456.1	43053731	44.224	44.224	( 0 )	011110100111 0 0	110111--11 0 0	101001 0 0
NW_019211459.1	6409679	44.224	44.224	( 0 )	011110100111 0 0	110111--11 0 0	101001 0 0
NW_019211457.1	37085715	44.224	44.224	( 0 )	011110100111 0 0	110111--11 0 0	101001 0 0
NW_019211454.1	30756276	44.224	44.224	( 0 )	011110100111 0 0	110111--11 0 0	101001 0 0
NW_019211456.1	45153791	44.224	44.224	( 0 )	011110100111 0 0	110111--11 0 0	101001 0 0
NW_019211457.1	38698404	44.224	44.224	( 0 )	011110100111 0 0	110111--11 0 0	101001 0 0
NW_019211457.1	34830599	44.224	44.224	( 0 )	011110100111 0 0	110111--11 0 0	101001 0 0
NW_019211454.1	16557649	44.224	44.224	( 0 )	011110100111 0 0	110111--11 0 0	101001 0 0
NW_019211457.1	34742350	44.224	44.224	( 0 )	011110100111 0 0	110111--11 0 0	101001 0 0
NW_019211456.1	45182499	44.224	44.224	( 0 )	011110100111 0 0	110111--11 0 0	101001 0 0
NW_019211459.1	6560430	44.224	44.224	( 0 )	011110100111 0 0	110111--11 0 0	101001 0 0
NW_019211454.1	32056788	44.224	44.224	( 0 )	011110100111 0 0	110111--11 0 0	101001 0 0
NW_019211457.1	38675319	44.224	44.224	( 0 )	011110100111 0 0	110111--11 0 0	101001 0 0
NW_019211456.1	45170599	44.224	44.224	( 0 )	011110100111 0 0	110111--11 0 0	101001 0 0
NW_019211457.1	38191819	44.224	44.224	( 0 )	011110100111 0 0	110111--11 0 0	101001 0 0
NW_019211457.1	34795699	44.224	44.224	( 0 )	011110100111 0 0	110111--11 0 0	101001 0 0
NW_019211457.1	38681443	44.224	44.224	( 0 )	011110100111 0 0	110111--11 0 0	101001 0 0
NW_019211459.1	7125260	44.224	44.224	( 0 )	011110100111 0 0	110111--11 0 0	101001 0 0
NW_019211456.1	45140155	44.224	44.224	( 0 )	011110100111 0 0	110111--11 0 0	101001 0 0
NW_019211454.1	16278003	44.224	44.224	( 0 )	011110100111 0 0	110111--11 0 0	101001 0 0
NW_019211454.1	16231334	44.224	44.224	( 0 )	011110100111 0 0	110111--11 0 0	101001 0 0
NW_019211454.1	30699924	44.224	44.224	( 0 )	011110100111 0 0	110111--11 0 0	101001 0 0
NW_019211454.1	30760193	44.224	44.224	( 0 )	011110100111 0 0	110111--11 0 0	101001 0 0
NW_019211454.1	16574120	44.224	44.224	( 0 )	011110100111 0 0	110111--11 0 0	101001 0 0
NW_019211454.1	30722179	44.224	44.224	( 0 )	011110100111 0 0	110111--11 0 0	101001 0 0
NW_019211454.1	16569723	44.224	44.224	( 0 )	011110100111 0 0	110111--11 0 0	101001 0 0
NW_019211459.1	6696189	44.224	44.224	( 0 )	011110100111 0 0	110111--11 0 0	101001 0 0
NW_019211454.1	32082005	44.224	44.224	( 0 )	011110100111 0 0	110111--11 0 0	101001 0 0
NW_019211457.1	34753159	44.224	44.224	( 0 )	011110100111 0 0	110111--11 0 0	101001 0 0
NW_019211459.1	6684677	44.224	44.224	( 0 )	011110100111 0 0	110111--11 0 0	101001 0 0
NW_019211457.1	38701360	44.224	44.224	( 0 )	011110100111 0 0	110111--11 0 0	101001 0 0
NW_019211454.1	16573678	44.224	44.224	( 0 )	011110100111 0 0	110111--11 0 0	101001 0 0
NW_019211456.1	45182786	44.224	44.224	( 0 )	011110100111 0 0	110111--11 0 0	101001 0 0
NW_019211457.1	34858164	44.224	44.224	( 0 )	011110100111 0 0	110111--11 0 0	101001 0 0
NW_019211457.1	34827605	44.224	44.224	( 0 )	011110100111 0 0	110111--11 0 0	101001 0 0
NW_019211457.1	35137694	44.224	44.224	( 0 )	011110100111 0 0	110111--11 0 0	101001 0 0
NW_019211454.1	30751064	44.224	44.224	( 0 )	011110100111 0 0	110111--11 0 0	101001 0 0
NW_019211456.1	45184752	44.224	44.224	( 0 )	011110100111 0 0	110111--11 0 0	101001 0 0
NW_019211459.1	6759478	44.224	44.224	( 0 )	011110100111 0 0	110111--11 0 0	101001 0 0
NW_019211459.1	6761583	44.224	44.224	( 0 )	011110100111 0 0	110111--11 0 0	101001 0 0
NW_019211456.1	45106503	44.224	44.224	( 0 )	011110100111 0 0	110111--11 0 0	101001 0 0
NW_019211459.1	6998443	44.224	44.224	( 0 )	011110100111 0 0	110111--11 0 0	101001 0 0
NW_019211454.1	30527028	44.224	44.224	( 0 )	011110100111 0 0	110111--11 0 0	101001 0 0
NW_019211454.1	16286693	44.224	44.224	( 0 )	011110100111 0 0	110111--11 0 0	101001 0 0
NW_019211454.1	16241345	44.224	44.224	( 0 )	011110100111 0 0	110111--11 0 0	101001 0 0
NW_019211457.1	38678924	44.224	44.224	( 0 )	011110100111 0 0	110111--11 0 0	101001 0 0
NW_019211454.1	16550594	44.224	44.224	( 0 )	011110100111 0 0	110111--11 0 0	101001 0 0
NW_019211454.1	32109178	44.224	44.224	( 0 )	011110100111 0 0	110111--11 0 0	101001 0 0
NW_019211454.1	16221525	44.224	44.224	( 0 )	011110100111 0 0	110111--11 0 0	101001 0 0
NW_019211454.1	16552571	44.224	44.224	( 0 )	011110100111 0 0	110111--11 0 0	101001 0 0
NW_019211454.1	15158295	44.224	44.224	( 0 )	011110100111 0 0	110111--11 0 0	101001 0 0
NW_019211459.1	6435379	44.224	44.224	( 0 )	011110100111 0 0	110111--11 0 0	101001 0 0
NW_019211454.1	16252834	44.224	44.224	( 0 )	011110100111 0 0	110111--11 0 0	101001 0 0
NW_019211454.1	30724257	44.224	44.224	( 0 )	011110100111 0 0	110111--11 0 0	101001 0 0
NW_019211459.1	6827230	44.224	44.224	( 0 )	011110100111 0 0	110111--11 0 0	101001 0 0
NW_019211457.1	35635509	44.224	44.224	( 0 )	011110100111 0 0	110111--11 0 0	101001 0 0
NW_019211454.1	16698570	44.224	44.224	( 0 )	011110100111 0 0	110111--11 0 0	101001 0 0
NW_019211457.1	38694407	44.224	44.224	( 0 )	011110100111 0 0	110111--11 0 0	101001 0 0
NW_019211454.1	16655076	44.224	44.224	( 0 )	011110100111 0 0	110111--11 0 0	101001 0 0
NW_019211454.1	16297722	44.224	44.224	( 0 )	011110100111 0 0	110111--11 0 0	101001 0 0
NW_019211454.1	16348147	44.224	44.224	( 0 )	011110100111 0 0	110111--11 0 0	101001 0 0
NW_019211454.1	27898232	44.224	44.224	( 0 )	011110100111 0 0	110111--11 0 0	101001 0 0
NW_019211459.1	6974106	44.224	44.224	( 0 )	011110100111 0 0	110111--11 0 0	101001 0 0
NW_019211454.1	30712929	44.224	44.224	( 0 )	011110100111 0 0	110111--11 0 0	101001 0 0
NW_019211454.1	16225196	44.224	44.224	( 0 )	011110100111 0 0	110111--11 0 0	101001 0 0
NW_019211454.1	16503761	44.224	44.224	( 0 )	011110100111 0 0	110111--11 0 0	101001 0 0
NW_019211459.1	6590510	44.224	44.224	( 0 )	011110100111 0 0	110111--11 0 0	101001 0 0
NW_019211456.1	45201490	44.224	44.224	( 0 )	011110100111 0 0	110111--11 0 0	101001 0 0
NW_019211457.1	34817873	44.224	44.224	( 0 )	011110100111 0 0	110111--11 0 0	101001 0 0
NW_019211457.1	34765281	44.224	44.224	( 0 )	011110100111 0 0	110111--11 0 0	101001 0 0
NW_019211459.1	6445767	44.224	44.224	( 0 )	011110100111 0 0	110111--11 0 0	101001 0 0
NW_019211454.1	16554060	44.224	44.224	( 0 )	011110100111 0 0	110111--11 0 0	101001 0 0
NW_019211454.1	30801085	44.224	44.224	( 0 )	011110100111 0 0	110111--11 0 0	101001 0 0
NW_019211454.1	16580293	44.224	44.224	( 0 )	011110100111 0 0	110111--11 0 0	101001 0 0
NW_019211454.1	16694386	44.224	44.224	( 0 )	011110100111 0 0	110111--11 0 0	101001 0 0
NW_019211454.1	16480630	44.224	44.224	( 0 )	011110100111 0 0	110111--11 0 0	101001 0 0
NW_019211457.1	34846331	44.224	44.224	( 0 )	011110100111 0 0	110111--11 0 0	101001 0 0
NW_019211454.1	30723774	44.224	44.224	( 0 )	011110100111 0 0	110111--11 0 0	101001 0 0
NW_019211456.1	42484695	44.224	44.224	( 0 )	011110100111 0 0	110111--11 0 0	101001 0 0
NW_019211454.1	16630890	44.224	44.224	( 0 )	011110100111 0 0	110111--11 0 0	101001 0 0
NW_019211457.1	34743067	44.224	44.224	( 0 )	011110100111 0 0	110111--11 0 0	101001 0 0
NW_019211458.1	34671731	44.224	44.224	( 0 )	011110100111 0 0	110111--11 0 0	101001 0 0
NW_019211459.1	7116538	44.224	44.224	( 0 )	011110100111 0 0	110111--11 0 0	101001 0 0
NW_019211454.1	15184486	44.224	44.224	( 0 )	011110100111 0 0	110111--11 0 0	101001 0 0
NW_019211454.1	16689923	44.224	44.224	( 0 )	011110100111 0 0	110111--11 0 0	101001 0 0
NW_019211457.1	38660142	44.224	44.224	( 0 )	011110100111 0 0	110111--11 0 0	101001 0 0
NW_019211454.1	30829718	44.224	44.224	( 0 )	011110100111 0 0	110111--11 0 0	101001 0 0
NW_019211454.1	16548041	44.224	44.224	( 0 )	011110100111 0 0	110111--11 0 0	101001 0 0
NW_019211457.1	34860229	44.224	44.224	( 0 )	011110100111 0 0	110111--11 0 0	101001 0 0
NW_019211454.1	30750756	44.224	44.224	( 0 )	011110100111 0 0	110111--11 0 0	101001 0 0
NW_019211454.1	16551618	44.224	44.224	( 0 )	011110100111 0 0	110111--11 0 0	101001 0 0
NW_019211457.1	34804317	44.224	44.224	( 0 )	011110100111 0 0	110111--11 0 0	101001 0 0
NW_019211454.1	16254073	44.224	44.224	( 0 )	011110100111 0 0	110111--11 0 0	101001 0 0
NW_019211454.1	30848530	44.224	44.224	( 0 )	011110100111 0 0	110111--11 0 0	101001 0 0
NW_019211456.1	43633304	44.224	44.224	( 0 )	011110100111 0 0	110111--11 0 0	101001 0 0
NW_019211456.1	45154411	44.224	44.224	( 0 )	011110100111 0 0	110111--11 0 0	101001 0 0
NW_019211457.1	33799159	44.224	44.224	( 0 )	011110100111 0 0	110111--11 0 0	101001 0 0
NW_019211457.1	38667782	44.224	44.224	( 0 )	011110100111 0 0	110111--11 0 0	101001 0 0
NW_019211454.1	16551577	44.224	44.224	( 0 )	011110100111 0 0	110111--11 0 0	101001 0 0
NW_019211457.1	34856876	44.224	44.224	( 0 )	011110100111 0 0	110111--11 0 0	101001 0 0
NW_019211457.1	38658950	44.224	44.224	( 0 )	011110100111 0 0	110111--11 0 0	101001 0 0
NW_019211457.1	38643680	44.224	44.224	( 0 )	011110100111 0 0	110111--11 0 0	101001 0 0
NW_019211454.1	16234903	44.224	44.224	( 0 )	011110100111 0 0	110111--11 0 0	101001 0 0
NW_019211459.1	6673463	44.224	44.224	( 0 )	011110100111 0 0	110111--11 0 0	101001 0 0
NW_019211456.1	45168474	44.224	44.224	( 0 )	011110100111 0 0	110111--11 0 0	101001 0 0
NW_019211459.1	6757008	44.224	44.224	( 0 )	011110100111 0 0	110111--11 0 0	101001 0 0
NW_019211457.1	34862112	44.224	44.224	( 0 )	011110100111 0 0	110111--11 0 0	101001 0 0
NW_019211457.1	34864568	44.224	44.224	( 0 )	011110100111 0 0	110111--11 0 0	101001 0 0
NW_019211457.1	38690678	44.224	44.224	( 0 )	011110100111 0 0	110111--11 0 0	101001 0 0
NW_019211457.1	34807646	44.224	44.224	( 0 )	011110100111 0 0	110111--11 0 0	101001 0 0
NW_019211454.1	30812879	44.224	44.224	( 0 )	011110100111 0 0	110111--11 0 0	101001 0 0
NW_019211460.1	17723891	44.224	44.224	( 0 )	011110100111 0 0	1101110011 0 0	101001 0 0
NW_019211457.1	30092956	44.224	44.224	( 0 )	011110100111 0 0	1101110011 0 0	101001 0 0
NW_019211457.1	36556902	44.224	44.224	( 0 )	011110100111 0 0	1101110011 0 0	101001 0 0
NW_019211454.1	16519175	44.224	44.224	( 0 )	011110100111 0 0	1101110011 0 0	101001 0 0
NW_019211459.1	7093878	44.224	44.224	( 0 )	011110100111 0 0	1101110011 0 0	101001 0 0
NW_019211456.1	45106330	44.224	44.224	( 0 )	011110100111 0 0	1101110011 0 0	101001 0 0
NW_019211454.1	30838497	44.224	44.224	( 0 )	011110100111 0 0	1101110011 0 0	101001 0 0
NW_019211457.1	38650955	44.224	44.224	( 0 )	011110100111 0 0	1101110011 0 0	101001 0 0
NW_019211454.1	30528381	44.224	44.224	( 0 )	011110100111 0 0	1101110011 0 0	101001 0 0
NW_019211457.1	34852937	44.224	44.224	( 0 )	011110100111 0 0	1101110011 0 0	101001 0 0
NW_019211457.1	34826781	44.224	44.224	( 0 )	011110100111 0 0	1101110011 0 0	101001 0 0
NW_019211459.1	6734828	44.224	44.224	( 0 )	011110100111 0 0	1101110011 0 0	101001 0 0
NW_019211459.1	8940153	44.224	44.224	( 0 )	011110100111 0 0	1101110011 0 0	101001 0 0
NW_019211457.1	38654930	44.224	44.224	( 0 )	011110100111 0 0	1101110011 0 0	101001 0 0
NW_019211459.1	6587990	44.224	44.224	( 0 )	011110100111 0 0	1101110011 0 0	101001 0 0
NW_019211454.1	16343863	44.224	44.224	( 0 )	011110100111 0 0	1101110011 0 0	101001 0 0
NW_019211454.1	16252347	44.224	44.224	( 0 )	011110100111 0 0	1101110011 0 0	101001 0 0
NW_019211454.1	16480098	44.224	44.224	( 0 )	011110100111 0 0	1101110011 0 0	101001 0 0
NW_019211454.1	30689480	44.224	44.224	( 0 )	011110100111 0 0	1101110011 0 0	101001 0 0
NW_019211454.1	16340860	44.224	44.224	( 0 )	011110100111 0 0	1101110011 0 0	101001 0 0
NW_019211457.1	34747495	44.224	44.224	( 0 )	011110100111 0 0	1101110011 0 0	101001 0 0
NW_019211457.1	34745059	44.224	44.224	( 0 )	011110100111 0 0	1101110011 0 0	101001 0 0
NW_019211459.1	6894999	44.224	44.224	( 0 )	011110100111 0 0	1101110011 0 0	101001 0 0
NW_019211454.1	12098676	44.224	44.224	( 0 )	011110100111 0 0	1101110011 0 0	101001 0 0
NW_019211454.1	62370766	44.224	44.224	( 0 )	011110100111 0 0	1101110011 0 0	101001 0 0
NW_019211454.1	16570630	44.224	44.224	( 0 )	011110100111 0 0	1101110011 0 0	101001 0 0
NW_019211456.1	45185303	49.803	49.803	( 0 )	011110100101 0 1	1101110011 0 0	101001 0 0
NW_019211458.1	35259629	49.803	49.803	( 0 )	011110100101 0 0	1101110011 0 0	101001 0 0
NW_019211458.1	35542821	49.803	49.803	( 0 )	011110100101 0 0	1101110011 0 0	101001 0 0
NW_019211457.1	244723	58.214	58.214	( 0 )	011110110101 0 1	1101110011 0 0	101001 0 0
#*** LG = 2 likelihood = -991.2756
#marker_number	male_position	female_position	( 0.0 )[	phased data]
NW_019211455.1	44103981	0.000	0.000	( 0 )	101111110110 0 0	10111----- 0 0	110011 0 0
NW_019211457.1	8308702	0.000	0.000	( 0 )	101111110110 0 0	10111----- 0 0	110011 0 0
NW_019211457.1	11541218	0.000	0.000	( 0 )	101111110110 0 0	10111----- 0 0	110011 0 0
NW_019211457.1	10702274	0.000	0.000	( 0 )	101111110110 0 0	10111----- 0 0	110011 0 0
NW_019211454.1	17996315	0.000	0.000	( 0 )	101111110110 0 0	10111----- 0 0	110011 0 0
NW_019211457.1	11553580	0.000	0.000	( 0 )	101111110110 0 0	10111----- 0 0	110011 0 0
NW_019211454.1	17996817	0.000	0.000	( 0 )	101111110110 0 0	10111----- 0 0	110011 0 0
NW_019211457.1	9088889	0.000	0.000	( 0 )	101111110110 0 0	10111----- 0 0	110011 0 0
NW_019211460.1	17490629	0.000	0.000	( 0 )	101111110110 0 0	10111----- 0 0	110011 0 0
NW_019211459.1	14191901	0.000	0.000	( 0 )	101111110110 0 0	10111----- 0 0	110011 0 0
NW_019211454.1	17982176	0.000	0.000	( 0 )	101111110110 0 0	10111----- 0 0	110011 0 0
NW_019211459.1	4679058	0.000	0.000	( 0 )	101111110110 0 0	10111----- 0 0	110011 0 0
NW_019211454.1	43998584	0.000	0.000	( 0 )	101111110110 0 0	10111----- 0 0	110011 0 0
NW_019211454.1	17992020	0.000	0.000	( 0 )	101111110110 0 0	10111----- 0 0	110011 0 0
NW_019211457.1	10639410	0.000	0.000	( 0 )	101111110110 0 0	10111----- 0 0	110011 0 0
NW_019211454.1	17965364	0.000	0.000	( 0 )	101111110110 0 0	10111----- 0 0	110011 0 0
NW_019211454.1	17974885	0.000	0.000	( 0 )	101111110110 0 0	10111----- 0 0	110011 0 0
NW_019211457.1	11235902	0.000	0.000	( 0 )	101111110110 0 0	10111----- 0 0	110011 0 0
NW_019211457.1	10808784	0.000	0.000	( 0 )	101111110110 0 0	10111----- 0 0	110011 0 0
NW_019211460.1	16044983	0.000	0.000	( 0 )	101111110110 0 0	10111----- 0 0	110011 0 0
NW_019211457.1	10612373	0.000	0.000	( 0 )	101111110110 0 0	10111----- 0 0	110011 0 0
NW_019211457.1	11432122	0.000	0.000	( 0 )	101111110110 0 0	10111----- 0 0	110011 0 0
NW_019211456.1	3786206	0.000	0.000	( 0 )	101111110110 0 0	10111----- 0 0	110011 0 0
NW_019211454.1	17999036	0.000	0.000	( 0 )	101111110110 0 0	10111----- 0 0	110011 0 0
NW_019211457.1	10772814	0.000	0.000	( 0 )	101111110110 0 0	10111----- 0 0	110011 0 0
NW_019211454.1	39447770	0.000	0.000	( 0 )	101111110110 0 0	10111----- 0 0	110011 0 0
NW_019211457.1	10774575	0.000	0.000	( 0 )	101111110110 0 0	10111----- 0 0	110011 0 0
NW_019211456.1	21625468	0.000	0.000	( 0 )	101111110110 0 0	10111----- 0 0	110011 0 0
NW_019211457.1	293659	0.000	0.000	( 0 )	101111110110 0 0	10111----- 0 0	110011 0 0
NW_019211456.1	42316829	0.000	0.000	( 0 )	101111110110 0 0	10111----- 0 0	110011 0 0
NW_019211457.1	10020712	0.000	0.000	( 0 )	101111110110 0 0	10111----- 0 0	110011 0 0
NW_019211457.1	8282855	0.000	0.000	( 0 )	101111110110 0 0	10111----- 0 0	110011 0 0
NW_019211459.1	13903997	0.000	0.000	( 0 )	101111110110 0 0	10111----- 0 0	110011 0 0
NW_019211457.1	10664483	0.000	0.000	( 0 )	101111110110 0 0	10111----- 0 0	110011 0 0
NW_019211457.1	11058967	0.000	0.000	( 0 )	101111110110 0 0	10111----- 0 0	110011 0 0
NW_019211459.1	14047750	0.000	0.000	( 0 )	101111110110 0 0	10111----- 0 0	110011 0 0
NW_019211457.1	11471595	0.000	0.000	( 0 )	101111110110 0 0	10111----- 0 0	110011 0 0
NW_019211457.1	10873205	0.000	0.000	( 0 )	101111110110 0 0	10111----- 0 0	110011 0 0
NW_019211455.1	43257747	0.000	0.000	( 0 )	101111110110 0 0	10111----- 0 0	110011 0 0
NW_019211457.1	10917074	0.000	0.000	( 0 )	101111110110 0 0	10111----- 0 0	110011 0 0
NW_019211457.1	8739242	0.000	0.000	( 0 )	101111110110 0 0	10111----- 0 0	110011 0 0
NW_019211457.1	10626892	0.000	0.000	( 0 )	101111110110 0 0	10111----- 0 0	110011 0 0
NW_019211457.1	10886830	0.000	0.000	( 0 )	101111110110 0 0	10111----- 0 0	110011 0 0
NW_019211457.1	11438880	0.000	0.000	( 0 )	101111110110 0 0	10111----- 0 0	110011 0 0
NW_019211454.1	17955731	0.000	0.000	( 0 )	101111110110 0 0	10111----- 0 0	110011 0 0
NW_019211455.1	44115058	0.000	0.000	( 0 )	101111110110 0 0	10111----- 0 0	110011 0 0
NW_019211459.1	11026163	0.000	0.000	( 0 )	101111110110 0 0	10111----- 0 0	110011 0 0
NW_019211457.1	10617807	0.000	0.000	( 0 )	101111110110 0 0	10111----- 0 0	110011 0 0
NW_019211459.1	14208425	0.000	0.000	( 0 )	101111110110 0 0	10111----- 0 0	110011 0 0
NW_019211454.1	18002078	0.000	0.000	( 0 )	101111110110 0 0	10111----- 0 0	110011 0 0
NW_019211459.1	14040006	0.000	0.000	( 0 )	101111110110 0 0	10111----- 0 0	110011 0 0
NW_019211456.1	49739463	0.000	0.000	( 0 )	101111110110 0 0	10111----- 0 0	110011 0 0
NW_019211457.1	10917416	0.000	0.000	( 0 )	101111110110 0 0	10111----- 0 0	110011 0 0
NW_019211457.1	10875430	0.000	0.000	( 0 )	101111110110 0 0	10111----- 0 0	110011 0 0
NW_019211459.1	21105572	0.000	0.000	( 0 )	101111110110 0 0	10111----- 0 0	110011 0 0
NW_019211457.1	11334660	0.000	0.000	( 0 )	101111110110 0 0	10111----- 0 0	110011 0 0
NW_019211457.1	10876021	0.000	0.000	( 0 )	101111110110 0 0	10111----- 0 0	110011 0 0
NW_019211457.1	8686919	0.000	0.000	( 0 )	101111110110 0 0	10111----- 0 0	110011 0 0
NW_019211459.1	14211440	0.000	0.000	( 0 )	101111110110 0 0	10111----- 0 0	110011 0 0
NW_019211457.1	10810083	0.000	0.000	( 0 )	101111110110 0 0	10111----- 0 0	110011 0 0
NW_019211459.1	11086706	0.000	0.000	( 0 )	101111110110 0 0	10111----- 0 0	110011 0 0
NW_019211457.1	11058951	0.000	0.000	( 0 )	101111110110 0 0	10111----- 0 0	110011 0 0
NW_019211458.1	8895030	0.000	0.000	( 0 )	101111110110 0 0	10111----- 0 0	110011 0 0
NW_019211457.1	11399454	0.000	0.000	( 0 )	101111110110 0 0	10111----- 0 0	110011 0 0
NW_019211457.1	7580661	0.000	0.000	( 0 )	101111110110 0 0	10111----- 0 0	110011 0 0
NW_019211457.1	7577835	0.000	0.000	( 0 )	101111110110 0 0	10111----- 0 0	110011 0 0
NW_019211457.1	10858793	0.000	0.000	( 0 )	101111110110 0 0	10111----- 0 0	110011 0 0
NW_019211454.1	17837549	0.000	0.000	( 0 )	101111110110 0 0	10111----- 0 0	110011 0 0
NW_019211457.1	10905566	0.000	0.000	( 0 )	101111110110 0 0	10111----- 0 0	110011 0 0
NW_019211457.1	7577821	0.000	0.000	( 0 )	101111110110 0 0	10111----- 0 0	110011 0 0
NW_019211454.1	17837976	0.000	0.000	( 0 )	101111110110 0 0	10111----- 0 0	110011 0 0
NW_019211457.1	10925864	0.000	0.000	( 0 )	101111110110 0 0	10111----- 0 0	110011 0 0
NW_019211454.1	17954895	0.000	0.000	( 0 )	101111110110 0 0	10111----- 0 0	110011 0 0
NW_019211457.1	7583017	0.000	0.000	( 0 )	101111110110 0 0	10111----- 0 0	110011 0 0
NW_019211457.1	10866417	0.000	0.000	( 0 )	101111110110 0 0	10111----- 0 0	110011 0 0
NW_019211459.1	6362169	0.000	0.000	( 0 )	101111110110 0 0	10111----- 0 0	110011 0 0
NW_019211457.1	10875447	0.000	0.000	( 0 )	101111110110 0 0	10111----- 0 0	110011 0 0
NW_019211457.1	10831382	0.000	0.000	( 0 )	101111110110 0 0	10111----- 0 0	110011 0 0
NW_019211457.1	11405797	0.000	0.000	( 0 )	101111110110 0 0	10111----- 0 0	110011 0 0
NW_019211454.1	16733966	0.000	0.000	( 0 )	101111110110 0 0	10111----- 0 0	110011 0 0
NW_019211457.1	11400943	0.000	0.000	( 0 )	101111110110 0 0	10111----- 0 0	110011 0 0
NW_019211459.1	11026295	0.000	0.000	( 0 )	101111110110 0 0	10111----- 0 0	110011 0 0
NW_019211457.1	10674844	0.000	0.000	( 0 )	101111110110 0 0	10111----- 0 0	110011 0 0
NW_019211457.1	10870839	0.000	0.000	( 0 )	101111110110 0 0	10111----- 0 0	110011 0 0
NW_019211459.1	14249240	0.000	0.000	( 0 )	101111110110 0 0	10111----- 0 0	110011 0 0
NW_019211457.1	11558276	0.000	0.000	( 0 )	101111110110 0 0	10111----- 0 0	110011 0 0
NW_019211456.1	9466975	0.000	0.000	( 0 )	101111110110 0 0	10111----- 0 0	110011 0 0
NW_019211454.1	17814699	0.000	0.000	( 0 )	101111110110 0 0	10111----- 0 0	110011 0 0
NW_019211454.1	17944724	0.000	0.000	( 0 )	101111110110 0 0	10111----- 0 0	110011 0 0
NW_019211455.1	21907969	0.000	0.000	( 0 )	101111110110 0 0	10111----- 0 0	110011 0 0
NW_019211457.1	43865442	0.000	0.000	( 0 )	101111110110 0 0	10111----- 0 0	110011 0 0
NW_019211454.1	17977376	0.000	0.000	( 0 )	101111110110 0 0	10111----- 0 0	110011 0 0
NW_019211454.1	16208666	0.000	0.000	( 0 )	101111110110 0 0	10111----- 0 0	110011 0 0
NW_019211459.1	14102032	0.000	0.000	( 0 )	101111110110 0 0	10111----- 0 0	110011 0 0
NW_019211457.1	10818092	0.000	0.000	( 0 )	101111110110 0 0	10111----- 0 0	110011 0 0
NW_019211459.1	14022899	0.000	0.000	( 0 )	101111110110 0 0	10111----- 0 0	110011 0 0
NW_019211457.1	10858470	0.000	0.000	( 0 )	101111110110 0 0	10111----- 0 0	110011 0 0
NW_019211454.1	17834140	0.000	0.000	( 0 )	101111110110 0 0	10111----- 0 0	110011 0 0
NW_019211457.1	8311599	0.000	0.000	( 0 )	101111110110 0 0	10111----- 0 0	110011 0 0
NW_019211456.1	13929371	0.000	0.000	( 0 )	101111110110 0 0	10111----- 0 0	110011 0 0
NW_019211457.1	10672124	0.000	0.000	( 0 )	101111110110 0 0	10111----- 0 0	110011 0 0
NW_019211459.1	28832091	0.000	0.000	( 0 )	101111110110 0 0	10111----- 0 0	110011 0 0
NW_019211457.1	10883300	0.000	0.000	( 0 )	101111110110 0 0	10111----- 0 0	110011 0 0
NW_019211455.1	44719248	0.000	0.000	( 0 )	101111110110 0 0	10111----- 0 0	110011 0 0
NW_019211457.1	8314563	0.000	0.000	( 0 )	101111110110 0 0	10111----- 0 0	110011 0 0
NW_019211454.1	27520650	0.000	0.000	( 0 )	101111110110 0 0	10111----- 0 0	110011 0 0
NW_019211457.1	10884883	0.000	0.000	( 0 )	101111110110 0 0	10111----- 0 0	110011 0 0
NW_019211457.1	10640795	0.000	0.000	( 0 )	101111110110 0 0	10111----- 0 0	110011 0 0
NW_019211454.1	17996265	0.000	0.000	( 0 )	101111110110 0 0	10111----- 0 0	110011 0 0
NW_019211454.1	17837385	0.000	0.000	( 0 )	101111110110 0 0	10111----- 0 0	110011 0 0
NW_019211454.1	17991542	0.000	0.000	( 0 )	101111110110 0 0	10111----- 0 0	110011 0 0
NW_019211457.1	9889682	0.000	0.000	( 0 )	101111110110 0 0	10111----- 0 0	110011 0 0
NW_019211457.1	10925413	0.000	0.000	( 0 )	101111110110 0 0	10111----- 0 0	110011 0 0
NW_019211457.1	10861235	0.000	0.000	( 0 )	101111110110 0 0	10111----- 0 0	110011 0 0
NW_019211457.1	10858696	0.000	0.000	( 0 )	101111110110 0 0	10111----- 0 0	110011 0 0
NW_019211454.1	36699893	0.000	0.000	( 0 )	101111110110 0 0	10111----- 0 0	110011 0 0
NW_019211457.1	10645723	0.000	0.000	( 0 )	101111110110 0 0	10111----- 0 0	110011 0 0
NW_019211457.1	10716750	0.000	0.000	( 0 )	101111110110 0 0	10111----- 0 0	110011 0 0
NW_019211454.1	17955668	0.000	0.000	( 0 )	101111110110 0 0	10111----- 0 0	110011 0 0
NW_019211457.1	10916125	0.000	0.000	( 0 )	101111110110 0 0	10111----- 0 0	110011 0 0
NW_019211456.1	13833734	0.000	0.000	( 0 )	101111110110 0 0	10111----- 0 0	110011 0 0
NW_019211457.1	10858999	0.000	0.000	( 0 )	101111110110 0 0	10111----- 0 0	110011 0 0
NW_019211458.1	18903243	0.000	0.000	( 0 )	101111110110 0 0	10111----- 0 0	110011 0 0
NW_019211457.1	10644996	0.000	0.000	( 0 )	101111110110 0 0	10111----- 0 0	110011 0 0
NW_019211454.1	17838096	0.000	0.000	( 0 )	101111110110 0 0	10111----- 0 0	110011 0 0
NW_019211454.1	17943427	0.000	0.000	( 0 )	101111110110 0 0	10111----- 0 0	110011 0 0
NW_019211457.1	8299664	0.000	0.000	( 0 )	101111110110 0 0	10111----- 0 0	110011 0 0
NW_019211454.1	17837365	0.000	0.000	( 0 )	101111110110 0 0	10111----- 0 0	110011 0 0
NW_019211455.1	28064481	0.000	0.000	( 0 )	101111110110 0 0	10111----- 0 0	110011 0 0
NW_019211457.1	9403744	0.000	0.000	( 0 )	101111110110 0 0	10111----- 0 0	110011 0 0
NW_019211457.1	11428961	0.000	0.000	( 0 )	101111110110 0 0	10111----- 0 0	110011 0 0
NW_019211454.1	17992948	0.000	0.000	( 0 )	101111110110 0 0	10111----- 0 0	110011 0 0
NW_019211457.1	10864973	0.000	0.000	( 0 )	101111110110 0 0	10111----- 0 0	110011 0 0
NW_019211455.1	31448967	0.000	0.000	( 0 )	101111110110 0 0	10111----- 0 0	110011 0 0
NW_019211457.1	10653933	0.000	0.000	( 0 )	101111110110 0 0	10111----- 0 0	110011 0 0
NW_019211455.1	44623690	0.000	0.000	( 0 )	101111110110 0 0	10111----- 0 0	110011 0 0
NW_019211457.1	11400932	0.000	0.000	( 0 )	101111110110 0 0	10111----- 0 0	110011 0 0
NW_019211454.1	40409234	0.000	0.000	( 0 )	101111110110 0 0	10111----- 0 0	110011 0 0
NW_019211457.1	11482017	0.000	0.000	( 0 )	101111110110 0 0	10111----- 0 0	110011 0 0
NW_019211457.1	8296005	0.000	0.000	( 0 )	101111110110 0 0	10111----- 0 0	110011 0 0
NW_019211457.1	9676547	0.000	0.000	( 0 )	101111110110 0 0	10111----- 0 0	110011 0 0
NW_019211454.1	17980634	0.000	0.000	( 0 )	101111110110 0 0	10111----- 0 0	110011 0 0
NW_019211459.1	27061268	0.000	0.000	( 0 )	101111110110 0 0	10111----- 0 0	110011 0 0
NW_019211457.1	8303883	0.000	0.000	( 0 )	101111110110 0 0	10111----- 0 0	110011 0 0
NW_019211457.1	7583303	0.000	0.000	( 0 )	101111110110 0 0	10111----- 0 0	110011 0 0
NW_019211459.1	9110683	0.000	0.000	( 0 )	101111110110 0 0	10111----- 0 0	110011 0 0
NW_019211455.1	54022215	0.000	0.000	( 0 )	101111110110 0 0	10111----- 0 0	110011 0 0
NW_019211459.1	13903482	0.000	0.000	( 0 )	101111110110 0 0	10111----- 0 0	110011 0 0
NW_019211459.1	11144383	0.000	0.000	( 0 )	101111110110 0 0	10111----- 0 0	110011 0 0
NW_019211454.1	17986906	0.000	0.000	( 0 )	101111110110 0 0	10111----- 0 0	110011 0 0
NW_019211457.1	10851475	0.000	0.000	( 0 )	101111110110 0 0	10111----- 0 0	110011 0 0
NW_019211457.1	11552920	0.000	0.000	( 0 )	101111110110 0 0	10111----- 0 0	110011 0 0
NW_019211454.1	18001780	0.000	0.000	( 0 )	101111110110 0 0	10111----- 0 0	110011 0 0
NW_019211454.1	68234035	0.000	0.000	( 0 )	101111110110 0 0	10111----- 0 0	110011 0 0
NW_019211457.1	10820581	0.000	0.000	( 0 )	101111110110 0 0	10111----- 0 0	110011 0 0
NW_019211454.1	23786294	0.000	0.000	( 0 )	101111110110 0 0	10111----- 0 0	110011 0 0
NW_019211454.1	36760956	0.000	0.000	( 0 )	101111110110 0 0	10111----- 0 0	110011 0 0
NW_019211457.1	8289544	0.000	0.000	( 0 )	101111110110 0 0	10111----- 0 0	110011 0 0
NW_019211457.1	11544394	0.000	0.000	( 0 )	101111110110 0 0	10111----- 0 0	110011 0 0
NW_019211459.1	24584909	0.000	0.000	( 0 )	101111110110 0 0	10111----- 0 0	110011 0 0
NW_019211457.1	1400063	0.000	0.000	( 0 )	101111110110 0 0	10111----- 0 0	110011 0 0
NW_019211454.1	39822730	0.000	0.000	( 0 )	101111110110 0 0	10111----- 0 0	110011 0 0
NW_019211457.1	10694995	0.000	0.000	( 0 )	101111110110 0 0	10111----- 0 0	110011 0 0
NW_019211454.1	17979804	0.000	0.000	( 0 )	101111110110 0 0	10111----- 0 0	110011 0 0
NW_019211457.1	10859720	0.000	0.000	( 0 )	101111110110 0 0	10111----- 0 0	110011 0 0
NW_019211457.1	7580666	0.000	0.000	( 0 )	101111110110 0 0	10111----- 0 0	110011 0 0
NW_019211459.1	10367098	0.000	0.000	( 0 )	101111110110 0 0	10111----- 0 0	110011 0 0
NW_019211454.1	16273797	0.000	0.000	( 0 )	101111110110 0 0	10111----- 0 0	110011 0 0
NW_019211457.1	10642693	0.000	0.000	( 0 )	101111110110 0 0	10111----- 0 0	110011 0 0
NW_019211457.1	10883179	0.000	0.000	( 0 )	101111110110 0 0	10111----- 0 0	110011 0 0
NW_019211454.1	17943381	0.000	0.000	( 0 )	101111110110 0 0	10111----- 0 0	110011 0 0
NW_019211457.1	10788029	0.000	0.000	( 0 )	101111110110 0 0	10111----- 0 0	110011 0 0
NW_019211459.1	14160160	0.000	0.000	( 0 )	101111110110 0 0	10111----- 0 0	110011 0 0
NW_019211457.1	16789028	0.000	0.000	( 0 )	101111110110 0 0	10111----- 0 0	110011 0 0
NW_019211457.1	9628162	0.000	0.000	( 0 )	101111110110 0 0	10111----- 0 0	110011 0 0
#*** LG = 3 likelihood = -327.3535
#marker_number	male_position	female_position	( 0.0 )[	phased data]
NW_019211456.1	46341770	0.000	0.000	( 0 )	110111001101 0 0	0100101111 0 0	---011 0 0
NW_019211456.1	46256981	0.000	0.000	( 0 )	110111001101 0 0	0100101111 0 0	---011 0 0
NW_019211456.1	45802592	0.000	0.000	( 0 )	110111001101 0 0	0100101111 0 0	---011 0 0
NW_019211456.1	46374385	0.000	0.000	( 0 )	110111001101 0 0	0100101111 0 0	---011 0 0
NW_019211456.1	13895680	0.000	0.000	( 0 )	110111001101 0 0	0100101111 0 0	---011 0 0
NW_019211460.1	18062789	0.000	0.000	( 0 )	110111001101 0 0	0100101111 0 0	---011 0 0
NW_019211456.1	13770653	0.000	0.000	( 0 )	110111001101 0 0	0100101111 0 0	---011 0 0
NW_019211457.1	14375573	0.000	0.000	( 0 )	110111001101 0 0	0100101111 0 0	---011 0 0
NW_019211454.1	33239743	0.000	0.000	( 0 )	110111001101 0 0	0100101111 0 0	---011 0 0
NW_019211457.1	16798856	0.000	0.000	( 0 )	110111001101 0 0	0100101111 0 0	---011 0 0
NW_019211456.1	46010191	0.000	0.000	( 0 )	110111001101 0 0	0100101111 0 0	---011 0 0
NW_019211456.1	13813882	0.000	0.000	( 0 )	110111001101 0 0	0100101111 0 0	---011 0 0
NW_019211456.1	46040834	0.000	0.000	( 0 )	110111001101 0 0	0100101111 0 0	---011 0 0
NW_019211456.1	46159714	0.000	0.000	( 0 )	110111001101 0 0	0100101111 0 0	---011 0 0
NW_019211456.1	45887576	0.000	0.000	( 0 )	110111001101 0 0	0100101111 0 0	---011 0 0
NW_019211456.1	46397715	0.000	0.000	( 0 )	110111001101 0 0	0100101111 0 0	---011 0 0
NW_019211457.1	16844457	0.000	0.000	( 0 )	110111001101 0 0	0100101111 0 0	---011 0 0
NW_019211455.1	6906101	0.000	0.000	( 0 )	110111001101 0 0	0100101111 0 0	---011 0 0
NW_019211456.1	45826514	0.000	0.000	( 0 )	110111001101 0 0	0100101111 0 0	---011 0 0
NW_019211457.1	16992539	0.000	0.000	( 0 )	110111001101 0 0	0100101111 0 0	---011 0 0
NW_019211456.1	46148844	0.000	0.000	( 0 )	110111001101 0 0	0100101111 0 0	---011 0 0
NW_019211457.1	16702830	0.000	0.000	( 0 )	110111001101 0 0	0100101111 0 0	---011 0 0
NW_019211456.1	46033427	0.000	0.000	( 0 )	110111001101 0 0	0100101111 0 0	---011 0 0
NW_019211456.1	13803187	0.000	0.000	( 0 )	110111001101 0 0	0100101111 0 0	---011 0 0
NW_019211456.1	46043419	0.000	0.000	( 0 )	110111001101 0 0	0100101111 0 0	---011 0 0
NW_019211456.1	46215628	0.000	0.000	( 0 )	110111001101 0 0	0100101111 0 0	---011 0 0
NW_019211460.1	18071982	0.000	0.000	( 0 )	110111001101 0 0	0100101111 0 0	---011 0 0
NW_019211456.1	46378132	0.000	0.000	( 0 )	110111001101 0 0	0100101111 0 0	---011 0 0
NW_019211456.1	46303161	0.000	0.000	( 0 )	110111001101 0 0	0100101111 0 0	---011 0 0
NW_019211456.1	46098844	0.000	0.000	( 0 )	110111001101 0 0	0100101111 0 0	---011 0 0
NW_019211456.1	47258745	0.000	0.000	( 0 )	110111001101 0 0	0100101111 0 0	---011 0 0
NW_019211460.1	17976084	0.000	0.000	( 0 )	110111001101 0 0	0100101111 0 0	---011 0 0
NW_019211460.1	18022820	0.000	0.000	( 0 )	110111001101 0 0	0100101111 0 0	---011 0 0
NW_019211460.1	18055872	0.000	0.000	( 0 )	110111001101 0 0	0100101111 0 0	---011 0 0
NW_019211456.1	45852720	0.000	0.000	( 0 )	110111001101 0 0	0100101111 0 0	---011 0 0
NW_019211456.1	46207982	0.000	0.000	( 0 )	110111001101 0 0	0100101111 0 0	---011 0 0
NW_019211460.1	17970650	0.000	0.000	( 0 )	110111001101 0 0	0100101111 0 0	---011 0 0
NW_019211456.1	46080382	0.000	0.000	( 0 )	110111001101 0 0	0100101111 0 0	---011 0 0
NW_019211457.1	16816810	0.000	0.000	( 0 )	110111001101 0 0	0100101111 0 0	---011 0 0
NW_019211456.1	13798753	0.000	0.000	( 0 )	110111001101 0 0	0100101111 0 0	---011 0 0
NW_019211456.1	45885755	0.000	0.000	( 0 )	110111001101 0 0	0100101111 0 0	---011 0 0
NW_019211456.1	13875432	0.000	0.000	( 0 )	110111001101 0 0	0100101111 0 0	---011 0 0
NW_019211456.1	46399429	0.000	0.000	( 0 )	110111001101 0 0	0100101111 0 0	---011 0 0
NW_019211456.1	45862733	0.000	0.000	( 0 )	110111001101 0 0	0100101111 0 0	---011 0 0
NW_019211460.1	17969013	0.000	0.000	( 0 )	110111001101 0 0	0100101111 0 0	---011 0 0
NW_019211454.1	27240244	0.000	0.000	( 0 )	110111001101 0 0	0100101111 0 0	---011 0 0
NW_019211456.1	45939096	0.000	0.000	( 0 )	110111001101 0 0	0100101111 0 0	---011 0 0
NW_019211456.1	46145687	0.000	0.000	( 0 )	110111001101 0 0	0100101111 0 0	---011 0 0
NW_019211456.1	46271653	0.000	0.000	( 0 )	110111001101 0 0	0100101111 0 0	---011 0 0
NW_019211457.1	17224043	0.000	0.000	( 0 )	110111001101 0 0	0100101111 0 0	---011 0 0
NW_019211456.1	45896341	0.000	0.000	( 0 )	110111001101 0 0	0100101111 0 0	---011 0 0
NW_019211456.1	45784640	0.000	0.000	( 0 )	110111001101 0 0	0100101111 0 0	---011 0 0
NW_019211456.1	46218591	0.000	0.000	( 0 )	110111001101 0 0	0100101111 0 0	---011 0 0
NW_019211454.1	36686007	0.000	0.000	( 0 )	110111001101 0 0	0100101111 0 0	---011 0 0
NW_019211457.1	14373935	0.000	0.000	( 0 )	110111001101 0 0	0100101111 0 0	---011 0 0
NW_019211460.1	18177915	0.000	0.000	( 0 )	110111001101 0 0	0100101111 0 0	---011 0 0
NW_019211456.1	46140935	0.000	0.000	( 0 )	110111001101 0 0	0100101111 0 0	---011 0 0
NW_019211456.1	45937475	0.000	0.000	( 0 )	110111001101 0 0	0100101111 0 0	---011 0 0
NW_019211457.1	16309185	0.000	0.000	( 0 )	110111001101 0 0	0100101111 0 0	---011 0 0
NW_019211457.1	16871491	0.000	0.000	( 0 )	110111001101 0 0	0100101111 0 0	---011 0 0
NW_019211456.1	46285324	0.000	0.000	( 0 )	110111001101 0 0	0100101111 0 0	---011 0 0
NW_019211456.1	45903611	0.000	0.000	( 0 )	110111001101 0 0	0100101111 0 0	---011 0 0
NW_019211456.1	46061746	0.000	0.000	( 0 )	110111001101 0 0	0100101111 0 0	---011 0 0
NW_019211456.1	46284014	0.000	0.000	( 0 )	110111001101 0 0	0100101111 0 0	---011 0 0
NW_019211456.1	46075149	0.000	0.000	( 0 )	110111001101 0 0	0100101111 0 0	---011 0 0
NW_019211456.1	46095723	0.000	0.000	( 0 )	110111001101 0 0	0100101111 0 0	---011 0 0
NW_019211456.1	46091945	0.000	0.000	( 0 )	110111001101 0 0	0100101111 0 0	---011 0 0
NW_019211456.1	45992978	0.000	0.000	( 0 )	110111001101 0 0	0100101111 0 0	---011 0 0
NW_019211456.1	45831824	0.000	0.000	( 0 )	110111001101 0 0	0100101111 0 0	---011 0 0
NW_019211456.1	45933231	0.000	0.000	( 0 )	110111001101 0 0	0100101111 0 0	---011 0 0
NW_019211456.1	45912058	0.000	0.000	( 0 )	110111001101 0 0	0100101111 0 0	---011 0 0
NW_019211456.1	46332675	0.000	0.000	( 0 )	110111001101 0 0	0100101111 0 0	---011 0 0
NW_019211456.1	45858260	0.000	0.000	( 0 )	110111001101 0 0	0100101111 0 0	---011 0 0
NW_019211457.1	16825526	0.000	0.000	( 0 )	110111001101 0 0	0100101111 0 0	---011 0 0
NW_019211457.1	15491336	0.000	0.000	( 0 )	110111001101 0 0	0100101111 0 0	---011 0 0
NW_019211460.1	18116050	0.000	0.000	( 0 )	110111001101 0 0	0100101111 0 0	---011 0 0
NW_019211456.1	46274260	0.000	0.000	( 0 )	110111001101 0 0	0100101111 0 0	---011 0 0
NW_019211460.1	18111295	0.000	0.000	( 0 )	110111001101 0 0	0100101111 0 0	---011 0 0
NW_019211456.1	13849975	0.000	0.000	( 0 )	110111001101 0 0	0100101111 0 0	---011 0 0
NW_019211456.1	13810892	0.000	0.000	( 0 )	110111001101 0 0	0100101111 0 0	---011 0 0
NW_019211456.1	46068383	0.000	0.000	( 0 )	110111001101 0 0	0100101111 0 0	---011 0 0
NW_019211456.1	46346657	0.000	0.000	( 0 )	110111001101 0 0	0100101111 0 0	---011 0 0
NW_019211456.1	45953997	0.000	0.000	( 0 )	110111001101 0 0	0100101111 0 0	---011 0 0
NW_019211455.1	6445776	0.000	0.000	( 0 )	110111001101 0 0	0100101111 0 0	---011 0 0
NW_019211455.1	3237066	0.000	0.000	( 0 )	110111001101 0 0	0100101111 0 0	---011 0 0
NW_019211457.1	16345320	0.000	0.000	( 0 )	110111001101 0 0	0100101111 0 0	---011 0 0
NW_019211456.1	46545722	0.000	0.000	( 0 )	110111001101 0 0	0100101111 0 0	---011 0 0
NW_019211460.1	18179369	0.000	0.000	( 0 )	110111001101 0 0	0100101111 0 0	---011 0 0
NW_019211457.1	16849419	0.000	0.000	( 0 )	110111001101 0 0	0100101111 0 0	---011 0 0
NW_019211456.1	46102162	0.000	0.000	( 0 )	110111001101 0 0	0100101111 0 0	---011 0 0
NW_019211457.1	17940904	0.000	0.000	( 0 )	110111001101 0 0	0100101111 0 0	---011 0 0
NW_019211456.1	46281915	0.000	0.000	( 0 )	110111001101 0 0	0100101111 0 0	---011 0 0
NW_019211456.1	46149689	0.000	0.000	( 0 )	110111001101 0 0	0100101111 0 0	---011 0 0
NW_019211454.1	36256379	0.000	0.000	( 0 )	110111001101 0 0	0100101111 0 0	---011 0 0
NW_019211460.1	18013650	0.000	0.000	( 0 )	110111001101 0 0	0100101111 0 0	---011 0 0
NW_019211456.1	46146936	0.000	0.000	( 0 )	110111001101 0 0	0100101111 0 0	---011 0 0
NW_019211454.1	27066786	0.000	0.000	( 0 )	110111001101 0 0	0100101111 0 0	---011 0 0
NW_019211457.1	16798798	0.000	0.000	( 0 )	110111001101 0 0	0100101111 0 0	---011 0 0
NW_019211460.1	18055399	0.000	0.000	( 0 )	110111001101 0 0	0100101111 0 0	---011 0 0
NW_019211457.1	15146739	0.000	0.000	( 0 )	110111001101 0 0	0100101111 0 0	---011 0 0
NW_019211457.1	16318132	0.000	0.000	( 0 )	110111001101 0 0	0100101111 0 0	---011 0 0
NW_019211460.1	18012531	0.000	0.000	( 0 )	110111001101 0 0	0100101111 0 0	---011 0 0
NW_019211456.1	46348635	0.000	0.000	( 0 )	110111001101 0 0	0100101111 0 0	---011 0 0
NW_019211460.1	18078382	0.000	0.000	( 0 )	110111001101 0 0	0100101111 0 0	---011 0 0
NW_019211456.1	46052029	0.000	0.000	( 0 )	110111001101 0 0	0100101111 0 0	---011 0 0
NW_019211456.1	13891405	0.000	0.000	( 0 )	110111001101 0 0	0100101111 0 0	---011 0 0
NW_019211456.1	47268581	0.000	0.000	( 0 )	110111001101 0 0	0100101111 0 0	---011 0 0
NW_019211456.1	46278932	0.000	0.000	( 0 )	110111001101 0 0	0100101111 0 0	---011 0 0
NW_019211456.1	46109924	0.000	0.000	( 0 )	110111001101 0 0	0100101111 0 0	---011 0 0
NW_019211456.1	46036931	0.000	0.000	( 0 )	110111001101 0 0	0100101111 0 0	---011 0 0
NW_019211457.1	15117229	0.000	0.000	( 0 )	110111001101 0 0	0100101111 0 0	---011 0 0
NW_019211456.1	46125515	0.000	0.000	( 0 )	110111001101 0 0	0100101111 0 0	---011 0 0
NW_019211456.1	45885999	0.000	0.000	( 0 )	110111001101 0 0	0100101111 0 0	---011 0 0
NW_019211456.1	45913866	0.000	0.000	( 0 )	110111001101 0 0	0100101111 0 0	---011 0 0
NW_019211457.1	16670211	0.000	0.000	( 0 )	110111001101 0 0	0100101111 0 0	---011 0 0
NW_019211457.1	14366413	0.000	0.000	( 0 )	110111001101 0 0	0100101111 0 0	---011 0 0
NW_019211456.1	49554719	0.000	0.000	( 0 )	110111001101 0 0	0100101111 0 0	---011 0 0
NW_019211456.1	46369393	0.000	0.000	( 0 )	110111001101 0 0	0100101111 0 0	---011 0 0
NW_019211456.1	46172255	0.000	0.000	( 0 )	110111001101 0 0	0100101111 0 0	---011 0 0
NW_019211456.1	45939843	0.000	0.000	( 0 )	110111001101 0 0	0100101111 0 0	---011 0 0
NW_019211457.1	16709104	0.000	0.000	( 0 )	110111001101 0 0	0100101111 0 0	---011 0 0
NW_019211457.1	16850955	0.000	0.000	( 0 )	110111001101 0 0	0100101111 0 0	---011 0 0
NW_019211460.1	17980811	0.000	0.000	( 0 )	110111001101 0 0	0100101111 0 0	---011 0 0
NW_019211456.1	46028247	0.000	0.000	( 0 )	110111001101 0 0	0100101111 0 0	---011 0 0
NW_019211460.1	17978515	0.000	0.000	( 0 )	110111001101 0 0	0100101111 0 0	---011 0 0
NW_019211460.1	18057757	0.000	0.000	( 0 )	110111001101 0 0	0100101111 0 0	---011 0 0
NW_019211456.1	46652596	0.000	0.000	( 0 )	110111001101 0 0	0100101111 0 0	---011 0 0
NW_019211456.1	45938626	0.000	0.000	( 0 )	110111001101 0 0	0100101111 0 0	---011 0 0
NW_019211456.1	46281124	0.000	0.000	( 0 )	110111001101 0 0	0100101111 0 0	---011 0 0
NW_019211456.1	45824930	0.000	0.000	( 0 )	110111001101 0 0	0100101111 0 0	---011 0 0
NW_019211456.1	46339969	0.000	0.000	( 0 )	110111001101 0 0	0100101111 0 0	---011 0 0
NW_019211454.1	16574668	0.000	0.000	( 0 )	110111001101 0 0	0100101111 0 0	---011 0 0
NW_019211457.1	16846516	0.000	0.000	( 0 )	110111001101 0 0	0100101111 0 0	---011 0 0
NW_019211454.1	27054546	0.000	0.000	( 0 )	110111001101 0 0	0100101111 0 0	---011 0 0
NW_019211456.1	45802500	0.000	0.000	( 0 )	110111001101 0 0	0100101111 0 0	---011 0 0
NW_019211456.1	46157373	0.000	0.000	( 0 )	110111001101 0 0	0100101111 0 0	---011 0 0
NW_019211456.1	46116077	0.000	0.000	( 0 )	110111001101 0 0	0100101111 0 0	---011 0 0
NW_019211457.1	15734136	0.000	0.000	( 0 )	110111001101 0 0	0100101111 0 0	---011 0 0
NW_019211457.1	16866355	0.000	0.000	( 0 )	110111001101 0 0	0100101111 0 0	---011 0 0
NW_019211460.1	18043174	0.000	0.000	( 0 )	110111001101 0 0	0100101111 0 0	---011 0 0
NW_019211456.1	13858332	0.000	0.000	( 0 )	110111001101 0 0	0100101111 0 0	---011 0 0
NW_019211456.1	46219044	0.000	0.000	( 0 )	110111001101 0 0	0100101111 0 0	---011 0 0
NW_019211456.1	45795552	0.000	0.000	( 0 )	110111001101 0 0	0100101111 0 0	---011 0 0
NW_019211457.1	17203852	0.000	0.000	( 0 )	110111001101 0 0	0100101111 0 0	---011 0 0
NW_019211456.1	46219047	0.000	0.000	( 0 )	110111001101 0 0	0100101111 0 0	---011 0 0
NW_019211456.1	45933957	0.000	0.000	( 0 )	110111001101 0 0	0100101111 0 0	---011 0 0
NW_019211460.1	18061807	0.000	0.000	( 0 )	110111001101 0 0	0100101111 0 0	---011 0 0
NW_019211456.1	45817534	0.000	0.000	( 0 )	110111001101 0 0	0100101111 0 0	---011 0 0
NW_019211456.1	46034362	0.000	0.000	( 0 )	110111001101 0 0	0100101111 0 0	---011 0 0
NW_019211460.1	18103724	0.000	0.000	( 0 )	110111001101 0 0	0100101111 0 0	---011 0 0
NW_019211456.1	45865696	0.000	0.000	( 0 )	110111001101 0 0	0100101111 0 0	---011 0 0
NW_019211456.1	49889554	0.000	0.000	( 0 )	110111001101 0 0	0100101111 0 0	---011 0 0
NW_019211456.1	46220877	0.000	0.000	( 0 )	110111001101 0 0	0100101111 0 0	---011 0 0
NW_019211456.1	46280072	0.000	0.000	( 0 )	110111001101 0 0	0100101111 0 0	---011 0 0
NW_019211456.1	46227484	0.000	0.000	( 0 )	110111001101 0 0	0100101111 0 0	---011 0 0
NW_019211456.1	46099579	0.000	0.000	( 0 )	110111001101 0 0	0100101111 0 0	---011 0 0
NW_019211460.1	18107197	0.000	0.000	( 0 )	110111001101 0 0	0100101111 0 0	---011 0 0
NW_019211456.1	45841087	0.000	0.000	( 0 )	110111001101 0 0	0100101111 0 0	---011 0 0
NW_019211456.1	46258445	0.000	0.000	( 0 )	110111001101 0 0	0100101111 0 0	---011 0 0
NW_019211456.1	45867500	0.000	0.000	( 0 )	110111001101 0 0	0100101111 0 0	---011 0 0
NW_019211460.1	17993239	0.000	0.000	( 0 )	110111001101 0 0	0100101111 0 0	---011 0 0
NW_019211459.1	28712260	0.000	0.000	( 0 )	110111001101 0 0	0100101111 0 0	---011 0 0
NW_019211454.1	35887987	0.000	0.000	( 0 )	110111001101 0 0	0100101111 0 0	---011 0 0
NW_019211456.1	46039496	0.000	0.000	( 0 )	110111001101 0 0	0100101111 0 0	---011 0 0
NW_019211456.1	46141994	0.000	0.000	( 0 )	110111001101 0 0	0100101111 0 0	---011 0 0
NW_019211456.1	45852693	0.000	0.000	( 0 )	110111001101 0 0	0100101111 0 0	---011 0 0
NW_019211456.1	45880540	0.000	0.000	( 0 )	110111001101 0 0	0100101111 0 0	---011 0 0
NW_019211460.1	18096259	0.000	0.000	( 0 )	110111001101 0 0	0100101111 0 0	---011 0 0
NW_019211456.1	46363987	0.000	0.000	( 0 )	110111001101 0 0	0100101111 0 0	---011 0 0
NW_019211456.1	45850529	0.000	0.000	( 0 )	110111001101 0 0	0100101111 0 0	---011 0 0
NW_019211457.1	11611479	0.000	0.000	( 0 )	110111001101 0 0	0100101111 0 0	---011 0 0
NW_019211456.1	47389379	0.000	0.000	( 0 )	110111001101 0 0	0100101111 0 0	---011 0 0
NW_019211456.1	46288254	0.000	0.000	( 0 )	110111001101 0 0	0100101111 0 0	---011 0 0
NW_019211456.1	46108530	0.000	0.000	( 0 )	110111001101 0 0	0100101111 0 0	---011 0 0
NW_019211460.1	18177967	0.000	0.000	( 0 )	110111001101 0 0	0100101111 0 0	---011 0 0
NW_019211456.1	46252271	0.000	0.000	( 0 )	110111001101 0 0	0100101111 0 0	---011 0 0
NW_019211460.1	18060436	0.000	0.000	( 0 )	110111001101 0 0	0100101111 0 0	---011 0 0
NW_019211456.1	46180264	0.000	0.000	( 0 )	110111001101 0 0	0100101111 0 0	---011 0 0
NW_019211456.1	46223630	0.000	0.000	( 0 )	110111001101 0 0	0100101111 0 0	---011 0 0
NW_019211457.1	14859620	0.000	0.000	( 0 )	110111001101 0 0	0100101111 0 0	---011 0 0
NW_019211457.1	10844645	0.000	0.000	( 0 )	110111001101 0 0	0100101111 0 0	---011 0 0
NW_019211456.1	46278757	0.000	0.000	( 0 )	110111001101 0 0	0100101111 0 0	---011 0 0
NW_019211457.1	15036582	5.579	5.579	( 0 )	110111001100 0 1	0100101111 0 0	---011 0 0
NW_019211454.1	35956840	5.579	5.579	( 0 )	110111001100 0 0	0100101111 0 0	---011 0 0
NW_019211456.1	13955437	5.579	5.579	( 0 )	110111001100 0 0	0100101111 0 0	---011 0 0
NW_019211456.1	46332850	5.579	5.579	( 0 )	110111001100 0 0	0100101111 0 0	---011 0 0
NW_019211456.1	45866309	5.579	5.579	( 0 )	110111001100 0 0	0100101111 0 0	---011 0 0
NW_019211460.1	18047489	5.579	5.579	( 0 )	110111001100 0 0	0100101111 0 0	---011 0 0
NW_019211456.1	13955188	5.579	5.579	( 0 )	110111001100 0 0	0100101111 0 0	---011 0 0
NW_019211456.1	46287822	5.579	5.579	( 0 )	110111001100 0 0	0100101111 0 0	---011 0 0
NW_019211457.1	16393298	5.579	5.579	( 0 )	110111001100 0 0	0100101111 0 0	---011 0 0
NW_019211456.1	46393946	5.579	5.579	( 0 )	110111001100 0 0	0100101111 0 0	---011 0 0
NW_019211457.1	16693765	5.579	5.579	( 0 )	110111001100 0 0	0100101111 0 0	---011 0 0
NW_019211457.1	11334725	5.579	5.579	( 0 )	110111001100 0 0	0100101111 0 0	---011 0 0
NW_019211456.1	46066535	5.579	5.579	( 0 )	110111001100 0 0	0100101111 0 0	---011 0 0
NW_019211456.1	45894933	5.579	5.579	( 0 )	110111001100 0 0	0100101111 0 0	---011 0 0
NW_019211457.1	16618496	5.579	5.579	( 0 )	110111001100 0 0	0100101111 0 0	---011 0 0
NW_019211456.1	45858104	5.579	5.579	( 0 )	110111001100 0 0	0100101111 0 0	---011 0 0
NW_019211457.1	15989874	5.579	5.579	( 0 )	110111001100 0 0	0100101111 0 0	---011 0 0
NW_019211456.1	46137780	5.579	5.579	( 0 )	110111001100 0 0	0100101111 0 0	---011 0 0
NW_019211456.1	46321117	5.579	5.579	( 0 )	110111001100 0 0	0100101111 0 0	---011 0 0
NW_019211456.1	46281552	5.579	5.579	( 0 )	110111001100 0 0	0100101111 0 0	---011 0 0
NW_019211460.1	17979058	5.579	5.579	( 0 )	110111001100 0 0	0100101111 0 0	---011 0 0
NW_019211456.1	46321005	5.579	5.579	( 0 )	110111001100 0 0	0100101111 0 0	---011 0 0
NW_019211456.1	46077179	5.579	5.579	( 0 )	110111001100 0 0	0100101111 0 0	---011 0 0
NW_019211456.1	46390795	5.579	5.579	( 0 )	110111001100 0 0	0100101111 0 0	---011 0 0
NW_019211457.1	18309171	5.579	5.579	( 0 )	110111001100 0 0	0100101111 0 0	---011 0 0
NW_019211456.1	46207679	5.579	5.579	( 0 )	110111001100 0 0	0100101111 0 0	---011 0 0
NW_019211456.1	46234421	5.579	5.579	( 0 )	110111001100 0 0	0100101111 0 0	---011 0 0
NW_019211457.1	16701481	5.579	5.579	( 0 )	110111001100 0 0	0100101111 0 0	---011 0 0
NW_019211456.1	46128978	5.579	5.579	( 0 )	110111001100 0 0	0100101111 0 0	---011 0 0
NW_019211456.1	45898058	5.579	5.579	( 0 )	110111001100 0 0	0100101111 0 0	---011 0 0
NW_019211456.1	46153627	5.579	5.579	( 0 )	110111001100 0 0	0100101111 0 0	---011 0 0
NW_019211456.1	45826704	5.579	5.579	( 0 )	110111001100 0 0	0100101111 0 0	---011 0 0
NW_019211456.1	46277381	5.579	5.579	( 0 )	110111001100 0 0	0100101111 0 0	---011 0 0
NW_019211456.1	46034425	5.579	5.579	( 0 )	110111001100 0 0	0100101111 0 0	---011 0 0
NW_019211457.1	11603074	16.878	16.878	( 0 )	110111-011-0 0 2	0100101111 0 0	---011 0 0
NW_019211460.1	18112378	16.878	16.878	( 0 )	110111-011-0 0 0	0100101111 0 0	---011 0 0
NW_019211460.1	18014122	16.878	16.878	( 0 )	110111101110 0 0	0100101111 0 0	---011 0 0
NW_019211460.1	17974126	16.878	16.878	( 0 )	110111101110 0 0	0100101111 0 0	---011 0 0
NW_019211457.1	17510104	16.878	16.878	( 0 )	110111101110 0 0	0100101111 0 0	---011 0 0
NW_019211457.1	11619340	16.878	16.878	( 0 )	110111101110 0 0	0100101111 0 0	---011 0 0
NW_019211460.1	18110428	16.878	16.878	( 0 )	110111101110 0 0	0100101111 0 0	---011 0 0
NW_019211456.1	14039050	16.878	16.878	( 0 )	110111101110 0 0	0100101111 0 0	---011 0 0
NW_019211456.1	45871430	16.878	16.878	( 0 )	110111101110 0 0	0100101111 0 0	---011 0 0
NW_019211457.1	11621977	16.878	16.878	( 0 )	110111101110 0 0	0100101111 0 0	---011 0 0
NW_019211454.1	27349413	16.878	16.878	( 0 )	110111101110 0 0	0100101111 0 0	---011 0 0
#*** LG = 4 likelihood = -68.7298
#marker_number	male_position	female_position	( 0.0 )[	phased data]
NW_019211457.1	34831635	0.000	0.000	( 0 )	111111111010 0 0	-----00111 0 0	111001 0 0
NW_019211457.1	37084906	0.000	0.000	( 0 )	111111111010 0 0	-----00111 0 0	111001 0 0
NW_019211456.1	23128077	17.329	17.329	( 0 )	111111111010 0 0	-----00111 0 0	111101 0 1
NW_019211457.1	32551911	34.657	34.657	( 0 )	1111111---10 0 3	-----00111 0 0	111101 0 0
NW_019211455.1	28188864	34.657	34.657	( 0 )	111111100110 0 0	-----00111 0 0	111101 0 0
NW_019211459.1	2703885	34.657	34.657	( 0 )	111111100110 0 0	-----00111 0 0	111101 0 0
NW_019211454.1	69699295	34.657	34.657	( 0 )	111111100110 0 0	-----00111 0 0	111101 0 0
NW_019211457.1	34845237	34.657	34.657	( 0 )	111111100110 0 0	-----00111 0 0	111101 0 0
NW_019211459.1	25076859	40.236	40.236	( 0 )	111111100110 0 0	-----00111 0 0	1111-1 0 1
NW_019211455.1	29649023	40.236	40.236	( 0 )	111111100110 0 0	-----00111 0 0	111111 0 0
NW_019211459.1	21176383	40.236	40.236	( 0 )	111111100110 0 0	-----00111 0 0	111111 0 0
NW_019211460.1	18105650	40.236	40.236	( 0 )	111111100110 0 0	-----00111 0 0	111111 0 0
NW_019211454.1	41919647	40.236	40.236	( 0 )	111111100110 0 0	-----00111 0 0	111111 0 0
NW_019211457.1	34478644	40.236	40.236	( 0 )	111111100110 0 0	-----00111 0 0	111111 0 0
NW_019211455.1	32942937	67.701	67.701	( 0 )	111111000101 0 3	-----00111 0 0	111111 0 0
#*** LG = 5 likelihood = -42.1513
#marker_number	male_position	female_position	( 0.0 )[	phased data]
NW_019211454.1	22027343	0.000	0.000	( 0 )	010000001111 0 0	-----11011 0 0	---010 0 0
NW_019211458.1	19887566	0.000	0.000	( 0 )	010000001111 0 0	-----11011 0 0	---010 0 0
NW_019211454.1	40365542	0.000	0.000	( 0 )	010000001111 0 0	-----11011 0 0	---010 0 0
NW_019211454.1	6512550	9.193	9.193	( 0 )	010000001--1 0 2	-----11011 0 0	---010 0 0
NW_019211460.1	16045910	12.771	12.771	( 0 )	010000001--1 0 0	-----11011 0 0	---01- 0 1
NW_019211460.1	18114574	12.771	12.771	( 0 )	010000001--1 0 0	-----11011 0 0	---011 0 0
NW_019211454.1	17320207	16.348	16.348	( 0 )	010000001--1 0 0	-----11011 0 0	---001 0 1
NW_019211459.1	18278233	16.348	16.348	( 0 )	010000001--1 0 0	-----11011 0 0	---001 0 0
NW_019211455.1	44975848	16.348	16.348	( 0 )	010000001--1 0 0	-----11011 0 0	---001 0 0
NW_019211457.1	34494578	16.348	16.348	( 0 )	010000001--1 0 0	-----11011 0 0	---001 0 0
NW_019211454.1	10093010	16.348	16.348	( 0 )	010000001--1 0 0	-----11011 0 0	---001 0 0
NW_019211457.1	30051953	16.348	16.348	( 0 )	010000001--1 0 0	-----11011 0 0	---001 0 0
NW_019211459.1	4623602	16.348	16.348	( 0 )	010000001--1 0 0	-----11011 0 0	---001 0 0
NW_019211459.1	3947808	16.348	16.348	( 0 )	010000001--1 0 0	-----11011 0 0	---001 0 0
NW_019211455.1	30072317	16.348	16.348	( 0 )	010000001001 0 0	-----11011 0 0	---001 0 0
NW_019211457.1	34855416	16.348	16.348	( 0 )	010000001001 0 0	-----11011 0 0	---001 0 0
NW_019211457.1	34864423	16.348	16.348	( 0 )	010000001001 0 0	-----11011 0 0	---001 0 0
NW_019211455.1	30049441	16.348	16.348	( 0 )	010000001001 0 0	-----11011 0 0	---001 0 0
#*** LG = 6 likelihood = -157.3821
#marker_number	male_position	female_position	( 0.0 )[	phased data]
NW_019211454.1	62223198	0.000	0.000	( 0 )	010001100110 0 0	11110----- 0 0	001--- 0 0
NW_019211460.1	17424251	0.000	0.000	( 0 )	010001100110 0 0	11110----- 0 0	001--- 0 0
NW_019211460.1	15569249	8.412	8.412	( 0 )	010001101110 0 1	11110----- 0 0	001--- 0 0
NW_019211460.1	17485624	8.412	8.412	( 0 )	010001101110 0 0	11110----- 0 0	001--- 0 0
NW_019211460.1	15556715	8.412	8.412	( 0 )	010001101110 0 0	11110----- 0 0	001--- 0 0
NW_019211460.1	15610728	8.412	8.412	( 0 )	010001101110 0 0	11110----- 0 0	001--- 0 0
NW_019211460.1	17937415	25.740	25.740	( 0 )	010001-011-0 0 2	11110----- 0 0	001--- 0 0
NW_019211460.1	15533916	25.740	25.740	( 0 )	010001001100 0 0	11110----- 0 0	001--- 0 0
NW_019211460.1	17864329	34.152	34.152	( 0 )	010001001000 0 1	11110----- 0 0	001--- 0 0
NW_019211460.1	17223296	34.152	34.152	( 0 )	010001001000 0 0	11110----- 0 0	001--- 0 0
NW_019211454.1	21294582	34.152	34.152	( 0 )	010001001000 0 0	11110----- 0 0	001--- 0 0
NW_019211460.1	17405739	34.152	34.152	( 0 )	010001001000 0 0	11110----- 0 0	001--- 0 0
NW_019211460.1	17952607	34.152	34.152	( 0 )	010001001000 0 0	11110----- 0 0	001--- 0 0
NW_019211455.1	28728358	34.152	34.152	( 0 )	010001001000 0 0	11110----- 0 0	001--- 0 0
#*** LG = 7 likelihood = -20.0301
#marker_number	male_position	female_position	( 0.0 )[	phased data]
NW_019211455.1	32602822	0.000	0.000	( 0 )	------------ 0 0	01111----- 0 0	110111 0 0
NW_019211455.1	29832412	0.000	0.000	( 0 )	------------ 0 0	01111----- 0 0	110111 0 0
NW_019211457.1	40098140	0.000	0.000	( 0 )	------------ 0 0	01111----- 0 0	110111 0 0
NW_019211455.1	44755051	0.000	0.000	( 0 )	------------ 0 0	01111----- 0 0	110111 0 0
NW_019211457.1	10874032	17.329	17.329	( 0 )	------------ 0 0	01111----- 0 0	110011 0 1
NW_019211454.1	42642546	17.329	17.329	( 0 )	------------ 0 0	01111----- 0 0	110011 0 0
NW_019211457.1	13341269	17.329	17.329	( 0 )	------------ 0 0	01111----- 0 0	110011 0 0
#*** LG = 8 likelihood = -15.4494
#marker_number	male_position	female_position	( 0.0 )[	phased data]
NW_019211459.1	19351937	0.000	0.000	( 0 )	001111010001 0 0	00111----- 0 0	010--- 0 0
NW_019211457.1	1450789	0.000	0.000	( 0 )	001111010001 0 0	00111----- 0 0	010--- 0 0
NW_019211455.1	48753902	0.000	0.000	( 0 )	001111010001 0 0	00111----- 0 0	010--- 0 0
NW_019211454.1	62855437	0.000	0.000	( 0 )	001111010001 0 0	00111----- 0 0	010--- 0 0
NW_019211457.1	1269590	0.000	0.000	( 0 )	001111010001 0 0	00111----- 0 0	010--- 0 0
