#java OrderMarkers2 map=map3_3_js.txt data=data_f.call useKosambi=1 numMergeIterations=1 sexAveraged=1 outputPhasedData=2 grandparentPhase=1 recombination1=0 chromosome=2 randSeed=9126189762294478301
#*** LG = 2 likelihood = -941.2612
#marker_number	male_position	female_position	( 0.0 )[	phased data]
12875	0.000	0.000	( 0 )	101111110110 0 0	10111----- 0 0	110011 0 0
12863	0.000	0.000	( 0 )	101111110110 0 0	10111----- 0 0	110011 0 0
1234	0.000	0.000	( 0 )	101111110110 0 0	10111----- 0 0	110011 0 0
12954	0.000	0.000	( 0 )	101111110110 0 0	10111----- 0 0	110011 0 0
12919	0.000	0.000	( 0 )	101111110110 0 0	10111----- 0 0	110011 0 0
1220	0.000	0.000	( 0 )	101111110110 0 0	10111----- 0 0	110011 0 0
12903	0.000	0.000	( 0 )	101111110110 0 0	10111----- 0 0	110011 0 0
12929	0.000	0.000	( 0 )	101111110110 0 0	10111----- 0 0	110011 0 0
12922	0.000	0.000	( 0 )	101111110110 0 0	10111----- 0 0	110011 0 0
1208	0.000	0.000	( 0 )	101111110110 0 0	10111----- 0 0	110011 0 0
1196	0.000	0.000	( 0 )	101111110110 0 0	10111----- 0 0	110011 0 0
12889	0.000	0.000	( 0 )	101111110110 0 0	10111----- 0 0	110011 0 0
12932	0.000	0.000	( 0 )	101111110110 0 0	10111----- 0 0	110011 0 0
12853	0.000	0.000	( 0 )	101111110110 0 0	10111----- 0 0	110011 0 0
12897	0.000	0.000	( 0 )	101111110110 0 0	10111----- 0 0	110011 0 0
1201	0.000	0.000	( 0 )	101111110110 0 0	10111----- 0 0	110011 0 0
1209	0.000	0.000	( 0 )	101111110110 0 0	10111----- 0 0	110011 0 0
15481	0.000	0.000	( 0 )	101111110110 0 0	10111----- 0 0	110011 0 0
1198	0.000	0.000	( 0 )	101111110110 0 0	10111----- 0 0	110011 0 0
12868	0.000	0.000	( 0 )	101111110110 0 0	10111----- 0 0	110011 0 0
12956	0.000	0.000	( 0 )	101111110110 0 0	10111----- 0 0	110011 0 0
12910	0.000	0.000	( 0 )	101111110110 0 0	10111----- 0 0	110011 0 0
12862	0.000	0.000	( 0 )	101111110110 0 0	10111----- 0 0	110011 0 0
1222	0.000	0.000	( 0 )	101111110110 0 0	10111----- 0 0	110011 0 0
12874	0.000	0.000	( 0 )	101111110110 0 0	10111----- 0 0	110011 0 0
12925	0.000	0.000	( 0 )	101111110110 0 0	10111----- 0 0	110011 0 0
12928	0.000	0.000	( 0 )	101111110110 0 0	10111----- 0 0	110011 0 0
12846	0.000	0.000	( 0 )	101111110110 0 0	10111----- 0 0	110011 0 0
12857	0.000	0.000	( 0 )	101111110110 0 0	10111----- 0 0	110011 0 0
1232	0.000	0.000	( 0 )	101111110110 0 0	10111----- 0 0	110011 0 0
19675	0.000	0.000	( 0 )	101111110110 0 0	10111----- 0 0	110011 0 0
12958	0.000	0.000	( 0 )	101111110110 0 0	10111----- 0 0	110011 0 0
12901	0.000	0.000	( 0 )	101111110110 0 0	10111----- 0 0	110011 0 0
8504	0.000	0.000	( 0 )	101111110110 0 0	10111----- 0 0	110011 0 0
18264	0.000	0.000	( 0 )	101111110110 0 0	10111----- 0 0	110011 0 0
19105	0.000	0.000	( 0 )	101111110110 0 0	10111----- 0 0	110011 0 0
6849	0.000	0.000	( 0 )	101111110110 0 0	10111----- 0 0	110011 0 0
12392	0.000	0.000	( 0 )	101111110110 0 0	10111----- 0 0	110011 0 0
3591	0.000	0.000	( 0 )	101111110110 0 0	10111----- 0 0	110011 0 0
1212	0.000	0.000	( 0 )	101111110110 0 0	10111----- 0 0	110011 0 0
1211	0.000	0.000	( 0 )	101111110110 0 0	10111----- 0 0	110011 0 0
12859	0.000	0.000	( 0 )	101111110110 0 0	10111----- 0 0	110011 0 0
12847	0.000	0.000	( 0 )	101111110110 0 0	10111----- 0 0	110011 0 0
12911	0.000	0.000	( 0 )	101111110110 0 0	10111----- 0 0	110011 0 0
12953	0.000	0.000	( 0 )	101111110110 0 0	10111----- 0 0	110011 0 0
12934	0.000	0.000	( 0 )	101111110110 0 0	10111----- 0 0	110011 0 0
12871	0.000	0.000	( 0 )	101111110110 0 0	10111----- 0 0	110011 0 0
12920	0.000	0.000	( 0 )	101111110110 0 0	10111----- 0 0	110011 0 0
12877	0.000	0.000	( 0 )	101111110110 0 0	10111----- 0 0	110011 0 0
12899	0.000	0.000	( 0 )	101111110110 0 0	10111----- 0 0	110011 0 0
12923	0.000	0.000	( 0 )	101111110110 0 0	10111----- 0 0	110011 0 0
12887	0.000	0.000	( 0 )	101111110110 0 0	10111----- 0 0	110011 0 0
12869	0.000	0.000	( 0 )	101111110110 0 0	10111----- 0 0	110011 0 0
6273	0.000	0.000	( 0 )	101111110110 0 0	10111----- 0 0	110011 0 0
12902	0.000	0.000	( 0 )	101111110110 0 0	10111----- 0 0	110011 0 0
12803	0.000	0.000	( 0 )	101111110110 0 0	10111----- 0 0	110011 0 0
12915	0.000	0.000	( 0 )	101111110110 0 0	10111----- 0 0	110011 0 0
12885	0.000	0.000	( 0 )	101111110110 0 0	10111----- 0 0	110011 0 0
12906	0.000	0.000	( 0 )	101111110110 0 0	10111----- 0 0	110011 0 0
1218	0.000	0.000	( 0 )	101111110110 0 0	10111----- 0 0	110011 0 0
1213	0.000	0.000	( 0 )	101111110110 0 0	10111----- 0 0	110011 0 0
12851	0.000	0.000	( 0 )	101111110110 0 0	10111----- 0 0	110011 0 0
13137	0.000	0.000	( 0 )	101111110110 0 0	10111----- 0 0	110011 0 0
12927	0.000	0.000	( 0 )	101111110110 0 0	10111----- 0 0	110011 0 0
12872	0.000	0.000	( 0 )	101111110110 0 0	10111----- 0 0	110011 0 0
12912	0.000	0.000	( 0 )	101111110110 0 0	10111----- 0 0	110011 0 0
12895	0.000	0.000	( 0 )	101111110110 0 0	10111----- 0 0	110011 0 0
12938	0.000	0.000	( 0 )	101111110110 0 0	10111----- 0 0	110011 0 0
12916	0.000	0.000	( 0 )	101111110110 0 0	10111----- 0 0	110011 0 0
843	0.000	0.000	( 0 )	101111110110 0 0	10111----- 0 0	110011 0 0
12908	0.000	0.000	( 0 )	101111110110 0 0	10111----- 0 0	110011 0 0
17954	0.000	0.000	( 0 )	101111110110 0 0	10111----- 0 0	110011 0 0
12844	0.000	0.000	( 0 )	101111110110 0 0	10111----- 0 0	110011 0 0
12861	0.000	0.000	( 0 )	101111110110 0 0	10111----- 0 0	110011 0 0
1203	0.000	0.000	( 0 )	101111110110 0 0	10111----- 0 0	110011 0 0
12896	0.000	0.000	( 0 )	101111110110 0 0	10111----- 0 0	110011 0 0
1226	0.000	0.000	( 0 )	101111110110 0 0	10111----- 0 0	110011 0 0
10426	0.000	0.000	( 0 )	101111110110 0 0	10111----- 0 0	110011 0 0
12848	0.000	0.000	( 0 )	101111110110 0 0	10111----- 0 0	110011 0 0
12855	0.000	0.000	( 0 )	101111110110 0 0	10111----- 0 0	110011 0 0
12798	0.000	0.000	( 0 )	101111110110 0 0	10111----- 0 0	110011 0 0
12907	0.000	0.000	( 0 )	101111110110 0 0	10111----- 0 0	110011 0 0
17953	0.000	0.000	( 0 )	101111110110 0 0	10111----- 0 0	110011 0 0
8483	0.000	0.000	( 0 )	101111110110 0 0	10111----- 0 0	110011 0 0
18370	0.000	0.000	( 0 )	101111110110 0 0	10111----- 0 0	110011 0 0
10974	0.000	0.000	( 0 )	101111110110 0 0	10111----- 0 0	110011 0 0
20384	0.000	0.000	( 0 )	101111110110 0 0	10111----- 0 0	110011 0 0
1219	0.000	0.000	( 0 )	101111110110 0 0	10111----- 0 0	110011 0 0
12801	0.000	0.000	( 0 )	101111110110 0 0	10111----- 0 0	110011 0 0
12870	0.000	0.000	( 0 )	101111110110 0 0	10111----- 0 0	110011 0 0
12858	0.000	0.000	( 0 )	101111110110 0 0	10111----- 0 0	110011 0 0
1221	0.000	0.000	( 0 )	101111110110 0 0	10111----- 0 0	110011 0 0
12909	0.000	0.000	( 0 )	101111110110 0 0	10111----- 0 0	110011 0 0
12849	0.000	0.000	( 0 )	101111110110 0 0	10111----- 0 0	110011 0 0
1229	0.000	0.000	( 0 )	101111110110 0 0	10111----- 0 0	110011 0 0
12886	0.000	0.000	( 0 )	101111110110 0 0	10111----- 0 0	110011 0 0
12799	0.000	0.000	( 0 )	101111110110 0 0	10111----- 0 0	110011 0 0
1199	0.000	0.000	( 0 )	101111110110 0 0	10111----- 0 0	110011 0 0
12888	0.000	0.000	( 0 )	101111110110 0 0	10111----- 0 0	110011 0 0
12921	0.000	0.000	( 0 )	101111110110 0 0	10111----- 0 0	110011 0 0
1200	0.000	0.000	( 0 )	101111110110 0 0	10111----- 0 0	110011 0 0
12918	0.000	0.000	( 0 )	101111110110 0 0	10111----- 0 0	110011 0 0
1216	0.000	0.000	( 0 )	101111110110 0 0	10111----- 0 0	110011 0 0
12873	0.000	0.000	( 0 )	101111110110 0 0	10111----- 0 0	110011 0 0
12882	0.000	0.000	( 0 )	101111110110 0 0	10111----- 0 0	110011 0 0
12865	0.000	0.000	( 0 )	101111110110 0 0	10111----- 0 0	110011 0 0
1227	0.000	0.000	( 0 )	101111110110 0 0	10111----- 0 0	110011 0 0
12878	0.000	0.000	( 0 )	101111110110 0 0	10111----- 0 0	110011 0 0
12864	0.000	0.000	( 0 )	101111110110 0 0	10111----- 0 0	110011 0 0
3604	0.000	0.000	( 0 )	101111110110 0 0	10111----- 0 0	110011 0 0
12856	0.000	0.000	( 0 )	101111110110 0 0	10111----- 0 0	110011 0 0
1233	0.000	0.000	( 0 )	101111110110 0 0	10111----- 0 0	110011 0 0
12893	0.000	0.000	( 0 )	101111110110 0 0	10111----- 0 0	110011 0 0
12917	0.000	0.000	( 0 )	101111110110 0 0	10111----- 0 0	110011 0 0
12883	0.000	0.000	( 0 )	101111110110 0 0	10111----- 0 0	110011 0 0
12193	0.000	0.000	( 0 )	101111110110 0 0	10111----- 0 0	110011 0 0
12854	0.000	0.000	( 0 )	101111110110 0 0	10111----- 0 0	110011 0 0
1210	0.000	0.000	( 0 )	101111110110 0 0	10111----- 0 0	110011 0 0
12957	0.000	0.000	( 0 )	101111110110 0 0	10111----- 0 0	110011 0 0
12900	0.000	0.000	( 0 )	101111110110 0 0	10111----- 0 0	110011 0 0
12936	0.000	0.000	( 0 )	101111110110 0 0	10111----- 0 0	110011 0 0
1225	0.000	0.000	( 0 )	101111110110 0 0	10111----- 0 0	110011 0 0
10403	0.000	0.000	( 0 )	101111110110 0 0	10111----- 0 0	110011 0 0
12933	0.000	0.000	( 0 )	101111110110 0 0	10111----- 0 0	110011 0 0
12894	0.000	0.000	( 0 )	101111110110 0 0	10111----- 0 0	110011 0 0
12904	0.000	0.000	( 0 )	101111110110 0 0	10111----- 0 0	110011 0 0
12876	0.000	0.000	( 0 )	101111110110 0 0	10111----- 0 0	110011 0 0
1230	0.000	0.000	( 0 )	101111110110 0 0	10111----- 0 0	110011 0 0
1228	0.000	0.000	( 0 )	101111110110 0 0	10111----- 0 0	110011 0 0
12800	0.000	0.000	( 0 )	101111110110 0 0	10111----- 0 0	110011 0 0
12852	0.000	0.000	( 0 )	101111110110 0 0	10111----- 0 0	110011 0 0
12802	0.000	0.000	( 0 )	101111110110 0 0	10111----- 0 0	110011 0 0
12890	0.000	0.000	( 0 )	101111110110 0 0	10111----- 0 0	110011 0 0
19466	0.000	0.000	( 0 )	101111110110 0 0	10111----- 0 0	110011 0 0
1223	0.000	0.000	( 0 )	101111110110 0 0	10111----- 0 0	110011 0 0
12879	0.000	0.000	( 0 )	101111110110 0 0	10111----- 0 0	110011 0 0
9176	0.000	0.000	( 0 )	101111110110 0 0	10111----- 0 0	110011 0 0
1202	0.000	0.000	( 0 )	101111110110 0 0	10111----- 0 0	110011 0 0
16907	17.329	17.329	( 0 )	101111110110 0 0	10111----- 0 0	110001 0 1
4326	17.329	17.329	( 0 )	101111110110 0 0	10111----- 0 0	110001 0 0
2719	17.329	17.329	( 0 )	101111110110 0 0	10111----- 0 0	110001 0 0
864	17.329	17.329	( 0 )	101111110110 0 0	10111----- 0 0	110001 0 0
12489	17.329	17.329	( 0 )	101111110110 0 0	10111----- 0 0	110001 0 0
19243	17.329	17.329	( 0 )	101111110110 0 0	10111----- 0 0	110001 0 0
17824	17.329	17.329	( 0 )	101111110110 0 0	10111----- 0 0	110001 0 0
9916	17.329	17.329	( 0 )	101111110110 0 0	10111----- 0 0	110001 0 0
18311	17.329	17.329	( 0 )	101111110110 0 0	10111----- 0 0	110001 0 0
15015	17.329	17.329	( 0 )	101111110110 0 0	10111----- 0 0	110001 0 0
8220	17.329	17.329	( 0 )	101111110110 0 0	10111----- 0 0	110001 0 0
8351	17.329	17.329	( 0 )	101111110110 0 0	10111----- 0 0	110001 0 0
4572	17.329	17.329	( 0 )	101111110110 0 0	10111----- 0 0	110001 0 0
4170	17.329	17.329	( 0 )	101111110110 0 0	10111----- 0 0	110001 0 0
17590	17.329	17.329	( 0 )	101111110110 0 0	10111----- 0 0	110001 0 0
11545	17.329	17.329	( 0 )	101111110110 0 0	10111----- 0 0	110001 0 0
20163	17.329	17.329	( 0 )	101111110110 0 0	10111----- 0 0	110001 0 0
1939	17.329	17.329	( 0 )	101111110110 0 0	10111----- 0 0	110001 0 0
1009	17.329	17.329	( 0 )	101111110110 0 0	10111----- 0 0	110001 0 0
18308	34.657	34.657	( 0 )	101111110110 0 0	10111----- 0 0	11000- 0 1
17977	34.657	34.657	( 0 )	101111110110 0 0	10111----- 0 0	11000- 0 0
18365	34.657	34.657	( 0 )	101111110110 0 0	10111----- 0 0	11000- 0 0
18325	34.657	34.657	( 0 )	101111110110 0 0	10111----- 0 0	11000- 0 0
18343	34.657	34.657	( 0 )	101111110110 0 0	10111----- 0 0	11000- 0 0
17972	34.657	34.657	( 0 )	101111110110 0 0	10111----- 0 0	11000- 0 0
18360	34.657	34.657	( 0 )	101111110110 0 0	10111----- 0 0	11000- 0 0
18363	34.657	34.657	( 0 )	101111110110 0 0	10111----- 0 0	11000- 0 0
4103	34.657	34.657	( 0 )	101111110110 0 0	10111----- 0 0	11000- 0 0
17282	34.657	34.657	( 0 )	101111110110 0 0	10111----- 0 0	11000- 0 0
18263	34.657	34.657	( 0 )	101111110110 0 0	10111----- 0 0	11000- 0 0
7590	34.657	34.657	( 0 )	101111110110 0 0	10111----- 0 0	11000- 0 0
12931	34.657	34.657	( 0 )	101111110110 0 0	10111----- 0 0	11000- 0 0
14275	34.657	34.657	( 0 )	101111110110 0 0	10111----- 0 0	11000- 0 0
8354	34.657	34.657	( 0 )	101111110110 0 0	10111----- 0 0	11000- 0 0
10178	34.657	34.657	( 0 )	101111110110 0 0	10111----- 0 0	11000- 0 0
18302	34.657	34.657	( 0 )	101111110110 0 0	10111----- 0 0	11000- 0 0
5286	34.657	34.657	( 0 )	101111110110 0 0	10111----- 0 0	110000 0 0
