#java OrderMarkers2 map=map3_3_js.txt data=data_f.call useKosambi=1 numMergeIterations=1 sexAveraged=1 outputPhasedData=2 grandparentPhase=1 recombination1=0 chromosome=5 randSeed=-8117795815809445413
#*** LG = 5 likelihood = -42.1513
#marker_number	male_position	female_position	( 0.0 )[	phased data]
8622	0.000	0.000	( 0 )	010000001111 0 0	-----11011 0 0	---010 0 0
15750	0.000	0.000	( 0 )	010000001111 0 0	-----11011 0 0	---010 0 0
4317	0.000	0.000	( 0 )	010000001111 0 0	-----11011 0 0	---010 0 0
174	9.193	9.193	( 0 )	010000001--1 0 2	-----11011 0 0	---010 0 0
1552	12.771	12.771	( 0 )	010000001--1 0 0	-----11011 0 0	---01- 0 1
7206	12.771	12.771	( 0 )	010000001--1 0 0	-----11011 0 0	---01- 0 0
20519	12.771	12.771	( 0 )	010000001--1 0 0	-----11011 0 0	---011 0 0
13335	16.348	16.348	( 0 )	010000001--1 0 0	-----11011 0 0	---001 0 1
20165	16.348	16.348	( 0 )	010000001--1 0 0	-----11011 0 0	---001 0 0
7213	16.348	16.348	( 0 )	010000001001 0 0	-----11011 0 0	---001 0 0
13517	16.348	16.348	( 0 )	010000001001 0 0	-----11011 0 0	---001 0 0
259	16.348	16.348	( 0 )	010000001001 0 0	-----11011 0 0	---001 0 0
13624	16.348	16.348	( 0 )	010000001001 0 0	-----11011 0 0	---001 0 0
16806	16.348	16.348	( 0 )	010000001001 0 0	-----11011 0 0	---001 0 0
16894	16.348	16.348	( 0 )	010000001001 0 0	-----11011 0 0	---001 0 0
1132	16.348	16.348	( 0 )	010000001001 0 0	-----11011 0 0	---001 0 0
13614	16.348	16.348	( 0 )	010000001001 0 0	-----11011 0 0	---001 0 0
18801	16.348	16.348	( 0 )	010000001001 0 0	-----11011 0 0	---001 0 0
