#java OrderMarkers2 map=map3_3_js.txt data=data_f.call useKosambi=1 numMergeIterations=1 sexAveraged=1 outputPhasedData=2 grandparentPhase=1 recombination1=0 chromosome=1 randSeed=-3374864979031859365
#*** LG = 1 likelihood = -2327.3254
#marker_number	male_position	female_position	( 0.0 )[	phased data]
4031	0.000	0.000	( 0 )	111111010100 0 0	1101101111 0 0	101110 0 0
167	0.000	0.000	( 0 )	111111010100 0 0	1101101111 0 0	101110 0 0
17223	17.329	17.329	( 0 )	111111010100 0 0	1101101111 0 0	101010 0 1
5214	34.657	34.657	( 0 )	111111010100 0 0	1101101111 0 0	1010-0 0 1
352	45.957	45.957	( 0 )	1111110-0000 0 2	1101101111 0 0	101000 0 0
19248	45.957	45.957	( 0 )	111111000000 0 0	1101101111 0 0	101000 0 0
19308	45.957	45.957	( 0 )	111111000000 0 0	1101101111 0 0	101000 0 0
11471	45.957	45.957	( 0 )	111111000000 0 0	1101101111 0 0	101000 0 0
16284	45.957	45.957	( 0 )	111111000000 0 0	1101101111 0 0	101000 0 0
16292	45.957	45.957	( 0 )	111111000000 0 0	1101101111 0 0	101000 0 0
10578	45.957	45.957	( 0 )	111111000000 0 0	1101101111 0 0	101000 0 0
10526	45.957	45.957	( 0 )	111111000000 0 0	1101101111 0 0	101000 0 0
10704	45.957	45.957	( 0 )	111111000000 0 0	1101101111 0 0	101000 0 0
10459	45.957	45.957	( 0 )	111111000000 0 0	1101101111 0 0	101000 0 0
10896	45.957	45.957	( 0 )	111111000000 0 0	1101101111 0 0	101000 0 0
16294	45.957	45.957	( 0 )	111111000000 0 0	1101101111 0 0	101000 0 0
7818	45.957	45.957	( 0 )	111111000000 0 0	1101101111 0 0	101000 0 0
16595	45.957	45.957	( 0 )	111111000000 0 0	1101101111 0 0	101000 0 0
16295	45.957	45.957	( 0 )	111111000000 0 0	1101101111 0 0	101000 0 0
16291	45.957	45.957	( 0 )	111111000000 0 0	1101101111 0 0	101000 0 0
10589	45.957	45.957	( 0 )	111111000000 0 0	1101101111 0 0	101000 0 0
16273	45.957	45.957	( 0 )	111111000000 0 0	1101101111 0 0	101000 0 0
7136	45.957	45.957	( 0 )	111111000000 0 0	1101101111 0 0	101000 0 0
10527	45.957	45.957	( 0 )	111111000000 0 0	1101101111 0 0	101000 0 0
10490	45.957	45.957	( 0 )	111111000000 0 0	1101101111 0 0	101000 0 0
16275	45.957	45.957	( 0 )	111111000000 0 0	1101101111 0 0	101000 0 0
16281	45.957	45.957	( 0 )	111111000000 0 0	1101101111 0 0	101000 0 0
4174	45.957	45.957	( 0 )	111111000000 0 0	1101101111 0 0	101000 0 0
16290	45.957	45.957	( 0 )	111111000000 0 0	1101101111 0 0	101000 0 0
16278	45.957	45.957	( 0 )	111111000000 0 0	1101101111 0 0	101000 0 0
18763	51.536	51.536	( 0 )	111111000000 0 0	1101101111 0 0	10100- 0 1
2633	51.536	51.536	( 0 )	111111000000 0 0	1101101111 0 0	10100- 0 0
11687	51.536	51.536	( 0 )	111111000000 0 0	1101101111 0 0	10100- 0 0
7778	51.536	51.536	( 0 )	111111000000 0 0	1101101111 0 0	10100- 0 0
4101	51.536	51.536	( 0 )	111111000000 0 0	1101101111 0 0	10100- 0 0
7958	51.536	51.536	( 0 )	111111000000 0 0	1101101111 0 0	10100- 0 0
10368	51.536	51.536	( 0 )	111111000000 0 0	1101101111 0 0	10100- 0 0
10344	51.536	51.536	( 0 )	111111000000 0 0	1101101111 0 0	10100- 0 0
8061	51.536	51.536	( 0 )	111111000000 0 0	1101101111 0 0	10100- 0 0
10343	51.536	51.536	( 0 )	111111000000 0 0	1101101111 0 0	10100- 0 0
13610	51.536	51.536	( 0 )	111111000000 0 0	1101101111 0 0	101001 0 0
6978	51.536	51.536	( 0 )	111111000000 0 0	1101101111 0 0	101001 0 0
2958	51.536	51.536	( 0 )	111111000000 0 0	1101101111 0 0	101001 0 0
13593	51.536	51.536	( 0 )	111111000000 0 0	1101101111 0 0	101001 0 0
17447	51.536	51.536	( 0 )	111111000000 0 0	1101101111 0 0	101001 0 0
2963	51.536	51.536	( 0 )	111111000000 0 0	1101101111 0 0	101001 0 0
1004	51.536	51.536	( 0 )	111111000000 0 0	1101101111 0 0	101001 0 0
878	51.536	51.536	( 0 )	111111000000 0 0	1101101111 0 0	101001 0 0
11740	51.536	51.536	( 0 )	111111000000 0 0	1101101111 0 0	101001 0 0
2801	51.536	51.536	( 0 )	111111000000 0 0	1101101111 0 0	101001 0 0
13663	51.536	51.536	( 0 )	111111000000 0 0	1101101111 0 0	101001 0 0
17294	51.536	51.536	( 0 )	111111000000 0 0	1101101111 0 0	101001 0 0
13619	51.536	51.536	( 0 )	111111000000 0 0	1101101111 0 0	101001 0 0
13588	51.536	51.536	( 0 )	111111000000 0 0	1101101111 0 0	101001 0 0
13656	51.536	51.536	( 0 )	111111000000 0 0	1101101111 0 0	101001 0 0
2971	51.536	51.536	( 0 )	111111000000 0 0	1101101111 0 0	101001 0 0
945	51.536	51.536	( 0 )	111111000000 0 0	1101101111 0 0	101001 0 0
13583	51.536	51.536	( 0 )	111111000000 0 0	1101101111 0 0	101001 0 0
13605	51.536	51.536	( 0 )	111111000000 0 0	1101101111 0 0	101001 0 0
13575	51.536	51.536	( 0 )	111111000000 0 0	1101101111 0 0	101001 0 0
2965	51.536	51.536	( 0 )	111111000000 0 0	1101101111 0 0	101001 0 0
13641	51.536	51.536	( 0 )	111111000000 0 0	1101101111 0 0	101001 0 0
999	51.536	51.536	( 0 )	111111000000 0 0	1101101111 0 0	101001 0 0
13622	51.536	51.536	( 0 )	111111000000 0 0	1101101111 0 0	101001 0 0
928	51.536	51.536	( 0 )	111111000000 0 0	1101101111 0 0	101001 0 0
11751	51.536	51.536	( 0 )	111111000000 0 0	1101101111 0 0	101001 0 0
16175	51.536	51.536	( 0 )	111111000000 0 0	1101101111 0 0	101001 0 0
13625	51.536	51.536	( 0 )	111111000000 0 0	1101101111 0 0	101001 0 0
13661	51.536	51.536	( 0 )	111111000000 0 0	1101101111 0 0	101001 0 0
948	51.536	51.536	( 0 )	111111000000 0 0	1101101111 0 0	101001 0 0
2279	51.536	51.536	( 0 )	111111000000 0 0	1101101111 0 0	101001 0 0
6959	51.536	51.536	( 0 )	111111000000 0 0	1101101111 0 0	101001 0 0
10365	55.113	55.113	( 0 )	111111000100 0 1	1101101111 0 0	101001 0 0
8016	55.113	55.113	( 0 )	111111000100 0 0	1101101111 0 0	101001 0 0
19325	55.113	55.113	( 0 )	111111000100 0 0	1101101111 0 0	101001 0 0
13657	55.113	55.113	( 0 )	111111000100 0 0	1101101111 0 0	101001 0 0
17383	55.113	55.113	( 0 )	111111000100 0 0	1101101111 0 0	101001 0 0
13571	55.113	55.113	( 0 )	111111000100 0 0	1101101111 0 0	101001 0 0
858	55.113	55.113	( 0 )	111111000100 0 0	1101101111 0 0	101001 0 0
17317	55.113	55.113	( 0 )	111111000100 0 0	1101101111 0 0	101001 0 0
1008	55.113	55.113	( 0 )	111111000100 0 0	1101101111 0 0	101001 0 0
13587	55.113	55.113	( 0 )	111111000100 0 0	1101101111 0 0	101001 0 0
1005	55.113	55.113	( 0 )	111111000100 0 0	1101101111 0 0	101001 0 0
11762	55.113	55.113	( 0 )	111111000100 0 0	1101101111 0 0	101001 0 0
13577	55.113	55.113	( 0 )	111111000100 0 0	1101101111 0 0	101001 0 0
3101	55.113	55.113	( 0 )	111111000100 0 0	1101101111 0 0	101001 0 0
13601	55.113	55.113	( 0 )	111111000100 0 0	1101101111 0 0	101001 0 0
770	55.113	55.113	( 0 )	111111000100 0 0	1101101111 0 0	101001 0 0
11738	55.113	55.113	( 0 )	111111000100 0 0	1101101111 0 0	101001 0 0
17339	55.113	55.113	( 0 )	111111000100 0 0	1101101111 0 0	101001 0 0
13637	55.113	55.113	( 0 )	111111000100 0 0	1101101111 0 0	101001 0 0
2921	55.113	55.113	( 0 )	111111000100 0 0	1101101111 0 0	101001 0 0
2902	55.113	55.113	( 0 )	111111000100 0 0	1101101111 0 0	101001 0 0
11661	55.113	55.113	( 0 )	111111000100 0 0	1101101111 0 0	101001 0 0
2914	55.113	55.113	( 0 )	111111000100 0 0	1101101111 0 0	101001 0 0
13660	55.113	55.113	( 0 )	111111000100 0 0	1101101111 0 0	101001 0 0
969	55.113	55.113	( 0 )	111111000100 0 0	1101101111 0 0	101001 0 0
13632	55.113	55.113	( 0 )	111111000100 0 0	1101101111 0 0	101001 0 0
13665	55.113	55.113	( 0 )	111111000100 0 0	1101101111 0 0	101001 0 0
958	55.113	55.113	( 0 )	111111000100 0 0	1101101111 0 0	101001 0 0
2856	55.113	55.113	( 0 )	111111000100 0 0	1101101111 0 0	101001 0 0
2964	55.113	55.113	( 0 )	111111000100 0 0	1101101111 0 0	101001 0 0
998	55.113	55.113	( 0 )	111111000100 0 0	1101101111 0 0	101001 0 0
875	55.113	55.113	( 0 )	111111000100 0 0	1101101111 0 0	101001 0 0
11758	55.113	55.113	( 0 )	111111000100 0 0	1101101111 0 0	101001 0 0
966	55.113	55.113	( 0 )	111111000100 0 0	1101101111 0 0	101001 0 0
11760	55.113	55.113	( 0 )	111111000100 0 0	1101101111 0 0	101001 0 0
13651	55.113	55.113	( 0 )	111111000100 0 0	1101101111 0 0	101001 0 0
17289	55.113	55.113	( 0 )	111111000100 0 0	1101101111 0 0	101001 0 0
17357	55.113	55.113	( 0 )	111111000100 0 0	1101101111 0 0	101001 0 0
868	55.113	55.113	( 0 )	111111000100 0 0	1101101111 0 0	101001 0 0
942	55.113	55.113	( 0 )	111111000100 0 0	1101101111 0 0	101001 0 0
870	55.113	55.113	( 0 )	111111000100 0 0	1101101111 0 0	101001 0 0
2930	55.113	55.113	( 0 )	111111000100 0 0	1101101111 0 0	101001 0 0
11771	55.113	55.113	( 0 )	111111000100 0 0	1101101111 0 0	101001 0 0
946	55.113	55.113	( 0 )	111111000100 0 0	1101101111 0 0	101001 0 0
13623	55.113	55.113	( 0 )	111111000100 0 0	1101101111 0 0	101001 0 0
2911	55.113	55.113	( 0 )	111111000100 0 0	1101101111 0 0	101001 0 0
867	55.113	55.113	( 0 )	111111000100 0 0	1101101111 0 0	101001 0 0
13609	55.113	55.113	( 0 )	111111000100 0 0	1101101111 0 0	101001 0 0
11772	55.113	55.113	( 0 )	111111000100 0 0	1101101111 0 0	101001 0 0
13627	55.113	55.113	( 0 )	111111000100 0 0	1101101111 0 0	101001 0 0
877	55.113	55.113	( 0 )	111111000100 0 0	1101101111 0 0	101001 0 0
874	55.113	55.113	( 0 )	111111000100 0 0	1101101111 0 0	101001 0 0
13576	55.113	55.113	( 0 )	111111000100 0 0	1101101111 0 0	101001 0 0
13585	55.113	55.113	( 0 )	111111000100 0 0	1101101111 0 0	101001 0 0
13582	55.113	55.113	( 0 )	111111000100 0 0	1101101111 0 0	101001 0 0
7920	55.113	55.113	( 0 )	111111000100 0 0	1101101111 0 0	101001 0 0
879	55.113	55.113	( 0 )	111111000100 0 0	1101101111 0 0	101001 0 0
2923	58.691	58.691	( 0 )	111111000100 0 0	110110-111 0 1	101001 0 0
13640	58.691	58.691	( 0 )	111111000100 0 0	110110-111 0 0	101001 0 0
2967	58.691	58.691	( 0 )	111111000100 0 0	110110-111 0 0	101001 0 0
13616	58.691	58.691	( 0 )	111111000100 0 0	110110-111 0 0	101001 0 0
857	58.691	58.691	( 0 )	111111000100 0 0	110110-111 0 0	101001 0 0
17323	58.691	58.691	( 0 )	111111000100 0 0	110110-111 0 0	101001 0 0
13652	58.691	58.691	( 0 )	111111000100 0 0	110110-111 0 0	101001 0 0
852	58.691	58.691	( 0 )	111111000100 0 0	110110-111 0 0	101001 0 0
986	58.691	58.691	( 0 )	111111000100 0 0	110110-111 0 0	101001 0 0
862	58.691	58.691	( 0 )	111111000100 0 0	110110-111 0 0	101001 0 0
11745	58.691	58.691	( 0 )	111111000100 0 0	110110-111 0 0	101001 0 0
17381	58.691	58.691	( 0 )	111111000100 0 0	110110-111 0 0	101001 0 0
13647	58.691	58.691	( 0 )	111111000100 0 0	110110-111 0 0	101001 0 0
846	58.691	58.691	( 0 )	111111000100 0 0	110110-111 0 0	101001 0 0
2932	58.691	58.691	( 0 )	111111000100 0 0	110110-111 0 0	101001 0 0
13336	58.691	58.691	( 0 )	111111000100 0 0	110110-111 0 0	101001 0 0
17342	58.691	58.691	( 0 )	111111000100 0 0	110110-111 0 0	101001 0 0
17354	58.691	58.691	( 0 )	111111000100 0 0	110110-111 0 0	101001 0 0
13597	58.691	58.691	( 0 )	111111000100 0 0	110110-111 0 0	101001 0 0
17380	58.691	58.691	( 0 )	111111000100 0 0	110110-111 0 0	101001 0 0
11553	58.691	58.691	( 0 )	111111000100 0 0	110110-111 0 0	101001 0 0
17456	58.691	58.691	( 0 )	111111000100 0 0	110110-111 0 0	101001 0 0
11755	58.691	58.691	( 0 )	111111000100 0 0	110110-111 0 0	101001 0 0
7135	58.691	58.691	( 0 )	111111000100 0 0	110110-111 0 0	101001 0 0
11757	58.691	58.691	( 0 )	111111000100 0 0	110110-111 0 0	101001 0 0
949	58.691	58.691	( 0 )	111111000100 0 0	110110-111 0 0	101001 0 0
11752	58.691	58.691	( 0 )	111111000100 0 0	110110-111 0 0	101001 0 0
13578	58.691	58.691	( 0 )	111111000100 0 0	110110-111 0 0	101001 0 0
965	58.691	58.691	( 0 )	111111000100 0 0	110110-111 0 0	101001 0 0
951	58.691	58.691	( 0 )	111111000100 0 0	110110-111 0 0	101001 0 0
13653	58.691	58.691	( 0 )	111111000100 0 0	110110-111 0 0	101001 0 0
13631	58.691	58.691	( 0 )	111111000100 0 0	110110-111 0 0	101001 0 0
17325	58.691	58.691	( 0 )	111111000100 0 0	110110-111 0 0	101001 0 0
13667	58.691	58.691	( 0 )	111111000100 0 0	110110-111 0 0	101001 0 0
2905	58.691	58.691	( 0 )	111111000100 0 0	110110-111 0 0	101001 0 0
11741	58.691	58.691	( 0 )	111111000100 0 0	110110-111 0 0	101001 0 0
13338	58.691	58.691	( 0 )	111111000100 0 0	110110-111 0 0	101001 0 0
2924	58.691	58.691	( 0 )	111111000100 0 0	110110-111 0 0	101001 0 0
11739	58.691	58.691	( 0 )	111111000100 0 0	110110-111 0 0	101001 0 0
13669	58.691	58.691	( 0 )	111111000100 0 0	110110-111 0 0	101001 0 0
844	58.691	58.691	( 0 )	111111000100 0 0	110110-111 0 0	101001 0 0
863	58.691	58.691	( 0 )	111111000100 0 0	110110-111 0 0	101001 0 0
933	58.691	58.691	( 0 )	111111000100 0 0	110110-111 0 0	101001 0 0
876	58.691	58.691	( 0 )	111111000100 0 0	110110-111 0 0	101001 0 0
13604	58.691	58.691	( 0 )	111111000100 0 0	110110-111 0 0	101001 0 0
13646	58.691	58.691	( 0 )	111111000100 0 0	110110-111 0 0	101001 0 0
2936	58.691	58.691	( 0 )	111111000100 0 0	110110-111 0 0	101001 0 0
18746	58.691	58.691	( 0 )	111111000100 0 0	110110-111 0 0	101001 0 0
13586	62.268	62.268	( 0 )	111111100100 0 1	110110-111 0 0	101001 0 0
7803	62.268	62.268	( 0 )	111111100100 0 0	110110-111 0 0	101001 0 0
13573	62.268	62.268	( 0 )	111111100100 0 0	110110-111 0 0	101001 0 0
2953	62.268	62.268	( 0 )	111111100100 0 0	110110-111 0 0	101001 0 0
13666	62.268	62.268	( 0 )	111111100100 0 0	110110-111 0 0	101001 0 0
860	62.268	62.268	( 0 )	111111100100 0 0	110110-111 0 0	101001 0 0
13599	62.268	62.268	( 0 )	111111100100 0 0	110110-111 0 0	101001 0 0
2909	62.268	62.268	( 0 )	111111100100 0 0	110110-111 0 0	101001 0 0
2951	62.268	62.268	( 0 )	111111100100 0 0	110110-111 0 0	101001 0 0
13598	62.268	62.268	( 0 )	111111100100 0 0	110110-111 0 0	101001 0 0
963	62.268	62.268	( 0 )	111111100100 0 0	110110-111 0 0	101001 0 0
873	62.268	62.268	( 0 )	111111100100 0 0	110110-111 0 0	101001 0 0
13655	62.268	62.268	( 0 )	111111100100 0 0	110110-111 0 0	101001 0 0
13639	62.268	62.268	( 0 )	111111100100 0 0	110110-111 0 0	101001 0 0
13607	62.268	62.268	( 0 )	111111100100 0 0	110110-111 0 0	101001 0 0
769	62.268	62.268	( 0 )	111111100100 0 0	110110-111 0 0	101001 0 0
850	62.268	62.268	( 0 )	111111100100 0 0	110110-111 0 0	101001 0 0
2904	62.268	62.268	( 0 )	111111100100 0 0	110110-111 0 0	101001 0 0
17315	62.268	62.268	( 0 )	111111100100 0 0	110110-111 0 0	101001 0 0
17368	62.268	62.268	( 0 )	111111100100 0 0	110110-111 0 0	101001 0 0
17297	62.268	62.268	( 0 )	111111100100 0 0	110110-111 0 0	101001 0 0
779	62.268	62.268	( 0 )	111111100100 0 0	110110-111 0 0	101001 0 0
17318	62.268	62.268	( 0 )	111111100100 0 0	110110-111 0 0	101001 0 0
971	62.268	62.268	( 0 )	111111100100 0 0	110110-111 0 0	101001 0 0
941	62.268	62.268	( 0 )	111111100100 0 0	110110-111 0 0	101001 0 0
13579	62.268	62.268	( 0 )	111111100100 0 0	110110-111 0 0	101001 0 0
11750	62.268	62.268	( 0 )	111111100100 0 0	110110-111 0 0	101001 0 0
13584	62.268	62.268	( 0 )	111111100100 0 0	110110-111 0 0	101001 0 0
2910	62.268	62.268	( 0 )	111111100100 0 0	110110-111 0 0	101001 0 0
17303	62.268	62.268	( 0 )	111111100100 0 0	110110-111 0 0	101001 0 0
10423	62.268	62.268	( 0 )	111111100100 0 0	110110-111 0 0	101001 0 0
2952	62.268	62.268	( 0 )	111111100100 0 0	110110-111 0 0	101001 0 0
2913	62.268	62.268	( 0 )	111111100100 0 0	110110-111 0 0	101001 0 0
13613	62.268	62.268	( 0 )	111111100100 0 0	110110-111 0 0	101001 0 0
2948	62.268	62.268	( 0 )	111111100100 0 0	110110-111 0 0	101001 0 0
2917	62.268	62.268	( 0 )	111111100100 0 0	110110-111 0 0	101001 0 0
17427	62.268	62.268	( 0 )	111111100100 0 0	110110-111 0 0	101001 0 0
11629	62.268	62.268	( 0 )	111111100100 0 0	110110-111 0 0	101001 0 0
768	62.268	62.268	( 0 )	111111100100 0 0	110110-111 0 0	101001 0 0
13476	62.268	62.268	( 0 )	111111100100 0 0	110110-111 0 0	101001 0 0
13572	62.268	62.268	( 0 )	111111100100 0 0	110110-111 0 0	101001 0 0
13634	62.268	62.268	( 0 )	111111100100 0 0	110110-111 0 0	101001 0 0
938	62.268	62.268	( 0 )	111111100100 0 0	110110-111 0 0	101001 0 0
17563	62.268	62.268	( 0 )	111111100100 0 0	110110-111 0 0	101001 0 0
872	62.268	62.268	( 0 )	111111100100 0 0	110110-111 0 0	101001 0 0
2962	62.268	62.268	( 0 )	111111100100 0 0	110110-111 0 0	101001 0 0
17311	62.268	62.268	( 0 )	111111100100 0 0	110110-111 0 0	101001 0 0
854	62.268	62.268	( 0 )	111111100100 0 0	110110-111 0 0	101001 0 0
13337	62.268	62.268	( 0 )	111111100100 0 0	110110-111 0 0	101001 0 0
871	62.268	62.268	( 0 )	111111100100 0 0	110110-111 0 0	101001 0 0
11765	62.268	62.268	( 0 )	111111100100 0 0	110110-111 0 0	101001 0 0
13612	62.268	62.268	( 0 )	111111100100 0 0	110110-111 0 0	101001 0 0
13596	62.268	62.268	( 0 )	111111100100 0 0	110110-111 0 0	101001 0 0
13668	62.268	62.268	( 0 )	111111100100 0 0	110110-111 0 0	101001 0 0
11761	62.268	62.268	( 0 )	111111100100 0 0	110110-111 0 0	101001 0 0
11768	62.268	62.268	( 0 )	111111100100 0 0	110110-111 0 0	101001 0 0
2961	62.268	62.268	( 0 )	111111100100 0 0	110110-111 0 0	101001 0 0
2912	62.268	62.268	( 0 )	111111100100 0 0	110110-111 0 0	101001 0 0
845	62.268	62.268	( 0 )	111111100100 0 0	110110-111 0 0	101001 0 0
849	62.268	62.268	( 0 )	111111100100 0 0	110110-111 0 0	101001 0 0
13602	62.268	62.268	( 0 )	111111100100 0 0	110110-111 0 0	101001 0 0
13621	62.268	62.268	( 0 )	111111100100 0 0	110110-111 0 0	101001 0 0
13618	62.268	62.268	( 0 )	111111100100 0 0	110110-111 0 0	101001 0 0
2946	62.268	62.268	( 0 )	111111100100 0 0	110110-111 0 0	101001 0 0
7823	62.268	62.268	( 0 )	111111100100 0 0	110110-111 0 0	101001 0 0
17406	62.268	62.268	( 0 )	111111100100 0 0	110110-111 0 0	101001 0 0
778	62.268	62.268	( 0 )	111111100100 0 0	110110-111 0 0	101001 0 0
2919	62.268	62.268	( 0 )	111111100100 0 0	110110-111 0 0	101001 0 0
936	62.268	62.268	( 0 )	111111100100 0 0	110110-111 0 0	101001 0 0
13633	62.268	62.268	( 0 )	111111100100 0 0	110110-111 0 0	101001 0 0
11749	62.268	62.268	( 0 )	111111100100 0 0	110110-111 0 0	101001 0 0
947	62.268	62.268	( 0 )	111111100100 0 0	110110-111 0 0	101001 0 0
11641	62.268	62.268	( 0 )	111111100100 0 0	110110-111 0 0	101001 0 0
11766	62.268	62.268	( 0 )	111111100100 0 0	110110-111 0 0	101001 0 0
2925	62.268	62.268	( 0 )	111111100100 0 0	110110-111 0 0	101001 0 0
848	62.268	62.268	( 0 )	111111100100 0 0	110110-111 0 0	101001 0 0
11756	62.268	62.268	( 0 )	111111100100 0 0	110110-111 0 0	101001 0 0
853	62.268	62.268	( 0 )	111111100100 0 0	110110-111 0 0	101001 0 0
2957	62.268	62.268	( 0 )	111111100100 0 0	110110-111 0 0	101001 0 0
940	62.268	62.268	( 0 )	111111100100 0 0	110110-111 0 0	101001 0 0
17345	62.268	62.268	( 0 )	111111100100 0 0	110110-111 0 0	101001 0 0
861	62.268	62.268	( 0 )	111111100100 0 0	110110-111 0 0	101001 0 0
851	62.268	62.268	( 0 )	111111100100 0 0	110110-111 0 0	101001 0 0
13470	62.268	62.268	( 0 )	111111100100 0 0	110110-111 0 0	101001 0 0
13643	62.268	62.268	( 0 )	111111100100 0 0	110110-111 0 0	101001 0 0
17376	62.268	62.268	( 0 )	111111100100 0 0	110110-111 0 0	101001 0 0
13628	62.268	62.268	( 0 )	111111100100 0 0	110110-111 0 0	101001 0 0
2922	62.268	62.268	( 0 )	111111100100 0 0	110110-111 0 0	101001 0 0
939	62.268	62.268	( 0 )	111111100100 0 0	110110-111 0 0	101001 0 0
13658	62.268	62.268	( 0 )	111111100100 0 0	110110-111 0 0	101001 0 0
12332	62.268	62.268	( 0 )	111111100100 0 0	110110-111 0 0	101001 0 0
11424	65.846	65.846	( 0 )	1111111001-0 0 1	110110-111 0 0	101001 0 0
992	65.846	65.846	( 0 )	1111111001-0 0 0	110110-111 0 0	101001 0 0
17450	65.846	65.846	( 0 )	1111111001-0 0 0	110110-111 0 0	101001 0 0
11675	65.846	65.846	( 0 )	1111111001-0 0 0	110110-111 0 0	101001 0 0
11747	65.846	65.846	( 0 )	1111111001-0 0 0	110110-111 0 0	101001 0 0
13595	65.846	65.846	( 0 )	1111111001-0 0 0	110110-111 0 0	101001 0 0
17358	65.846	65.846	( 0 )	1111111001-0 0 0	110110-111 0 0	101001 0 0
3089	65.846	65.846	( 0 )	1111111001-0 0 0	110110-111 0 0	101001 0 0
13650	65.846	65.846	( 0 )	1111111001-0 0 0	110110-111 0 0	101001 0 0
13659	65.846	65.846	( 0 )	1111111001-0 0 0	110110-111 0 0	101001 0 0
964	65.846	65.846	( 0 )	1111111001-0 0 0	110110-111 0 0	101001 0 0
3091	65.846	65.846	( 0 )	1111111001-0 0 0	110110-111 0 0	101001 0 0
930	65.846	65.846	( 0 )	1111111001-0 0 0	110110-111 0 0	101001 0 0
1001	65.846	65.846	( 0 )	1111111001-0 0 0	110110-111 0 0	101001 0 0
13664	65.846	65.846	( 0 )	1111111001-0 0 0	110110-111 0 0	101001 0 0
13339	65.846	65.846	( 0 )	1111111001-0 0 0	110110-111 0 0	101001 0 0
13594	65.846	65.846	( 0 )	111111100110 0 0	110110-111 0 0	101001 0 0
13574	65.846	65.846	( 0 )	111111100110 0 0	110110-111 0 0	101001 0 0
17362	65.846	65.846	( 0 )	111111100110 0 0	110110-111 0 0	101001 0 0
17330	65.846	65.846	( 0 )	111111100110 0 0	110110-111 0 0	101001 0 0
2903	65.846	65.846	( 0 )	111111100110 0 0	110110-111 0 0	101001 0 0
13580	65.846	65.846	( 0 )	111111100110 0 0	110110-111 0 0	101001 0 0
13629	65.846	65.846	( 0 )	111111100110 0 0	110110-111 0 0	101001 0 0
17295	65.846	65.846	( 0 )	111111100110 0 0	110110-111 0 0	101001 0 0
13581	65.846	65.846	( 0 )	111111100110 0 0	110110-111 0 0	101001 0 0
780	65.846	65.846	( 0 )	111111100110 0 0	110110-111 0 0	101001 0 0
866	65.846	65.846	( 0 )	111111100110 0 0	110110-111 0 0	101001 0 0
17433	65.846	65.846	( 0 )	111111100110 0 0	110110-111 0 0	101001 0 0
996	65.846	65.846	( 0 )	111111100110 0 0	110110-111 0 0	101001 0 0
2931	65.846	65.846	( 0 )	111111100110 0 0	110110-111 0 0	101001 0 0
6894	65.846	65.846	( 0 )	111111100110 0 0	110110-111 0 0	101001 0 0
19332	65.846	65.846	( 0 )	111111100110 0 0	110110-111 0 0	101001 0 0
13626	65.846	65.846	( 0 )	111111100110 0 0	110110-111 0 0	101001 0 0
17382	65.846	65.846	( 0 )	111111100110 0 0	110110-111 0 0	101001 0 0
2929	65.846	65.846	( 0 )	111111100110 0 0	110110-111 0 0	101001 0 0
17353	65.846	65.846	( 0 )	111111100110 0 0	110110-111 0 0	101001 0 0
17310	65.846	65.846	( 0 )	111111100110 0 0	110110-111 0 0	101001 0 0
13662	65.846	65.846	( 0 )	111111100110 0 0	110110-111 0 0	101001 0 0
773	65.846	65.846	( 0 )	111111100110 0 0	110110-111 0 0	101001 0 0
869	65.846	65.846	( 0 )	111111100110 0 0	110110-111 0 0	101001 0 0
17293	65.846	65.846	( 0 )	111111100110 0 0	110110-111 0 0	101001 0 0
2926	65.846	65.846	( 0 )	111111100110 0 0	110110-111 0 0	101001 0 0
2928	65.846	65.846	( 0 )	111111100110 0 0	110110-111 0 0	101001 0 0
11743	65.846	65.846	( 0 )	111111100110 0 0	110110-111 0 0	101001 0 0
13645	65.846	65.846	( 0 )	111111100110 0 0	110110-111 0 0	101001 0 0
856	65.846	65.846	( 0 )	111111100110 0 0	110110-111 0 0	101001 0 0
13630	65.846	65.846	( 0 )	111111100110 0 0	110110-111 0 0	101001 0 0
13636	65.846	65.846	( 0 )	111111100110 0 0	110110-111 0 0	101001 0 0
1000	65.846	65.846	( 0 )	111111100110 0 0	110110-111 0 0	101001 0 0
13570	65.846	65.846	( 0 )	111111100110 0 0	110110-111 0 0	101001 0 0
13617	65.846	65.846	( 0 )	111111100110 0 0	110110-111 0 0	101001 0 0
2918	65.846	65.846	( 0 )	111111100110 0 0	110110-111 0 0	101001 0 0
3096	65.846	65.846	( 0 )	111111100110 0 0	110110-111 0 0	101001 0 0
19284	65.846	65.846	( 0 )	111111100110 0 0	110110-111 0 0	101001 0 0
20293	65.846	65.846	( 0 )	111111100110 0 0	110110-111 0 0	101001 0 0
7814	65.846	65.846	( 0 )	111111100110 0 0	110110-111 0 0	101001 0 0
19295	65.846	65.846	( 0 )	111111100110 0 0	110110-111 0 0	101001 0 0
7758	65.846	65.846	( 0 )	111111100110 0 0	110110-111 0 0	101001 0 0
13600	65.846	65.846	( 0 )	111111100110 0 0	110110-111 0 0	101001 0 0
10336	65.846	65.846	( 0 )	111111100110 0 0	110110-111 0 0	101001 0 0
13590	65.846	65.846	( 0 )	111111100110 0 0	110110-111 0 0	101001 0 0
10462	65.846	65.846	( 0 )	111111100110 0 0	1101100111 0 0	101001 0 0
7205	65.846	65.846	( 0 )	111111100110 0 0	1101100111 0 0	101001 0 0
7974	69.423	69.423	( 0 )	111111100111 0 1	1101100111 0 0	101001 0 0
6942	69.423	69.423	( 0 )	111111100111 0 0	1101100111 0 0	101001 0 0
2383	69.423	69.423	( 0 )	111111100111 0 0	1101100111 0 0	101001 0 0
10342	69.423	69.423	( 0 )	111111100111 0 0	1101100111 0 0	101001 0 0
6743	69.423	69.423	( 0 )	111111100111 0 0	1101100111 0 0	101001 0 0
7945	69.423	69.423	( 0 )	111111100111 0 0	1101100111 0 0	101001 0 0
10341	69.423	69.423	( 0 )	111111100111 0 0	1101100111 0 0	101001 0 0
7033	69.423	69.423	( 0 )	111111100111 0 0	1101100111 0 0	101001 0 0
13504	69.423	69.423	( 0 )	111111100111 0 0	1101100111 0 0	101001 0 0
10659	69.423	69.423	( 0 )	111111100111 0 0	1101100111 0 0	101001 0 0
13638	69.423	69.423	( 0 )	111111100111 0 0	1101100111 0 0	101001 0 0
6712	76.615	76.615	( 0 )	111111100111 0 0	11011-0-11 0 2	101001 0 0
7986	76.615	76.615	( 0 )	111111100111 0 0	11011-0-11 0 0	101001 0 0
7849	76.615	76.615	( 0 )	111111100111 0 0	11011-0-11 0 0	101001 0 0
6997	76.615	76.615	( 0 )	111111100111 0 0	11011-0-11 0 0	101001 0 0
10514	76.615	76.615	( 0 )	111111100111 0 0	11011-0-11 0 0	101001 0 0
10487	76.615	76.615	( 0 )	111111100111 0 0	11011-0-11 0 0	101001 0 0
10719	76.615	76.615	( 0 )	111111100111 0 0	11011-0-11 0 0	101001 0 0
10493	76.615	76.615	( 0 )	111111100111 0 0	11011-0-11 0 0	101001 0 0
4160	76.615	76.615	( 0 )	111111100111 0 0	11011-0-11 0 0	101001 0 0
7906	76.615	76.615	( 0 )	111111100111 0 0	11011-0-11 0 0	101001 0 0
8051	76.615	76.615	( 0 )	111111100111 0 0	11011-0-11 0 0	101001 0 0
859	76.615	76.615	( 0 )	111111100111 0 0	11011-0-11 0 0	101001 0 0
6746	76.615	76.615	( 0 )	111111100111 0 0	11011-0-11 0 0	101001 0 0
10878	76.615	76.615	( 0 )	111111100111 0 0	11011-0-11 0 0	101001 0 0
7923	76.615	76.615	( 0 )	111111100111 0 0	11011-0-11 0 0	101001 0 0
4125	76.615	76.615	( 0 )	111111100111 0 0	11011-0-11 0 0	101001 0 0
7380	76.615	76.615	( 0 )	111111100111 0 0	11011-0-11 0 0	101001 0 0
7853	76.615	76.615	( 0 )	111111100111 0 0	11011-0-11 0 0	101001 0 0
2254	76.615	76.615	( 0 )	111111100111 0 0	11011-0-11 0 0	101001 0 0
20437	76.615	76.615	( 0 )	111111100111 0 0	1101110011 0 0	101001 0 0
12378	82.194	82.194	( 0 )	111111100101 0 1	1101110011 0 0	101001 0 0
16280	82.194	82.194	( 0 )	111111100101 0 0	1101110011 0 0	101001 0 0
17416	82.194	82.194	( 0 )	111111100101 0 0	1101110011 0 0	101001 0 0
16235	87.772	87.772	( 0 )	111111000101 0 1	1101110011 0 0	101001 0 0
11763	87.772	87.772	( 0 )	111111000101 0 0	1101110011 0 0	101001 0 0
