#java OrderMarkers2 map=map3_3_js.txt data=data_f.call useKosambi=1 numMergeIterations=1 sexAveraged=1 outputPhasedData=2 grandparentPhase=1 recombination1=0 chromosome=6 randSeed=5616269595423927782
#*** LG = 6 likelihood = -157.3821
#marker_number	male_position	female_position	( 0.0 )[	phased data]
20453	0.000	0.000	( 0 )	010001001000 0 0	11110----- 0 0	------ 0 0
20313	0.000	0.000	( 0 )	010001001000 0 0	11110----- 0 0	------ 0 0
6918	0.000	0.000	( 0 )	010001001000 0 0	11110----- 0 0	------ 0 0
20373	0.000	0.000	( 0 )	010001001000 0 0	11110----- 0 0	------ 0 0
1384	0.000	0.000	( 0 )	010001001000 0 0	11110----- 0 0	------ 0 0
20477	0.000	0.000	( 0 )	010001001000 0 0	11110----- 0 0	------ 0 0
20028	8.412	8.412	( 0 )	010001001100 0 1	11110----- 0 0	------ 0 0
20042	25.740	25.740	( 0 )	010001101110 0 2	11110----- 0 0	------ 0 0
20472	25.740	25.740	( 0 )	010001101110 0 0	11110----- 0 0	------ 0 0
20063	25.740	25.740	( 0 )	010001101110 0 0	11110----- 0 0	------ 0 0
20043	25.740	25.740	( 0 )	010001101110 0 0	11110----- 0 0	------ 0 0
20383	25.740	25.740	( 0 )	010001101110 0 0	11110----- 0 0	------ 0 0
20377	34.152	34.152	( 0 )	010001100110 0 1	11110----- 0 0	------ 0 0
