#java OrderMarkers2 map=map3_3_js.txt data=data_f.call useKosambi=1 numMergeIterations=1 sexAveraged=1 outputPhasedData=2 grandparentPhase=1 recombination1=0 chromosome=3 randSeed=-1598858728843190229
#*** LG = 3 likelihood = -314.0264
#marker_number	male_position	female_position	( 0.0 )[	phased data]
10408	0.000	0.000	( 0 )	110111101111 0 0	0100101111 0 0	---011 0 0
11825	11.300	11.300	( 0 )	110111-011-1 0 2	0100101111 0 0	---011 0 0
13155	11.300	11.300	( 0 )	110111-011-1 0 0	0100101111 0 0	---011 0 0
11934	11.300	11.300	( 0 )	110111001101 0 0	0100101111 0 0	---011 0 0
5744	11.300	11.300	( 0 )	110111001101 0 0	0100101111 0 0	---011 0 0
11821	11.300	11.300	( 0 )	110111001101 0 0	0100101111 0 0	---011 0 0
11875	11.300	11.300	( 0 )	110111001101 0 0	0100101111 0 0	---011 0 0
13112	11.300	11.300	( 0 )	110111001101 0 0	0100101111 0 0	---011 0 0
11876	11.300	11.300	( 0 )	110111001101 0 0	0100101111 0 0	---011 0 0
11916	11.300	11.300	( 0 )	110111001101 0 0	0100101111 0 0	---011 0 0
12042	11.300	11.300	( 0 )	110111001101 0 0	0100101111 0 0	---011 0 0
11887	11.300	11.300	( 0 )	110111001101 0 0	0100101111 0 0	---011 0 0
10401	11.300	11.300	( 0 )	110111001101 0 0	0100101111 0 0	---011 0 0
11792	11.300	11.300	( 0 )	110111001101 0 0	0100101111 0 0	---011 0 0
11862	11.300	11.300	( 0 )	110111001101 0 0	0100101111 0 0	---011 0 0
11805	11.300	11.300	( 0 )	110111001101 0 0	0100101111 0 0	---011 0 0
13104	11.300	11.300	( 0 )	110111001101 0 0	0100101111 0 0	---011 0 0
11938	11.300	11.300	( 0 )	110111001101 0 0	0100101111 0 0	---011 0 0
13141	11.300	11.300	( 0 )	110111001101 0 0	0100101111 0 0	---011 0 0
11946	11.300	11.300	( 0 )	110111001101 0 0	0100101111 0 0	---011 0 0
20506	11.300	11.300	( 0 )	110111001101 0 0	0100101111 0 0	---011 0 0
10420	11.300	11.300	( 0 )	110111001101 0 0	0100101111 0 0	---011 0 0
11861	11.300	11.300	( 0 )	110111001101 0 0	0100101111 0 0	---011 0 0
11904	11.300	11.300	( 0 )	110111001101 0 0	0100101111 0 0	---011 0 0
11838	11.300	11.300	( 0 )	110111001101 0 0	0100101111 0 0	---011 0 0
11896	11.300	11.300	( 0 )	110111001101 0 0	0100101111 0 0	---011 0 0
20483	11.300	11.300	( 0 )	110111001101 0 0	0100101111 0 0	---011 0 0
11803	11.300	11.300	( 0 )	110111001101 0 0	0100101111 0 0	---011 0 0
13158	11.300	11.300	( 0 )	110111001101 0 0	0100101111 0 0	---011 0 0
11945	11.300	11.300	( 0 )	110111001101 0 0	0100101111 0 0	---011 0 0
13146	11.300	11.300	( 0 )	110111001101 0 0	0100101111 0 0	---011 0 0
13128	11.300	11.300	( 0 )	110111001101 0 0	0100101111 0 0	---011 0 0
11882	11.300	11.300	( 0 )	110111001101 0 0	0100101111 0 0	---011 0 0
11783	11.300	11.300	( 0 )	110111001101 0 0	0100101111 0 0	---011 0 0
11873	11.300	11.300	( 0 )	110111001101 0 0	0100101111 0 0	---011 0 0
13103	11.300	11.300	( 0 )	110111001101 0 0	0100101111 0 0	---011 0 0
11908	11.300	11.300	( 0 )	110111001101 0 0	0100101111 0 0	---011 0 0
11937	11.300	11.300	( 0 )	110111001101 0 0	0100101111 0 0	---011 0 0
3473	11.300	11.300	( 0 )	110111001101 0 0	0100101111 0 0	---011 0 0
2647	11.300	11.300	( 0 )	110111001101 0 0	0100101111 0 0	---011 0 0
13117	11.300	11.300	( 0 )	110111001101 0 0	0100101111 0 0	---011 0 0
11836	11.300	11.300	( 0 )	110111001101 0 0	0100101111 0 0	---011 0 0
11980	11.300	11.300	( 0 )	110111001101 0 0	0100101111 0 0	---011 0 0
11917	11.300	11.300	( 0 )	110111001101 0 0	0100101111 0 0	---011 0 0
11884	11.300	11.300	( 0 )	110111001101 0 0	0100101111 0 0	---011 0 0
11886	11.300	11.300	( 0 )	110111001101 0 0	0100101111 0 0	---011 0 0
11928	11.300	11.300	( 0 )	110111001101 0 0	0100101111 0 0	---011 0 0
20517	11.300	11.300	( 0 )	110111001101 0 0	0100101111 0 0	---011 0 0
12968	11.300	11.300	( 0 )	110111001101 0 0	0100101111 0 0	---011 0 0
12965	11.300	11.300	( 0 )	110111001101 0 0	0100101111 0 0	---011 0 0
11793	11.300	11.300	( 0 )	110111001101 0 0	0100101111 0 0	---011 0 0
10433	11.300	11.300	( 0 )	110111001101 0 0	0100101111 0 0	---011 0 0
20498	11.300	11.300	( 0 )	110111001101 0 0	0100101111 0 0	---011 0 0
11860	11.300	11.300	( 0 )	110111001101 0 0	0100101111 0 0	---011 0 0
11921	11.300	11.300	( 0 )	110111001101 0 0	0100101111 0 0	---011 0 0
20508	11.300	11.300	( 0 )	110111001101 0 0	0100101111 0 0	---011 0 0
11881	11.300	11.300	( 0 )	110111001101 0 0	0100101111 0 0	---011 0 0
13119	11.300	11.300	( 0 )	110111001101 0 0	0100101111 0 0	---011 0 0
11785	11.300	11.300	( 0 )	110111001101 0 0	0100101111 0 0	---011 0 0
20500	11.300	11.300	( 0 )	110111001101 0 0	0100101111 0 0	---011 0 0
20547	11.300	11.300	( 0 )	110111001101 0 0	0100101111 0 0	---011 0 0
11897	11.300	11.300	( 0 )	110111001101 0 0	0100101111 0 0	---011 0 0
11906	11.300	11.300	( 0 )	110111001101 0 0	0100101111 0 0	---011 0 0
11832	11.300	11.300	( 0 )	110111001101 0 0	0100101111 0 0	---011 0 0
13140	11.300	11.300	( 0 )	110111001101 0 0	0100101111 0 0	---011 0 0
11914	11.300	11.300	( 0 )	110111001101 0 0	0100101111 0 0	---011 0 0
11880	11.300	11.300	( 0 )	110111001101 0 0	0100101111 0 0	---011 0 0
11789	16.878	16.878	( 0 )	11011100110- 0 1	0100101111 0 0	---011 0 0
11822	16.878	16.878	( 0 )	11011100110- 0 0	0100101111 0 0	---011 0 0
11915	16.878	16.878	( 0 )	11011100110- 0 0	0100101111 0 0	---011 0 0
10412	16.878	16.878	( 0 )	11011100110- 0 0	0100101111 0 0	---011 0 0
13151	16.878	16.878	( 0 )	11011100110- 0 0	0100101111 0 0	---011 0 0
11944	16.878	16.878	( 0 )	11011100110- 0 0	0100101111 0 0	---011 0 0
10391	16.878	16.878	( 0 )	11011100110- 0 0	0100101111 0 0	---011 0 0
11933	16.878	16.878	( 0 )	11011100110- 0 0	0100101111 0 0	---011 0 0
11819	16.878	16.878	( 0 )	11011100110- 0 0	0100101111 0 0	---011 0 0
11926	16.878	16.878	( 0 )	11011100110- 0 0	0100101111 0 0	---011 0 0
11784	16.878	16.878	( 0 )	11011100110- 0 0	0100101111 0 0	---011 0 0
13131	16.878	16.878	( 0 )	11011100110- 0 0	0100101111 0 0	---011 0 0
11922	16.878	16.878	( 0 )	11011100110- 0 0	0100101111 0 0	---011 0 0
11823	16.878	16.878	( 0 )	11011100110- 0 0	0100101111 0 0	---011 0 0
11817	16.878	16.878	( 0 )	11011100110- 0 0	0100101111 0 0	---011 0 0
11796	16.878	16.878	( 0 )	11011100110- 0 0	0100101111 0 0	---011 0 0
11903	16.878	16.878	( 0 )	11011100110- 0 0	0100101111 0 0	---011 0 0
3588	16.878	16.878	( 0 )	11011100110- 0 0	0100101111 0 0	---011 0 0
12230	16.878	16.878	( 0 )	11011100110- 0 0	0100101111 0 0	---011 0 0
11827	16.878	16.878	( 0 )	11011100110- 0 0	0100101111 0 0	---011 0 0
13157	16.878	16.878	( 0 )	11011100110- 0 0	0100101111 0 0	---011 0 0
11923	16.878	16.878	( 0 )	11011100110- 0 0	0100101111 0 0	---011 0 0
11804	16.878	16.878	( 0 )	11011100110- 0 0	0100101111 0 0	---011 0 0
11835	16.878	16.878	( 0 )	110111001100 0 0	0100101111 0 0	---011 0 0
11802	16.878	16.878	( 0 )	110111001100 0 0	0100101111 0 0	---011 0 0
20499	16.878	16.878	( 0 )	110111001100 0 0	0100101111 0 0	---011 0 0
11898	16.878	16.878	( 0 )	110111001100 0 0	0100101111 0 0	---011 0 0
20503	16.878	16.878	( 0 )	110111001100 0 0	0100101111 0 0	---011 0 0
11939	16.878	16.878	( 0 )	110111001100 0 0	0100101111 0 0	---011 0 0
12926	16.878	16.878	( 0 )	110111001100 0 0	0100101111 0 0	---011 0 0
11943	16.878	16.878	( 0 )	110111001100 0 0	0100101111 0 0	---011 0 0
11900	16.878	16.878	( 0 )	110111001100 0 0	0100101111 0 0	---011 0 0
11941	16.878	16.878	( 0 )	110111001100 0 0	0100101111 0 0	---011 0 0
13149	16.878	16.878	( 0 )	110111001100 0 0	0100101111 0 0	---011 0 0
13111	16.878	16.878	( 0 )	110111001100 0 0	0100101111 0 0	---011 0 0
13126	16.878	16.878	( 0 )	110111001100 0 0	0100101111 0 0	---011 0 0
11800	16.878	16.878	( 0 )	110111001100 0 0	0100101111 0 0	---011 0 0
3374	16.878	16.878	( 0 )	110111001100 0 0	0100101111 0 0	---011 0 0
20484	16.878	16.878	( 0 )	110111001100 0 0	0100101111 0 0	---011 0 0
20548	16.878	16.878	( 0 )	110111001100 0 0	0100101111 0 0	---011 0 0
20515	16.878	16.878	( 0 )	110111001100 0 0	0100101111 0 0	---011 0 0
11829	16.878	16.878	( 0 )	110111001100 0 0	0100101111 0 0	---011 0 0
13123	16.878	16.878	( 0 )	110111001100 0 0	0100101111 0 0	---011 0 0
11831	16.878	16.878	( 0 )	110111001100 0 0	0100101111 0 0	---011 0 0
11879	16.878	16.878	( 0 )	110111001100 0 0	0100101111 0 0	---011 0 0
13110	16.878	16.878	( 0 )	110111001100 0 0	0100101111 0 0	---011 0 0
20488	16.878	16.878	( 0 )	110111001100 0 0	0100101111 0 0	---011 0 0
11830	16.878	16.878	( 0 )	110111001100 0 0	0100101111 0 0	---011 0 0
12892	16.878	16.878	( 0 )	110111001100 0 0	0100101111 0 0	---011 0 0
13125	16.878	16.878	( 0 )	110111001100 0 0	0100101111 0 0	---011 0 0
12969	16.878	16.878	( 0 )	110111001100 0 0	0100101111 0 0	---011 0 0
13150	16.878	16.878	( 0 )	110111001100 0 0	0100101111 0 0	---011 0 0
11935	16.878	16.878	( 0 )	110111001100 0 0	0100101111 0 0	---011 0 0
11786	16.878	16.878	( 0 )	110111001100 0 0	0100101111 0 0	---011 0 0
13130	16.878	16.878	( 0 )	110111001100 0 0	0100101111 0 0	---011 0 0
11931	16.878	16.878	( 0 )	110111001100 0 0	0100101111 0 0	---011 0 0
12967	16.878	16.878	( 0 )	110111001100 0 0	0100101111 0 0	---011 0 0
11853	16.878	16.878	( 0 )	110111001100 0 0	0100101111 0 0	---011 0 0
11847	16.878	16.878	( 0 )	110111001100 0 0	0100101111 0 0	---011 0 0
10451	16.878	16.878	( 0 )	110111001100 0 0	0100101111 0 0	---011 0 0
20492	16.878	16.878	( 0 )	110111001100 0 0	0100101111 0 0	---011 0 0
11843	16.878	16.878	( 0 )	110111001100 0 0	0100101111 0 0	---011 0 0
11918	16.878	16.878	( 0 )	110111001100 0 0	0100101111 0 0	---011 0 0
11840	16.878	16.878	( 0 )	110111001100 0 0	0100101111 0 0	---011 0 0
11790	16.878	16.878	( 0 )	110111001100 0 0	0100101111 0 0	---011 0 0
11814	16.878	16.878	( 0 )	110111001100 0 0	0100101111 0 0	---011 0 0
13102	16.878	16.878	( 0 )	110111001100 0 0	0100101111 0 0	---011 0 0
12144	16.878	16.878	( 0 )	110111001100 0 0	0100101111 0 0	---011 0 0
11925	16.878	16.878	( 0 )	110111001100 0 0	0100101111 0 0	---011 0 0
968	16.878	16.878	( 0 )	110111001100 0 0	0100101111 0 0	---011 0 0
12044	16.878	16.878	( 0 )	110111001100 0 0	0100101111 0 0	---011 0 0
11799	16.878	16.878	( 0 )	110111001100 0 0	0100101111 0 0	---011 0 0
11837	16.878	16.878	( 0 )	110111001100 0 0	0100101111 0 0	---011 0 0
5673	16.878	16.878	( 0 )	110111001100 0 0	0100101111 0 0	---011 0 0
11883	16.878	16.878	( 0 )	110111001100 0 0	0100101111 0 0	---011 0 0
11909	16.878	16.878	( 0 )	110111001100 0 0	0100101111 0 0	---011 0 0
20495	16.878	16.878	( 0 )	110111001100 0 0	0100101111 0 0	---011 0 0
20512	16.878	16.878	( 0 )	110111001100 0 0	0100101111 0 0	---011 0 0
10397	16.878	16.878	( 0 )	110111001100 0 0	0100101111 0 0	---011 0 0
11924	16.878	16.878	( 0 )	110111001100 0 0	0100101111 0 0	---011 0 0
20486	16.878	16.878	( 0 )	110111001100 0 0	0100101111 0 0	---011 0 0
11854	16.878	16.878	( 0 )	110111001100 0 0	0100101111 0 0	---011 0 0
11870	16.878	16.878	( 0 )	110111001100 0 0	0100101111 0 0	---011 0 0
11902	16.878	16.878	( 0 )	110111001100 0 0	0100101111 0 0	---011 0 0
12016	16.878	16.878	( 0 )	110111001100 0 0	0100101111 0 0	---011 0 0
11791	16.878	16.878	( 0 )	110111001100 0 0	0100101111 0 0	---011 0 0
11826	16.878	16.878	( 0 )	110111001100 0 0	0100101111 0 0	---011 0 0
11891	16.878	16.878	( 0 )	110111001100 0 0	0100101111 0 0	---011 0 0
10419	16.878	16.878	( 0 )	110111001100 0 0	0100101111 0 0	---011 0 0
3160	16.878	16.878	( 0 )	110111001100 0 0	0100101111 0 0	---011 0 0
20491	16.878	16.878	( 0 )	110111001100 0 0	0100101111 0 0	---011 0 0
11828	16.878	16.878	( 0 )	110111001100 0 0	0100101111 0 0	---011 0 0
13113	16.878	16.878	( 0 )	110111001100 0 0	0100101111 0 0	---011 0 0
11806	16.878	16.878	( 0 )	110111001100 0 0	0100101111 0 0	---011 0 0
11890	16.878	16.878	( 0 )	110111001100 0 0	0100101111 0 0	---011 0 0
11894	16.878	16.878	( 0 )	110111001100 0 0	0100101111 0 0	---011 0 0
11919	16.878	16.878	( 0 )	110111001100 0 0	0100101111 0 0	---011 0 0
11855	16.878	16.878	( 0 )	110111001100 0 0	0100101111 0 0	---011 0 0
20518	16.878	16.878	( 0 )	110111001100 0 0	0100101111 0 0	---011 0 0
20504	16.878	16.878	( 0 )	110111001100 0 0	0100101111 0 0	---011 0 0
10415	16.878	16.878	( 0 )	110111001100 0 0	0100101111 0 0	---011 0 0
12067	16.878	16.878	( 0 )	110111001100 0 0	0100101111 0 0	---011 0 0
13132	16.878	16.878	( 0 )	110111001100 0 0	0100101111 0 0	---011 0 0
13147	16.878	16.878	( 0 )	110111001100 0 0	0100101111 0 0	---011 0 0
11920	16.878	16.878	( 0 )	110111001100 0 0	0100101111 0 0	---011 0 0
11912	16.878	16.878	( 0 )	110111001100 0 0	0100101111 0 0	---011 0 0
11877	16.878	16.878	( 0 )	110111001100 0 0	0100101111 0 0	---011 0 0
5720	16.878	16.878	( 0 )	110111001100 0 0	0100101111 0 0	---011 0 0
20511	16.878	16.878	( 0 )	110111001100 0 0	0100101111 0 0	---011 0 0
11818	16.878	16.878	( 0 )	110111001100 0 0	0100101111 0 0	---011 0 0
13152	16.878	16.878	( 0 )	110111001100 0 0	0100101111 0 0	---011 0 0
11813	16.878	16.878	( 0 )	110111001100 0 0	0100101111 0 0	---011 0 0
13148	16.878	16.878	( 0 )	110111001100 0 0	0100101111 0 0	---011 0 0
11845	16.878	16.878	( 0 )	110111001100 0 0	0100101111 0 0	---011 0 0
11849	16.878	16.878	( 0 )	110111001100 0 0	0100101111 0 0	---011 0 0
20496	16.878	16.878	( 0 )	110111001100 0 0	0100101111 0 0	---011 0 0
2677	16.878	16.878	( 0 )	110111001100 0 0	0100101111 0 0	---011 0 0
13109	16.878	16.878	( 0 )	110111001100 0 0	0100101111 0 0	---011 0 0
20493	16.878	16.878	( 0 )	110111001100 0 0	0100101111 0 0	---011 0 0
11927	16.878	16.878	( 0 )	110111001100 0 0	0100101111 0 0	---011 0 0
20501	16.878	16.878	( 0 )	110111001100 0 0	0100101111 0 0	---011 0 0
20502	16.878	16.878	( 0 )	110111001100 0 0	0100101111 0 0	---011 0 0
13114	16.878	16.878	( 0 )	110111001100 0 0	0100101111 0 0	---011 0 0
20497	16.878	16.878	( 0 )	110111001100 0 0	0100101111 0 0	---011 0 0
10434	16.878	16.878	( 0 )	110111001100 0 0	0100101111 0 0	---011 0 0
11899	16.878	16.878	( 0 )	110111001100 0 0	0100101111 0 0	---011 0 0
20490	16.878	16.878	( 0 )	110111001100 0 0	0100101111 0 0	---011 0 0
11797	16.878	16.878	( 0 )	110111001100 0 0	0100101111 0 0	---011 0 0
20546	16.878	16.878	( 0 )	110111001100 0 0	0100101111 0 0	---011 0 0
11834	16.878	16.878	( 0 )	110111001100 0 0	0100101111 0 0	---011 0 0
20520	16.878	16.878	( 0 )	110111001100 0 0	0100101111 0 0	---011 0 0
13145	16.878	16.878	( 0 )	110111001100 0 0	0100101111 0 0	---011 0 0
11878	16.878	16.878	( 0 )	110111001100 0 0	0100101111 0 0	---011 0 0
11846	16.878	16.878	( 0 )	110111001100 0 0	0100101111 0 0	---011 0 0
10398	16.878	16.878	( 0 )	110111001100 0 0	0100101111 0 0	---011 0 0
13144	16.878	16.878	( 0 )	110111001100 0 0	0100101111 0 0	---011 0 0
20516	16.878	16.878	( 0 )	110111001100 0 0	0100101111 0 0	---011 0 0
13139	16.878	16.878	( 0 )	110111001100 0 0	0100101111 0 0	---011 0 0
11851	16.878	16.878	( 0 )	110111001100 0 0	0100101111 0 0	---011 0 0
13122	16.878	16.878	( 0 )	110111001100 0 0	0100101111 0 0	---011 0 0
13138	16.878	16.878	( 0 )	110111001100 0 0	0100101111 0 0	---011 0 0
11936	16.878	16.878	( 0 )	110111001100 0 0	0100101111 0 0	---011 0 0
11824	16.878	16.878	( 0 )	110111001100 0 0	0100101111 0 0	---011 0 0
13106	16.878	16.878	( 0 )	110111001100 0 0	0100101111 0 0	---011 0 0
19646	16.878	16.878	( 0 )	110111001100 0 0	0100101111 0 0	---011 0 0
20509	16.878	16.878	( 0 )	110111001100 0 0	0100101111 0 0	---011 0 0
10399	16.878	16.878	( 0 )	110111001100 0 0	0100101111 0 0	---011 0 0
11810	16.878	16.878	( 0 )	110111001100 0 0	0100101111 0 0	---011 0 0
11812	16.878	16.878	( 0 )	110111001100 0 0	0100101111 0 0	---011 0 0
20505	16.878	16.878	( 0 )	110111001100 0 0	0100101111 0 0	---011 0 0
11795	16.878	16.878	( 0 )	110111001100 0 0	0100101111 0 0	---011 0 0
11932	16.878	16.878	( 0 )	110111001100 0 0	0100101111 0 0	---011 0 0
11857	16.878	16.878	( 0 )	110111001100 0 0	0100101111 0 0	---011 0 0
11788	16.878	16.878	( 0 )	110111001100 0 0	0100101111 0 0	---011 0 0
11871	16.878	16.878	( 0 )	110111001100 0 0	0100101111 0 0	---011 0 0
11895	16.878	16.878	( 0 )	110111001100 0 0	0100101111 0 0	---011 0 0
11859	16.878	16.878	( 0 )	110111001100 0 0	0100101111 0 0	---011 0 0
3400	16.878	16.878	( 0 )	110111001100 0 0	0100101111 0 0	---011 0 0
2611	57.114	57.114	( 0 )	110111001100 0 0	0100101111 0 0	---0-- 0 2
2610	57.114	57.114	( 0 )	110111001100 0 0	0100101111 0 0	---000 0 0
