#java OrderMarkers2 map=map3_3_js.txt data=data_f.call useKosambi=1 numMergeIterations=1 sexAveraged=1 outputPhasedData=2 grandparentPhase=1 chromosome=5 randSeed=6775265156699918118
#*** LG = 5 likelihood = -42.1513
#marker_number	male_position	female_position	( 0.0 )[	phased data]
4317	0.000	0.000	( 0 )	010000001111 0 0	-----11011 0 0	---001 0 0
20165	17.329	17.329	( 0 )	010000001--1 0 2	-----11011 0 0	---001 0 0
13335	17.329	17.329	( 0 )	010000001--1 0 0	-----11011 0 0	---001 0 0
16806	17.329	17.329	( 0 )	010000001--1 0 0	-----11011 0 0	---001 0 0
1132	17.329	17.329	( 0 )	010000001--1 0 0	-----11011 0 0	---001 0 0
18801	17.329	17.329	( 0 )	010000001--1 0 0	-----11011 0 0	---001 0 0
1552	17.329	17.329	( 0 )	010000001--1 0 0	-----11011 0 0	---001 0 0
13624	17.329	17.329	( 0 )	010000001001 0 0	-----11011 0 0	---001 0 0
13517	17.329	17.329	( 0 )	010000001001 0 0	-----11011 0 0	---001 0 0
7213	17.329	17.329	( 0 )	010000001001 0 0	-----11011 0 0	---001 0 0
8622	17.329	17.329	( 0 )	010000001001 0 0	-----11011 0 0	---001 0 0
259	17.329	17.329	( 0 )	010000001001 0 0	-----11011 0 0	---001 0 0
15750	17.329	17.329	( 0 )	010000001001 0 0	-----11011 0 0	---001 0 0
13614	17.329	17.329	( 0 )	010000001001 0 0	-----11011 0 0	---001 0 0
16894	17.329	17.329	( 0 )	010000001001 0 0	-----11011 0 0	---001 0 0
7206	23.612	23.612	( 0 )	010000001001 0 0	-----11011 0 0	---0-1 0 1
20519	23.612	23.612	( 0 )	010000001001 0 0	-----11011 0 0	---011 0 0
174	29.894	29.894	( 0 )	010000001001 0 0	-----11011 0 0	---010 0 1
