#java OrderMarkers2 map=map3_3_js.txt data=data_f.call useKosambi=1 numMergeIterations=1 sexAveraged=1 outputPhasedData=2 grandparentPhase=1 chromosome=4 randSeed=1223051736328403901
#*** LG = 4 likelihood = -63.2817
#marker_number	male_position	female_position	( 0.0 )[	phased data]
7777	0.000	0.000	( 0 )	0--0010--001 0 0	---------- 0 0	111001 0 0
#*** LG = 4.1
13603	0.000	0.000	( 0 )	------------ 3 4	---------- 0 0	111001 0 0
13644	0.000	0.000	( 0 )	------------ 0 0	---------- 0 0	111001 0 0
19117	5.579	5.579	( 0 )	1--11-1--11- 0 0	---------- 0 0	111-01 0 1
13608	5.579	5.579	( 0 )	1--11-1--11- 0 0	---------- 0 0	111101 0 0
6866	5.579	5.579	( 0 )	1--11-1--11- 0 0	---------- 0 0	111101 0 0
16583	5.579	5.579	( 0 )	1--11-1--11- 0 0	---------- 0 0	111101 0 0
13514	11.157	11.157	( 0 )	1--11-1--11- 0 0	---------- 0 0	111111 0 1
19292	11.157	11.157	( 0 )	1--11-1--11- 0 0	---------- 0 0	111111 0 0
7098	22.457	22.457	( 0 )	1--11-1--11- 0 2	---------- 0 0	111111 0 0
13429	22.457	22.457	( 0 )	1--11-1--11- 0 0	---------- 0 0	111111 0 0
4528	22.457	22.457	( 0 )	1--11-1--11- 0 0	---------- 0 0	111111 0 0
11017	28.035	28.035	( 0 )	11111-11111- 0 0	---------- 0 0	101111 1 0
20514	28.035	28.035	( 0 )	11111-11111- 0 0	---------- 0 0	101111 0 0
