#java OrderMarkers2 map=map3_3_js.txt data=data_f.call useKosambi=1 numMergeIterations=1 sexAveraged=1 outputPhasedData=2 grandparentPhase=1 chromosome=1 randSeed=4617388914038367930
#*** LG = 1 likelihood = -1540.5886
#marker_number	male_position	female_position	( 0.0 )[	phased data]
167	0.000	0.000	( 0 )	011000000100 0 0	1101110011 0 0	110111 0 0
17223	0.000	0.000	( 0 )	011000000100 0 0	1101110011 0 0	110111 0 0
4031	0.000	0.000	( 0 )	011000000100 0 0	1101110011 0 0	110111 0 0
17416	17.329	17.329	( 0 )	011000000100 0 0	1101110011 0 0	110101 0 1
10526	17.329	17.329	( 0 )	011000000100 0 0	1101110011 0 0	110101 0 0
10704	17.329	17.329	( 0 )	011000000100 0 0	1101110011 0 0	110101 0 0
10490	17.329	17.329	( 0 )	011000000100 0 0	1101110011 0 0	110101 0 0
20437	17.329	17.329	( 0 )	011000000100 0 0	1101110011 0 0	110101 0 0
2633	20.906	20.906	( 0 )	011000000100 0 0	1101110111 0 1	110101 0 0
352	20.906	20.906	( 0 )	011000000100 0 0	1101110111 0 0	110101 0 0
10527	24.484	24.484	( 0 )	011000000100 0 0	1101110111 0 0	110-01 0 1
10896	24.484	24.484	( 0 )	011000000100 0 0	1101110111 0 0	110-01 0 0
10589	24.484	24.484	( 0 )	011000000100 0 0	1101110111 0 0	110-01 0 0
10578	24.484	24.484	( 0 )	011000000100 0 0	1101110111 0 0	110-01 0 0
10459	24.484	24.484	( 0 )	011000000100 0 0	1101110111 0 0	110-01 0 0
964	28.061	28.061	( 0 )	011000000000 0 1	1101110111 0 0	110001 0 0
4174	28.061	28.061	( 0 )	011000000000 0 0	1101110111 0 0	110001 0 0
7958	28.061	28.061	( 0 )	011000000000 0 0	1101110111 0 0	110001 0 0
10423	28.061	28.061	( 0 )	011000000000 0 0	1101110111 0 0	110001 0 0
10368	28.061	28.061	( 0 )	011000000000 0 0	1101110111 0 0	110001 0 0
12332	28.061	28.061	( 0 )	011000000000 0 0	1101110111 0 0	110001 0 0
10343	28.061	28.061	( 0 )	011000000000 0 0	1101110111 0 0	110001 0 0
7920	28.061	28.061	( 0 )	011000000000 0 0	1101110111 0 0	110001 0 0
6959	28.061	28.061	( 0 )	011000000000 0 0	1101110111 0 0	110001 0 0
7823	28.061	28.061	( 0 )	011000000000 0 0	1101110111 0 0	110001 0 0
4101	28.061	28.061	( 0 )	011000000000 0 0	1101110111 0 0	110001 0 0
10365	28.061	28.061	( 0 )	011000000000 0 0	1101110111 0 0	110001 0 0
8061	28.061	28.061	( 0 )	011000000000 0 0	1101110111 0 0	110001 0 0
8016	28.061	28.061	( 0 )	011000000000 0 0	1101110111 0 0	110001 0 0
10344	28.061	28.061	( 0 )	011000000000 0 0	1101110111 0 0	110001 0 0
6978	28.061	28.061	( 0 )	011000000000 0 0	1101110111 0 0	110001 0 0
7135	31.639	31.639	( 0 )	011000000001 0 1	1101110111 0 0	110001 0 0
18746	31.639	31.639	( 0 )	011000000001 0 0	1101110111 0 0	110001 0 0
7803	31.639	31.639	( 0 )	011000000001 0 0	1101110111 0 0	110001 0 0
7778	31.639	31.639	( 0 )	011000000001 0 0	1101110111 0 0	110001 0 0
19308	31.639	31.639	( 0 )	011000000001 0 0	1101110111 0 0	110001 0 0
19248	31.639	31.639	( 0 )	011000000001 0 0	1101110111 0 0	110001 0 0
13610	31.639	31.639	( 0 )	011000000001 0 0	1101110111 0 0	110001 0 0
18763	31.639	31.639	( 0 )	011000000001 0 0	1101110111 0 0	110001 0 0
19325	31.639	31.639	( 0 )	011000000001 0 0	1101110111 0 0	110001 0 0
13586	31.639	31.639	( 0 )	011000000001 0 0	1101110111 0 0	110001 0 0
13594	31.639	31.639	( 0 )	011000000001 0 0	1101110111 0 0	110001 0 0
7136	31.639	31.639	( 0 )	011000000001 0 0	1101110111 0 0	110001 0 0
2279	35.216	35.216	( 0 )	011000100001 0 1	1101110111 0 0	110001 0 0
7818	35.216	35.216	( 0 )	011000100001 0 0	1101110111 0 0	110001 0 0
859	38.794	38.794	( 0 )	0110001000-1 0 1	1101110111 0 0	110001 0 0
11771	38.794	38.794	( 0 )	0110-01000-1 0 0	1101110111 0 0	110001 0 0
10878	60.260	60.260	( 0 )	111010100111 2 1	1101110111 0 0	110001 0 0
10487	60.260	60.260	( 0 )	111010100111 0 0	1101110111 0 0	110001 0 0
10719	60.260	60.260	( 0 )	111010100111 0 0	1101110111 0 0	110001 0 0
10493	60.260	60.260	( 0 )	111010100111 0 0	1101110111 0 0	110001 0 0
13590	68.672	68.672	( 0 )	111110100111 1 0	1101110111 0 0	110001 0 0
7758	68.672	68.672	( 0 )	111110100111 0 0	1101110111 0 0	110001 0 0
19332	68.672	68.672	( 0 )	111110100111 0 0	1101110111 0 0	110001 0 0
13574	68.672	68.672	( 0 )	111110100111 0 0	1101110111 0 0	110001 0 0
13600	68.672	68.672	( 0 )	111110100111 0 0	1101110111 0 0	110001 0 0
7814	68.672	68.672	( 0 )	111110100111 0 0	1101110111 0 0	110001 0 0
20293	68.672	68.672	( 0 )	111110100111 0 0	1101110111 0 0	110001 0 0
19284	68.672	68.672	( 0 )	111110100111 0 0	1101110111 0 0	110001 0 0
7205	68.672	68.672	( 0 )	111110100111 0 0	1101110111 0 0	110001 0 0
11687	68.672	68.672	( 0 )	111110100111 0 0	1101110111 0 0	110001 0 0
19295	79.972	79.972	( 0 )	111110100111 0 0	1101110111 0 0	1--001 2 0
6894	79.972	79.972	( 0 )	111110100111 0 0	1101110111 0 0	1--001 0 0
13638	85.550	85.550	( 0 )	11111-100111 1 0	1101110111 0 0	1--001 0 0
7849	89.128	89.128	( 0 )	111111100111 0 0	11011-0111 0 1	1--001 0 0
7986	89.128	89.128	( 0 )	111111100111 0 0	11011-0111 0 0	1--001 0 0
8051	89.128	89.128	( 0 )	111111100111 0 0	11011-0111 0 0	1--001 0 0
2383	89.128	89.128	( 0 )	111111100111 0 0	11011-0111 0 0	1--001 0 0
4160	89.128	89.128	( 0 )	111111100111 0 0	11011-0111 0 0	1--001 0 0
6746	89.128	89.128	( 0 )	111111100111 0 0	11011-0111 0 0	1--001 0 0
7906	89.128	89.128	( 0 )	111111100111 0 0	11011-0111 0 0	1--001 0 0
6997	89.128	89.128	( 0 )	111111100111 0 0	11011-0111 0 0	1--001 0 0
10341	89.128	89.128	( 0 )	111111100111 0 0	11011-0111 0 0	1--001 0 0
6712	89.128	89.128	( 0 )	111111100111 0 0	11011-0111 0 0	1--001 0 0
4125	89.128	89.128	( 0 )	111111100111 0 0	11011-0111 0 0	1--001 0 0
6743	89.128	89.128	( 0 )	111111100111 0 0	11011-0111 0 0	1--001 0 0
16595	89.128	89.128	( 0 )	111111100111 0 0	11011-0111 0 0	101001 0 0
7974	89.128	89.128	( 0 )	111111100111 0 0	11011-0111 0 0	101001 0 0
7853	89.128	89.128	( 0 )	111111100111 0 0	11011-0111 0 0	101001 0 0
7945	89.128	89.128	( 0 )	111111100111 0 0	11011-0111 0 0	101001 0 0
6942	89.128	89.128	( 0 )	111111100111 0 0	11011-0111 0 0	101001 0 0
7923	89.128	89.128	( 0 )	111111100111 0 0	11011-0111 0 0	101001 0 0
10659	89.128	89.128	( 0 )	111111100111 0 0	11011-0111 0 0	101001 0 0
7033	89.128	89.128	( 0 )	111111100111 0 0	11011-0111 0 0	101001 0 0
10342	89.128	89.128	( 0 )	111111100111 0 0	11011-0111 0 0	101001 0 0
13504	89.128	89.128	( 0 )	111111100111 0 0	11011-0111 0 0	101001 0 0
10336	89.128	89.128	( 0 )	111111100111 0 0	11011-0111 0 0	101001 0 0
10514	89.128	89.128	( 0 )	111111100111 0 0	11011-0111 0 0	101001 0 0
17315	89.128	89.128	( 0 )	111111100111 0 0	11011-0111 0 0	101001 0 0
2909	89.128	89.128	( 0 )	111111100111 0 0	11011-0111 0 0	101001 0 0
17342	89.128	89.128	( 0 )	111111100111 0 0	11011-0111 0 0	101001 0 0
11553	89.128	89.128	( 0 )	111111100111 0 0	11011-0111 0 0	101001 0 0
17358	89.128	89.128	( 0 )	111111100111 0 0	11011-0111 0 0	101001 0 0
2922	89.128	89.128	( 0 )	111111100111 0 0	11011-0111 0 0	101001 0 0
13621	89.128	89.128	( 0 )	111111100111 0 0	11011-0111 0 0	101001 0 0
11741	89.128	89.128	( 0 )	111111100111 0 0	11011-0111 0 0	101001 0 0
13476	89.128	89.128	( 0 )	111111100111 0 0	11011-0111 0 0	101001 0 0
936	89.128	89.128	( 0 )	111111100111 0 0	11011-0111 0 0	101001 0 0
13573	89.128	89.128	( 0 )	111111100111 0 0	11011-0111 0 0	101001 0 0
870	89.128	89.128	( 0 )	111111100111 0 0	11011-0111 0 0	101001 0 0
11755	89.128	89.128	( 0 )	111111100111 0 0	11011-0111 0 0	101001 0 0
11675	89.128	89.128	( 0 )	111111100111 0 0	11011-0111 0 0	101001 0 0
17345	89.128	89.128	( 0 )	111111100111 0 0	11011-0111 0 0	101001 0 0
13626	89.128	89.128	( 0 )	111111100111 0 0	11011-0111 0 0	101001 0 0
1008	89.128	89.128	( 0 )	111111100111 0 0	11011-0111 0 0	101001 0 0
13619	89.128	89.128	( 0 )	111111100111 0 0	11011-0111 0 0	101001 0 0
17362	89.128	89.128	( 0 )	111111100111 0 0	11011-0111 0 0	101001 0 0
2967	89.128	89.128	( 0 )	111111100111 0 0	11011-0111 0 0	101001 0 0
13632	89.128	89.128	( 0 )	111111100111 0 0	11011-0111 0 0	101001 0 0
13622	89.128	89.128	( 0 )	111111100111 0 0	11011-0111 0 0	101001 0 0
17289	89.128	89.128	( 0 )	111111100111 0 0	11011-0111 0 0	101001 0 0
13657	89.128	89.128	( 0 )	111111100111 0 0	11011-0111 0 0	101001 0 0
13667	89.128	89.128	( 0 )	111111100111 0 0	11011-0111 0 0	101001 0 0
13596	89.128	89.128	( 0 )	111111100111 0 0	11011-0111 0 0	101001 0 0
17303	89.128	89.128	( 0 )	111111100111 0 0	11011-0111 0 0	101001 0 0
2905	89.128	89.128	( 0 )	111111100111 0 0	11011-0111 0 0	101001 0 0
999	89.128	89.128	( 0 )	111111100111 0 0	11011-0111 0 0	101001 0 0
11739	89.128	89.128	( 0 )	111111100111 0 0	11011-0111 0 0	101001 0 0
13337	89.128	89.128	( 0 )	111111100111 0 0	11011-0111 0 0	101001 0 0
939	89.128	89.128	( 0 )	111111100111 0 0	11011-0111 0 0	101001 0 0
13616	89.128	89.128	( 0 )	111111100111 0 0	11011-0111 0 0	101001 0 0
13605	89.128	89.128	( 0 )	111111100111 0 0	11011-0111 0 0	101001 0 0
17339	89.128	89.128	( 0 )	111111100111 0 0	11011-0111 0 0	101001 0 0
13601	89.128	89.128	( 0 )	111111100111 0 0	11011-0111 0 0	101001 0 0
852	89.128	89.128	( 0 )	111111100111 0 0	11011-0111 0 0	101001 0 0
13633	89.128	89.128	( 0 )	111111100111 0 0	11011-0111 0 0	101001 0 0
13578	89.128	89.128	( 0 )	111111100111 0 0	11011-0111 0 0	101001 0 0
13597	89.128	89.128	( 0 )	111111100111 0 0	11011-0111 0 0	101001 0 0
13640	89.128	89.128	( 0 )	111111100111 0 0	11011-0111 0 0	101001 0 0
2911	89.128	89.128	( 0 )	111111100111 0 0	11011-0111 0 0	101001 0 0
17293	89.128	89.128	( 0 )	111111100111 0 0	11011-0111 0 0	101001 0 0
946	89.128	89.128	( 0 )	111111100111 0 0	11011-0111 0 0	101001 0 0
930	89.128	89.128	( 0 )	111111100111 0 0	11011-0111 0 0	101001 0 0
13666	89.128	89.128	( 0 )	111111100111 0 0	11011-0111 0 0	101001 0 0
13656	89.128	89.128	( 0 )	111111100111 0 0	11011-0111 0 0	101001 0 0
862	89.128	89.128	( 0 )	111111100111 0 0	11011-0111 0 0	101001 0 0
13634	89.128	89.128	( 0 )	111111100111 0 0	11011-0111 0 0	101001 0 0
965	89.128	89.128	( 0 )	111111100111 0 0	11011-0111 0 0	101001 0 0
11750	89.128	89.128	( 0 )	111111100111 0 0	11011-0111 0 0	101001 0 0
2948	89.128	89.128	( 0 )	111111100111 0 0	11011-0111 0 0	101001 0 0
11752	89.128	89.128	( 0 )	111111100111 0 0	11011-0111 0 0	101001 0 0
2961	89.128	89.128	( 0 )	111111100111 0 0	11011-0111 0 0	101001 0 0
1000	89.128	89.128	( 0 )	111111100111 0 0	11011-0111 0 0	101001 0 0
848	89.128	89.128	( 0 )	111111100111 0 0	11011-0111 0 0	101001 0 0
13645	89.128	89.128	( 0 )	111111100111 0 0	11011-0111 0 0	101001 0 0
969	89.128	89.128	( 0 )	111111100111 0 0	11011-0111 0 0	101001 0 0
871	89.128	89.128	( 0 )	111111100111 0 0	11011-0111 0 0	101001 0 0
945	89.128	89.128	( 0 )	111111100111 0 0	11011-0111 0 0	101001 0 0
11749	89.128	89.128	( 0 )	111111100111 0 0	11011-0111 0 0	101001 0 0
17323	89.128	89.128	( 0 )	111111100111 0 0	11011-0111 0 0	101001 0 0
13662	89.128	89.128	( 0 )	111111100111 0 0	11011-0111 0 0	101001 0 0
942	89.128	89.128	( 0 )	111111100111 0 0	11011-0111 0 0	101001 0 0
13669	89.128	89.128	( 0 )	111111100111 0 0	11011-0111 0 0	101001 0 0
1004	89.128	89.128	( 0 )	111111100111 0 0	11011-0111 0 0	101001 0 0
844	89.128	89.128	( 0 )	111111100111 0 0	11011-0111 0 0	101001 0 0
2963	89.128	89.128	( 0 )	111111100111 0 0	11011-0111 0 0	101001 0 0
846	89.128	89.128	( 0 )	111111100111 0 0	11011-0111 0 0	101001 0 0
779	89.128	89.128	( 0 )	111111100111 0 0	11011-0111 0 0	101001 0 0
13663	89.128	89.128	( 0 )	111111100111 0 0	11011-0111 0 0	101001 0 0
2962	89.128	89.128	( 0 )	111111100111 0 0	11011-0111 0 0	101001 0 0
17317	89.128	89.128	( 0 )	111111100111 0 0	11011-0111 0 0	101001 0 0
13659	89.128	89.128	( 0 )	111111100111 0 0	11011-0111 0 0	101001 0 0
13575	89.128	89.128	( 0 )	111111100111 0 0	11011-0111 0 0	101001 0 0
2902	89.128	89.128	( 0 )	111111100111 0 0	11011-0111 0 0	101001 0 0
13613	89.128	89.128	( 0 )	111111100111 0 0	11011-0111 0 0	101001 0 0
13647	89.128	89.128	( 0 )	111111100111 0 0	11011-0111 0 0	101001 0 0
13618	89.128	89.128	( 0 )	111111100111 0 0	11011-0111 0 0	101001 0 0
13579	89.128	89.128	( 0 )	111111100111 0 0	11011-0111 0 0	101001 0 0
13585	89.128	89.128	( 0 )	111111100111 0 0	11011-0111 0 0	101001 0 0
11758	89.128	89.128	( 0 )	111111100111 0 0	11011-0111 0 0	101001 0 0
2923	89.128	89.128	( 0 )	111111100111 0 0	11011-0111 0 0	101001 0 0
17294	89.128	89.128	( 0 )	111111100111 0 0	11011-0111 0 0	101001 0 0
971	89.128	89.128	( 0 )	111111100111 0 0	11011-0111 0 0	101001 0 0
13628	89.128	89.128	( 0 )	111111100111 0 0	11011-0111 0 0	101001 0 0
948	89.128	89.128	( 0 )	111111100111 0 0	11011-0111 0 0	101001 0 0
992	89.128	89.128	( 0 )	111111100111 0 0	11011-0111 0 0	101001 0 0
963	89.128	89.128	( 0 )	111111100111 0 0	11011-0111 0 0	101001 0 0
858	89.128	89.128	( 0 )	111111100111 0 0	11011-0111 0 0	101001 0 0
13576	89.128	89.128	( 0 )	111111100111 0 0	11011-0111 0 0	101001 0 0
13602	89.128	89.128	( 0 )	111111100111 0 0	11011-0111 0 0	101001 0 0
2951	89.128	89.128	( 0 )	111111100111 0 0	11011-0111 0 0	101001 0 0
958	89.128	89.128	( 0 )	111111100111 0 0	11011-0111 0 0	101001 0 0
928	89.128	89.128	( 0 )	111111100111 0 0	11011-0111 0 0	101001 0 0
866	89.128	89.128	( 0 )	111111100111 0 0	11011-0111 0 0	101001 0 0
11757	89.128	89.128	( 0 )	111111100111 0 0	11011-0111 0 0	101001 0 0
13580	89.128	89.128	( 0 )	111111100111 0 0	11011-0111 0 0	101001 0 0
860	89.128	89.128	( 0 )	111111100111 0 0	11011-0111 0 0	101001 0 0
11765	89.128	89.128	( 0 )	111111100111 0 0	11011-0111 0 0	101001 0 0
17330	89.128	89.128	( 0 )	111111100111 0 0	11011-0111 0 0	101001 0 0
2952	89.128	89.128	( 0 )	111111100111 0 0	11011-0111 0 0	101001 0 0
3091	89.128	89.128	( 0 )	111111100111 0 0	11011-0111 0 0	101001 0 0
2928	89.128	89.128	( 0 )	111111100111 0 0	11011-0111 0 0	101001 0 0
2919	89.128	89.128	( 0 )	111111100111 0 0	11011-0111 0 0	101001 0 0
867	89.128	89.128	( 0 )	111111100111 0 0	11011-0111 0 0	101001 0 0
861	89.128	89.128	( 0 )	111111100111 0 0	11011-0111 0 0	101001 0 0
876	89.128	89.128	( 0 )	111111100111 0 0	11011-0111 0 0	101001 0 0
13612	89.128	89.128	( 0 )	111111100111 0 0	11011-0111 0 0	101001 0 0
17381	89.128	89.128	( 0 )	111111100111 0 0	11011-0111 0 0	101001 0 0
1005	89.128	89.128	( 0 )	111111100111 0 0	11011-0111 0 0	101001 0 0
2924	89.128	89.128	( 0 )	111111100111 0 0	11011-0111 0 0	101001 0 0
13658	89.128	89.128	( 0 )	111111100111 0 0	11011-0111 0 0	101001 0 0
2929	89.128	89.128	( 0 )	111111100111 0 0	11011-0111 0 0	101001 0 0
878	89.128	89.128	( 0 )	111111100111 0 0	11011-0111 0 0	101001 0 0
2903	89.128	89.128	( 0 )	111111100111 0 0	11011-0111 0 0	101001 0 0
13593	89.128	89.128	( 0 )	111111100111 0 0	11011-0111 0 0	101001 0 0
11629	89.128	89.128	( 0 )	111111100111 0 0	11011-0111 0 0	101001 0 0
768	89.128	89.128	( 0 )	111111100111 0 0	11011-0111 0 0	101001 0 0
11424	89.128	89.128	( 0 )	111111100111 0 0	11011-0111 0 0	101001 0 0
13582	89.128	89.128	( 0 )	111111100111 0 0	11011-0111 0 0	101001 0 0
2964	89.128	89.128	( 0 )	111111100111 0 0	11011-0111 0 0	101001 0 0
2965	89.128	89.128	( 0 )	111111100111 0 0	11011-0111 0 0	101001 0 0
13668	89.128	89.128	( 0 )	111111100111 0 0	11011-0111 0 0	101001 0 0
13652	89.128	89.128	( 0 )	111111100111 0 0	11011-0111 0 0	101001 0 0
769	89.128	89.128	( 0 )	111111100111 0 0	11011-0111 0 0	101001 0 0
13643	89.128	89.128	( 0 )	111111100111 0 0	11011-0111 0 0	101001 0 0
13636	89.128	89.128	( 0 )	111111100111 0 0	11011-0111 0 0	101001 0 0
854	89.128	89.128	( 0 )	111111100111 0 0	11011-0111 0 0	101001 0 0
845	89.128	89.128	( 0 )	111111100111 0 0	11011-0111 0 0	101001 0 0
873	89.128	89.128	( 0 )	111111100111 0 0	11011-0111 0 0	101001 0 0
13570	89.128	89.128	( 0 )	111111100111 0 0	11011-0111 0 0	101001 0 0
13607	89.128	89.128	( 0 )	111111100111 0 0	11011-0111 0 0	101001 0 0
868	89.128	89.128	( 0 )	111111100111 0 0	11011-0111 0 0	101001 0 0
13598	89.128	89.128	( 0 )	111111100111 0 0	11011-0111 0 0	101001 0 0
2921	89.128	89.128	( 0 )	111111100111 0 0	11011-0111 0 0	101001 0 0
17295	89.128	89.128	( 0 )	111111100111 0 0	11011-0111 0 0	101001 0 0
11760	89.128	89.128	( 0 )	111111100111 0 0	11011-0111 0 0	101001 0 0
13581	89.128	89.128	( 0 )	111111100111 0 0	11011-0111 0 0	101001 0 0
2910	89.128	89.128	( 0 )	111111100111 0 0	11011-0111 0 0	101001 0 0
2801	89.128	89.128	( 0 )	111111100111 0 0	11011-0111 0 0	101001 0 0
13631	89.128	89.128	( 0 )	111111100111 0 0	11011-0111 0 0	101001 0 0
13646	89.128	89.128	( 0 )	111111100111 0 0	11011-0111 0 0	101001 0 0
2930	89.128	89.128	( 0 )	111111100111 0 0	11011-0111 0 0	101001 0 0
13587	89.128	89.128	( 0 )	111111100111 0 0	11011-0111 0 0	101001 0 0
2946	89.128	89.128	( 0 )	111111100111 0 0	11011-0111 0 0	101001 0 0
17354	89.128	89.128	( 0 )	111111100111 0 0	11011-0111 0 0	101001 0 0
13336	89.128	89.128	( 0 )	111111100111 0 0	11011-0111 0 0	101001 0 0
11738	89.128	89.128	( 0 )	111111100111 0 0	11011-0111 0 0	101001 0 0
11751	89.128	89.128	( 0 )	111111100111 0 0	11011-0111 0 0	101001 0 0
13650	89.128	89.128	( 0 )	111111100111 0 0	11011-0111 0 0	101001 0 0
17297	89.128	89.128	( 0 )	111111100111 0 0	11011-0111 0 0	101001 0 0
17433	89.128	89.128	( 0 )	111111100111 0 0	11011-0111 0 0	101001 0 0
949	89.128	89.128	( 0 )	111111100111 0 0	11011-0111 0 0	101001 0 0
17325	89.128	89.128	( 0 )	111111100111 0 0	11011-0111 0 0	101001 0 0
947	89.128	89.128	( 0 )	111111100111 0 0	11011-0111 0 0	101001 0 0
11745	89.128	89.128	( 0 )	111111100111 0 0	11011-0111 0 0	101001 0 0
17357	89.128	89.128	( 0 )	111111100111 0 0	11011-0111 0 0	101001 0 0
2957	89.128	89.128	( 0 )	111111100111 0 0	11011-0111 0 0	101001 0 0
11761	89.128	89.128	( 0 )	111111100111 0 0	11011-0111 0 0	101001 0 0
13617	89.128	89.128	( 0 )	111111100111 0 0	11011-0111 0 0	101001 0 0
13661	89.128	89.128	( 0 )	111111100111 0 0	11011-0111 0 0	101001 0 0
17563	89.128	89.128	( 0 )	111111100111 0 0	11011-0111 0 0	101001 0 0
3089	89.128	89.128	( 0 )	111111100111 0 0	11011-0111 0 0	101001 0 0
11768	89.128	89.128	( 0 )	111111100111 0 0	11011-0111 0 0	101001 0 0
13637	89.128	89.128	( 0 )	111111100111 0 0	11011-0111 0 0	101001 0 0
869	89.128	89.128	( 0 )	111111100111 0 0	11011-0111 0 0	101001 0 0
13572	89.128	89.128	( 0 )	111111100111 0 0	11011-0111 0 0	101001 0 0
849	89.128	89.128	( 0 )	111111100111 0 0	11011-0111 0 0	101001 0 0
11766	89.128	89.128	( 0 )	111111100111 0 0	11011-0111 0 0	101001 0 0
2931	89.128	89.128	( 0 )	111111100111 0 0	11011-0111 0 0	101001 0 0
11747	89.128	89.128	( 0 )	111111100111 0 0	11011-0111 0 0	101001 0 0
17406	89.128	89.128	( 0 )	111111100111 0 0	11011-0111 0 0	101001 0 0
17311	89.128	89.128	( 0 )	111111100111 0 0	11011-0111 0 0	101001 0 0
13604	89.128	89.128	( 0 )	111111100111 0 0	11011-0111 0 0	101001 0 0
998	89.128	89.128	( 0 )	111111100111 0 0	11011-0111 0 0	101001 0 0
2953	89.128	89.128	( 0 )	111111100111 0 0	11011-0111 0 0	101001 0 0
13664	89.128	89.128	( 0 )	111111100111 0 0	11011-0111 0 0	101001 0 0
780	89.128	89.128	( 0 )	111111100111 0 0	11011-0111 0 0	101001 0 0
933	89.128	89.128	( 0 )	111111100111 0 0	11011-0111 0 0	101001 0 0
16175	89.128	89.128	( 0 )	111111100111 0 0	11011-0111 0 0	101001 0 0
853	89.128	89.128	( 0 )	111111100111 0 0	11011-0111 0 0	101001 0 0
877	89.128	89.128	( 0 )	111111100111 0 0	11011-0111 0 0	101001 0 0
13583	89.128	89.128	( 0 )	111111100111 0 0	11011-0111 0 0	101001 0 0
13584	89.128	89.128	( 0 )	111111100111 0 0	11011-0111 0 0	101001 0 0
856	89.128	89.128	( 0 )	111111100111 0 0	11011-0111 0 0	101001 0 0
13651	89.128	89.128	( 0 )	111111100111 0 0	11011-0111 0 0	101001 0 0
11661	89.128	89.128	( 0 )	111111100111 0 0	11011-0111 0 0	101001 0 0
13629	89.128	89.128	( 0 )	111111100111 0 0	11011-0111 0 0	101001 0 0
11762	89.128	89.128	( 0 )	111111100111 0 0	11011-0111 0 0	101001 0 0
11772	89.128	89.128	( 0 )	111111100111 0 0	11011-0111 0 0	101001 0 0
2917	89.128	89.128	( 0 )	111111100111 0 0	11011-0111 0 0	101001 0 0
863	89.128	89.128	( 0 )	111111100111 0 0	11011-0111 0 0	101001 0 0
13665	89.128	89.128	( 0 )	111111100111 0 0	11011-0111 0 0	101001 0 0
13630	89.128	89.128	( 0 )	111111100111 0 0	11011-0111 0 0	101001 0 0
941	89.128	89.128	( 0 )	111111100111 0 0	11011-0111 0 0	101001 0 0
2856	89.128	89.128	( 0 )	111111100111 0 0	11011-0111 0 0	101001 0 0
940	89.128	89.128	( 0 )	111111100111 0 0	11011-0111 0 0	101001 0 0
17353	89.128	89.128	( 0 )	111111100111 0 0	11011-0111 0 0	101001 0 0
13625	89.128	89.128	( 0 )	111111100111 0 0	11011-0111 0 0	101001 0 0
17368	89.128	89.128	( 0 )	111111100111 0 0	11011-0111 0 0	101001 0 0
1001	89.128	89.128	( 0 )	111111100111 0 0	11011-0111 0 0	101001 0 0
17456	89.128	89.128	( 0 )	111111100111 0 0	11011-0111 0 0	101001 0 0
13627	89.128	89.128	( 0 )	111111100111 0 0	11011-0111 0 0	101001 0 0
13655	89.128	89.128	( 0 )	111111100111 0 0	11011-0111 0 0	101001 0 0
770	89.128	89.128	( 0 )	111111100111 0 0	11011-0111 0 0	101001 0 0
2932	89.128	89.128	( 0 )	111111100111 0 0	11011-0111 0 0	101001 0 0
13599	89.128	89.128	( 0 )	111111100111 0 0	11011-0111 0 0	101001 0 0
13339	89.128	89.128	( 0 )	111111100111 0 0	11011-0111 0 0	101001 0 0
13577	89.128	89.128	( 0 )	111111100111 0 0	11011-0111 0 0	101001 0 0
986	89.128	89.128	( 0 )	111111100111 0 0	11011-0111 0 0	101001 0 0
773	89.128	89.128	( 0 )	111111100111 0 0	11011-0111 0 0	101001 0 0
11740	89.128	89.128	( 0 )	111111100111 0 0	11011-0111 0 0	101001 0 0
17318	89.128	89.128	( 0 )	111111100111 0 0	11011-0111 0 0	101001 0 0
17310	89.128	89.128	( 0 )	111111100111 0 0	11011-0111 0 0	101001 0 0
17427	89.128	89.128	( 0 )	111111100111 0 0	11011-0111 0 0	101001 0 0
2918	89.128	89.128	( 0 )	111111100111 0 0	11011-0111 0 0	101001 0 0
966	89.128	89.128	( 0 )	111111100111 0 0	11011-0111 0 0	101001 0 0
3101	89.128	89.128	( 0 )	111111100111 0 0	11011-0111 0 0	101001 0 0
17447	89.128	89.128	( 0 )	111111100111 0 0	11011-0111 0 0	101001 0 0
874	89.128	89.128	( 0 )	111111100111 0 0	11011-0111 0 0	101001 0 0
2913	89.128	89.128	( 0 )	111111100111 0 0	11011-0111 0 0	101001 0 0
2936	89.128	89.128	( 0 )	111111100111 0 0	11011-0111 0 0	101001 0 0
13639	89.128	89.128	( 0 )	111111100111 0 0	11011-0111 0 0	101001 0 0
13623	89.128	89.128	( 0 )	111111100111 0 0	11011-0111 0 0	101001 0 0
13571	89.128	89.128	( 0 )	111111100111 0 0	11011-0111 0 0	101001 0 0
13660	89.128	89.128	( 0 )	111111100111 0 0	11011-0111 0 0	101001 0 0
872	89.128	89.128	( 0 )	111111100111 0 0	11011-0111 0 0	101001 0 0
996	89.128	89.128	( 0 )	111111100111 0 0	11011-0111 0 0	101001 0 0
2914	89.128	89.128	( 0 )	111111100111 0 0	11011-0111 0 0	101001 0 0
17376	89.128	89.128	( 0 )	111111100111 0 0	11011-0111 0 0	101001 0 0
17450	89.128	89.128	( 0 )	111111100111 0 0	11011-0111 0 0	101001 0 0
13338	89.128	89.128	( 0 )	111111100111 0 0	11011-0111 0 0	101001 0 0
17383	89.128	89.128	( 0 )	111111100111 0 0	11011-0111 0 0	101001 0 0
13641	89.128	89.128	( 0 )	111111100111 0 0	11011-0111 0 0	101001 0 0
13595	89.128	89.128	( 0 )	111111100111 0 0	11011-0111 0 0	101001 0 0
2925	89.128	89.128	( 0 )	111111100111 0 0	11011-0111 0 0	101001 0 0
11641	89.128	89.128	( 0 )	111111100111 0 0	11011-0111 0 0	101001 0 0
938	89.128	89.128	( 0 )	111111100111 0 0	11011-0111 0 0	101001 0 0
17382	89.128	89.128	( 0 )	111111100111 0 0	11011-0111 0 0	101001 0 0
11756	89.128	89.128	( 0 )	111111100111 0 0	11011-0111 0 0	101001 0 0
17380	89.128	89.128	( 0 )	111111100111 0 0	11011-0111 0 0	101001 0 0
2904	89.128	89.128	( 0 )	111111100111 0 0	11011-0111 0 0	101001 0 0
951	89.128	89.128	( 0 )	111111100111 0 0	11011-0111 0 0	101001 0 0
13588	89.128	89.128	( 0 )	111111100111 0 0	11011-0111 0 0	101001 0 0
13470	89.128	89.128	( 0 )	111111100111 0 0	11011-0111 0 0	101001 0 0
2912	89.128	89.128	( 0 )	111111100111 0 0	11011-0111 0 0	101001 0 0
875	89.128	89.128	( 0 )	111111100111 0 0	11011-0111 0 0	101001 0 0
2926	89.128	89.128	( 0 )	111111100111 0 0	11011-0111 0 0	101001 0 0
11743	89.128	89.128	( 0 )	111111100111 0 0	11011-0111 0 0	101001 0 0
850	89.128	89.128	( 0 )	111111100111 0 0	11011-0111 0 0	101001 0 0
2958	89.128	89.128	( 0 )	111111100111 0 0	11011-0111 0 0	101001 0 0
13653	89.128	89.128	( 0 )	111111100111 0 0	11011-0111 0 0	101001 0 0
2971	89.128	89.128	( 0 )	111111100111 0 0	11011-0111 0 0	101001 0 0
778	89.128	89.128	( 0 )	111111100111 0 0	11011-0111 0 0	101001 0 0
13609	89.128	89.128	( 0 )	111111100111 0 0	11011-0111 0 0	101001 0 0
3096	89.128	89.128	( 0 )	111111100111 0 0	11011-0111 0 0	101001 0 0
857	89.128	89.128	( 0 )	111111100111 0 0	11011-0111 0 0	101001 0 0
16280	89.128	89.128	( 0 )	111111100111 0 0	11011-0111 0 0	101001 0 0
12378	89.128	89.128	( 0 )	111111100111 0 0	11011-0111 0 0	101001 0 0
10462	89.128	89.128	( 0 )	111111100111 0 0	1101100111 0 0	101001 0 0
7380	96.320	96.320	( 0 )	111111000111 0 1	110110-111 0 1	101001 0 0
5214	96.320	96.320	( 0 )	111111000111 0 0	110110-111 0 0	101001 0 0
2254	96.320	96.320	( 0 )	111111000111 0 0	110110-111 0 0	101001 0 0
879	96.320	96.320	( 0 )	111111000111 0 0	1101101111 0 0	101001 0 0
11763	101.899	101.899	( 0 )	111111000101 0 1	1101101111 0 0	101001 0 0
16235	101.899	101.899	( 0 )	111111000101 0 0	1101101111 0 0	101001 0 0
851	113.198	113.198	( 0 )	100111000101 2 0	1101101111 0 0	101001 0 0
11471	130.527	130.527	( 0 )	100111000101 0 0	1101101111 0 0	10100- 0 1
16290	130.527	130.527	( 0 )	100111000101 0 0	1101101111 0 0	101000 0 0
16281	130.527	130.527	( 0 )	100111000101 0 0	1101101111 0 0	101000 0 0
16295	130.527	130.527	( 0 )	100111000101 0 0	1101101111 0 0	101000 0 0
16278	130.527	130.527	( 0 )	100111000101 0 0	1101101111 0 0	101000 0 0
16294	130.527	130.527	( 0 )	100111000101 0 0	1101101111 0 0	101000 0 0
16275	130.527	130.527	( 0 )	100111000101 0 0	1101101111 0 0	101000 0 0
16292	130.527	130.527	( 0 )	100111000101 0 0	1101101111 0 0	101000 0 0
16284	130.527	130.527	( 0 )	100111000101 0 0	1101101111 0 0	101000 0 0
16291	130.527	130.527	( 0 )	100111000101 0 0	1101101111 0 0	101000 0 0
16273	130.527	130.527	( 0 )	100111000101 0 0	1101101111 0 0	101000 0 0
