#java OrderMarkers2 map=map3_3_js.txt data=data_f.call useKosambi=1 numMergeIterations=1 sexAveraged=1 outputPhasedData=2 grandparentPhase=1 chromosome=3 randSeed=-8663476295151352760
#*** LG = 3 likelihood = -192.1748
#marker_number	male_position	female_position	( 0.0 )[	phased data]
11789	0.000	0.000	( 0 )	010000001000 0 0	0110101111 0 0	---011 0 0
11945	0.000	0.000	( 0 )	010000001000 0 0	0110101111 0 0	---011 0 0
11797	0.000	0.000	( 0 )	010000001000 0 0	0110101111 0 0	---011 0 0
10398	0.000	0.000	( 0 )	010000001000 0 0	0110101111 0 0	---011 0 0
11897	14.264	14.264	( 0 )	-100000010-0 1 1	0110101111 0 0	---011 0 0
13140	14.264	14.264	( 0 )	-100000010-0 0 0	0110101111 0 0	---011 0 0
11853	14.264	14.264	( 0 )	-100000010-0 0 0	0110101111 0 0	---011 0 0
11881	14.264	14.264	( 0 )	-100000010-0 0 0	0110101111 0 0	---011 0 0
13145	14.264	14.264	( 0 )	-100000010-0 0 0	0110101111 0 0	---011 0 0
11788	14.264	14.264	( 0 )	-100000010-0 0 0	0110101111 0 0	---011 0 0
11819	14.264	14.264	( 0 )	-100000010-0 0 0	0110101111 0 0	---011 0 0
12892	14.264	14.264	( 0 )	-100000010-0 0 0	0110101111 0 0	---011 0 0
11817	14.264	14.264	( 0 )	-100000010-0 0 0	0110101111 0 0	---011 0 0
11909	14.264	14.264	( 0 )	-100000010-0 0 0	0110101111 0 0	---011 0 0
11926	14.264	14.264	( 0 )	-100000010-0 0 0	0110101111 0 0	---011 0 0
11857	14.264	14.264	( 0 )	-100000010-0 0 0	0110101111 0 0	---011 0 0
13103	14.264	14.264	( 0 )	-100000010-0 0 0	0110101111 0 0	---011 0 0
11877	14.264	14.264	( 0 )	-100000010-0 0 0	0110101111 0 0	---011 0 0
11831	14.264	14.264	( 0 )	-100000010-0 0 0	0110101111 0 0	---011 0 0
20511	14.264	14.264	( 0 )	-100000010-0 0 0	0110101111 0 0	---011 0 0
13111	14.264	14.264	( 0 )	-100000010-0 0 0	0110101111 0 0	---011 0 0
11918	14.264	14.264	( 0 )	-100000010-0 0 0	0110101111 0 0	---011 0 0
11814	14.264	14.264	( 0 )	-100000010-0 0 0	0110101111 0 0	---011 0 0
13113	14.264	14.264	( 0 )	-100000010-0 0 0	0110101111 0 0	---011 0 0
20548	14.264	14.264	( 0 )	-100000010-0 0 0	0110101111 0 0	---011 0 0
10420	14.264	14.264	( 0 )	-100000010-0 0 0	0110101111 0 0	---011 0 0
11829	14.264	14.264	( 0 )	-100000010-0 0 0	0110101111 0 0	---011 0 0
13119	14.264	14.264	( 0 )	-100000010-0 0 0	0110101111 0 0	---011 0 0
20546	14.264	14.264	( 0 )	-100000010-0 0 0	0110101111 0 0	---011 0 0
11832	14.264	14.264	( 0 )	-100000010-0 0 0	0110101111 0 0	---011 0 0
20484	14.264	14.264	( 0 )	-100000010-0 0 0	0110101111 0 0	---011 0 0
20520	14.264	14.264	( 0 )	-100000010-0 0 0	0110101111 0 0	---011 0 0
11840	14.264	14.264	( 0 )	-100000010-0 0 0	0110101111 0 0	---011 0 0
10415	14.264	14.264	( 0 )	-100000010-0 0 0	0110101111 0 0	---011 0 0
11884	14.264	14.264	( 0 )	-100000010-0 0 0	0110101111 0 0	---011 0 0
11946	18.822	18.822	( 0 )	-100000010-0 0 0	01-0101111 1 0	---011 0 0
5673	18.822	18.822	( 0 )	-100000010-0 0 0	01-0101111 0 0	---011 0 0
13148	18.822	18.822	( 0 )	-100000010-0 0 0	01-0101111 0 0	---011 0 0
20493	18.822	18.822	( 0 )	-100000010-0 0 0	01-0101111 0 0	---011 0 0
11862	18.822	18.822	( 0 )	-100000010-0 0 0	0100101111 0 0	---011 0 0
11861	18.822	18.822	( 0 )	110000001010 0 0	0100101111 0 0	---011 0 0
13131	18.822	18.822	( 0 )	110000001010 0 0	0100101111 0 0	---011 0 0
13139	18.822	18.822	( 0 )	110000001010 0 0	0100101111 0 0	---011 0 0
2677	18.822	18.822	( 0 )	110000001010 0 0	0100101111 0 0	---011 0 0
11915	18.822	18.822	( 0 )	110000001010 0 0	0100101111 0 0	---011 0 0
11890	18.822	18.822	( 0 )	110000001010 0 0	0100101111 0 0	---011 0 0
11894	18.822	18.822	( 0 )	110000001010 0 0	0100101111 0 0	---011 0 0
13152	18.822	18.822	( 0 )	110000001010 0 0	0100101111 0 0	---011 0 0
11891	18.822	18.822	( 0 )	110000001010 0 0	0100101111 0 0	---011 0 0
5720	18.822	18.822	( 0 )	110000001010 0 0	0100101111 0 0	---011 0 0
11898	18.822	18.822	( 0 )	110000001010 0 0	0100101111 0 0	---011 0 0
10397	18.822	18.822	( 0 )	110000001010 0 0	0100101111 0 0	---011 0 0
20495	18.822	18.822	( 0 )	110000001010 0 0	0100101111 0 0	---011 0 0
11921	18.822	18.822	( 0 )	110000001010 0 0	0100101111 0 0	---011 0 0
11835	18.822	18.822	( 0 )	110000001010 0 0	0100101111 0 0	---011 0 0
11871	18.822	18.822	( 0 )	110000001010 0 0	0100101111 0 0	---011 0 0
11824	18.822	18.822	( 0 )	110000001010 0 0	0100101111 0 0	---011 0 0
11792	18.822	18.822	( 0 )	110000001010 0 0	0100101111 0 0	---011 0 0
11880	18.822	18.822	( 0 )	110000001010 0 0	0100101111 0 0	---011 0 0
11912	18.822	18.822	( 0 )	110000001010 0 0	0100101111 0 0	---011 0 0
13106	18.822	18.822	( 0 )	110000001010 0 0	0100101111 0 0	---011 0 0
11859	18.822	18.822	( 0 )	110000001010 0 0	0100101111 0 0	---011 0 0
19646	18.822	18.822	( 0 )	110000001010 0 0	0100101111 0 0	---011 0 0
13102	18.822	18.822	( 0 )	110000001010 0 0	0100101111 0 0	---011 0 0
20491	18.822	18.822	( 0 )	110000001010 0 0	0100101111 0 0	---011 0 0
11870	18.822	18.822	( 0 )	110000001010 0 0	0100101111 0 0	---011 0 0
11812	18.822	18.822	( 0 )	110000001010 0 0	0100101111 0 0	---011 0 0
11804	18.822	18.822	( 0 )	110000001010 0 0	0100101111 0 0	---011 0 0
13150	18.822	18.822	( 0 )	110000001010 0 0	0100101111 0 0	---011 0 0
11822	18.822	18.822	( 0 )	110000001010 0 0	0100101111 0 0	---011 0 0
13157	18.822	18.822	( 0 )	110000001010 0 0	0100101111 0 0	---011 0 0
11827	18.822	18.822	( 0 )	110000001010 0 0	0100101111 0 0	---011 0 0
13109	18.822	18.822	( 0 )	110000001010 0 0	0100101111 0 0	---011 0 0
13138	18.822	18.822	( 0 )	110000001010 0 0	0100101111 0 0	---011 0 0
11823	18.822	18.822	( 0 )	110000001010 0 0	0100101111 0 0	---011 0 0
20516	18.822	18.822	( 0 )	110000001010 0 0	0100101111 0 0	---011 0 0
20496	18.822	18.822	( 0 )	110000001010 0 0	0100101111 0 0	---011 0 0
11924	18.822	18.822	( 0 )	110000001010 0 0	0100101111 0 0	---011 0 0
11923	18.822	18.822	( 0 )	110000001010 0 0	0100101111 0 0	---011 0 0
11847	18.822	18.822	( 0 )	110000001010 0 0	0100101111 0 0	---011 0 0
3374	18.822	18.822	( 0 )	110000001010 0 0	0100101111 0 0	---011 0 0
11830	18.822	18.822	( 0 )	110000001010 0 0	0100101111 0 0	---011 0 0
11944	18.822	18.822	( 0 )	110000001010 0 0	0100101111 0 0	---011 0 0
11886	18.822	18.822	( 0 )	110000001010 0 0	0100101111 0 0	---011 0 0
13126	18.822	18.822	( 0 )	110000001010 0 0	0100101111 0 0	---011 0 0
13125	18.822	18.822	( 0 )	110000001010 0 0	0100101111 0 0	---011 0 0
20509	18.822	18.822	( 0 )	110000001010 0 0	0100101111 0 0	---011 0 0
12969	18.822	18.822	( 0 )	110000001010 0 0	0100101111 0 0	---011 0 0
20500	18.822	18.822	( 0 )	110000001010 0 0	0100101111 0 0	---011 0 0
11818	18.822	18.822	( 0 )	110000001010 0 0	0100101111 0 0	---011 0 0
13130	18.822	18.822	( 0 )	110000001010 0 0	0100101111 0 0	---011 0 0
13128	18.822	18.822	( 0 )	110000001010 0 0	0100101111 0 0	---011 0 0
13112	18.822	18.822	( 0 )	110000001010 0 0	0100101111 0 0	---011 0 0
20506	18.822	18.822	( 0 )	110000001010 0 0	0100101111 0 0	---011 0 0
12926	18.822	18.822	( 0 )	110000001010 0 0	0100101111 0 0	---011 0 0
11837	18.822	18.822	( 0 )	110000001010 0 0	0100101111 0 0	---011 0 0
11796	18.822	18.822	( 0 )	110000001010 0 0	0100101111 0 0	---011 0 0
11917	18.822	18.822	( 0 )	110000001010 0 0	0100101111 0 0	---011 0 0
20503	18.822	18.822	( 0 )	110000001010 0 0	0100101111 0 0	---011 0 0
20490	18.822	18.822	( 0 )	110000001010 0 0	0100101111 0 0	---011 0 0
13117	18.822	18.822	( 0 )	110000001010 0 0	0100101111 0 0	---011 0 0
20483	18.822	18.822	( 0 )	110000001010 0 0	0100101111 0 0	---011 0 0
20488	18.822	18.822	( 0 )	110000001010 0 0	0100101111 0 0	---011 0 0
11784	18.822	18.822	( 0 )	110000001010 0 0	0100101111 0 0	---011 0 0
11941	18.822	18.822	( 0 )	110000001010 0 0	0100101111 0 0	---011 0 0
11791	18.822	18.822	( 0 )	110000001010 0 0	0100101111 0 0	---011 0 0
13122	40.245	40.245	( 0 )	110-0-001-1- 2 2	0100101111 0 0	---011 0 0
968	40.245	40.245	( 0 )	110-0-001-1- 0 0	0100101111 0 0	---011 0 0
11896	40.245	40.245	( 0 )	110-0-001-1- 0 0	0100101111 0 0	---011 0 0
20508	40.245	40.245	( 0 )	110-0-001-1- 0 0	0100101111 0 0	---011 0 0
5744	40.245	40.245	( 0 )	110-0-001-1- 0 0	0100101111 0 0	---011 0 0
13155	40.245	40.245	( 0 )	110-0-001-1- 0 0	0100101111 0 0	---011 0 0
20501	40.245	40.245	( 0 )	110-0-001-1- 0 0	0100101111 0 0	---011 0 0
11878	40.245	40.245	( 0 )	110-0-001-1- 0 0	0100101111 0 0	---011 0 0
20517	40.245	40.245	( 0 )	110-0-001-1- 0 0	0100101111 0 0	---011 0 0
10399	40.245	40.245	( 0 )	110-0-001-1- 0 0	0100101111 0 0	---011 0 0
13158	40.245	40.245	( 0 )	110-0-001-1- 0 0	0100101111 0 0	---011 0 0
11902	40.245	40.245	( 0 )	110-0-001-1- 0 0	0100101111 0 0	---011 0 0
13147	40.245	40.245	( 0 )	110-0-001-1- 0 0	0100101111 0 0	---011 0 0
13141	40.245	40.245	( 0 )	110101001111 0 0	0100101111 0 0	---011 0 0
11876	40.245	40.245	( 0 )	110101001111 0 0	0100101111 0 0	---011 0 0
11916	40.245	40.245	( 0 )	110101001111 0 0	0100101111 0 0	---011 0 0
11908	40.245	40.245	( 0 )	110101001111 0 0	0100101111 0 0	---011 0 0
11793	40.245	40.245	( 0 )	110101001111 0 0	0100101111 0 0	---011 0 0
11925	40.245	40.245	( 0 )	110101001111 0 0	0100101111 0 0	---011 0 0
11906	40.245	40.245	( 0 )	110101001111 0 0	0100101111 0 0	---011 0 0
11895	40.245	40.245	( 0 )	110101001111 0 0	0100101111 0 0	---011 0 0
11783	40.245	40.245	( 0 )	110101001111 0 0	0100101111 0 0	---011 0 0
13149	40.245	40.245	( 0 )	110101001111 0 0	0100101111 0 0	---011 0 0
13104	40.245	40.245	( 0 )	110101001111 0 0	0100101111 0 0	---011 0 0
12144	40.245	40.245	( 0 )	110101001111 0 0	0100101111 0 0	---011 0 0
13146	40.245	40.245	( 0 )	110101001111 0 0	0100101111 0 0	---011 0 0
11919	40.245	40.245	( 0 )	110101001111 0 0	0100101111 0 0	---011 0 0
13132	40.245	40.245	( 0 )	110101001111 0 0	0100101111 0 0	---011 0 0
11980	40.245	40.245	( 0 )	110101001111 0 0	0100101111 0 0	---011 0 0
11785	40.245	40.245	( 0 )	110101001111 0 0	0100101111 0 0	---011 0 0
11795	40.245	40.245	( 0 )	110101001111 0 0	0100101111 0 0	---011 0 0
11927	40.245	40.245	( 0 )	110101001111 0 0	0100101111 0 0	---011 0 0
20502	40.245	40.245	( 0 )	110101001111 0 0	0100101111 0 0	---011 0 0
20512	40.245	40.245	( 0 )	110101001111 0 0	0100101111 0 0	---011 0 0
11935	40.245	40.245	( 0 )	110101001111 0 0	0100101111 0 0	---011 0 0
12042	40.245	40.245	( 0 )	110101001111 0 0	0100101111 0 0	---011 0 0
11904	40.245	40.245	( 0 )	110101001111 0 0	0100101111 0 0	---011 0 0
12016	40.245	40.245	( 0 )	110101001111 0 0	0100101111 0 0	---011 0 0
11802	40.245	40.245	( 0 )	110101001111 0 0	0100101111 0 0	---011 0 0
11838	40.245	40.245	( 0 )	110101001111 0 0	0100101111 0 0	---011 0 0
11825	40.245	40.245	( 0 )	110101001111 0 0	0100101111 0 0	---011 0 0
11934	40.245	40.245	( 0 )	110101001111 0 0	0100101111 0 0	---011 0 0
11875	40.245	40.245	( 0 )	110101001111 0 0	0100101111 0 0	---011 0 0
11882	50.487	50.487	( 0 )	1101-1-01111 1 1	0100101111 0 0	---011 0 0
11843	50.487	50.487	( 0 )	1101-1-01111 0 0	0100101111 0 0	---011 0 0
11887	50.487	50.487	( 0 )	1101-1-01111 0 0	0100101111 0 0	---011 0 0
11846	50.487	50.487	( 0 )	1101-1-01111 0 0	0100101111 0 0	---011 0 0
12230	50.487	50.487	( 0 )	1101-1-01111 0 0	0100101111 0 0	---011 0 0
11828	50.487	50.487	( 0 )	1101-1-01111 0 0	0100101111 0 0	---011 0 0
11883	50.487	50.487	( 0 )	1101-1-01111 0 0	0100101111 0 0	---011 0 0
12044	50.487	50.487	( 0 )	1101-1-01111 0 0	0100101111 0 0	---011 0 0
11786	50.487	50.487	( 0 )	1101-1-01111 0 0	0100101111 0 0	---011 0 0
20504	50.487	50.487	( 0 )	1101-1-01111 0 0	0100101111 0 0	---011 0 0
11922	50.487	50.487	( 0 )	1101-1-01111 0 0	0100101111 0 0	---011 0 0
3473	50.487	50.487	( 0 )	1101-1-01111 0 0	0100101111 0 0	---011 0 0
11937	50.487	50.487	( 0 )	1101-1-01111 0 0	0100101111 0 0	---011 0 0
11943	50.487	50.487	( 0 )	1101-1-01111 0 0	0100101111 0 0	---011 0 0
11938	50.487	50.487	( 0 )	1101-1-01111 0 0	0100101111 0 0	---011 0 0
20505	50.487	50.487	( 0 )	1101-1-01111 0 0	0100101111 0 0	---011 0 0
11805	50.487	50.487	( 0 )	1101-1-01111 0 0	0100101111 0 0	---011 0 0
11933	50.487	50.487	( 0 )	1101-1-01111 0 0	0100101111 0 0	---011 0 0
11821	50.487	50.487	( 0 )	1101-1-01111 0 0	0100101111 0 0	---011 0 0
11900	50.487	50.487	( 0 )	1101-1-01111 0 0	0100101111 0 0	---011 0 0
11932	50.487	50.487	( 0 )	1101-1-01111 0 0	0100101111 0 0	---011 0 0
12967	50.487	50.487	( 0 )	1101-1-01111 0 0	0100101111 0 0	---011 0 0
11849	50.487	50.487	( 0 )	1101-1-01111 0 0	0100101111 0 0	---011 0 0
12965	50.487	50.487	( 0 )	1101-1-01111 0 0	0100101111 0 0	---011 0 0
11851	50.487	50.487	( 0 )	1101-1-01111 0 0	0100101111 0 0	---011 0 0
11873	50.487	50.487	( 0 )	1101-1-01111 0 0	0100101111 0 0	---011 0 0
11806	50.487	50.487	( 0 )	1101-1-01111 0 0	0100101111 0 0	---011 0 0
13110	50.487	50.487	( 0 )	1101-1-01111 0 0	0100101111 0 0	---011 0 0
11803	50.487	50.487	( 0 )	1101-1-01111 0 0	0100101111 0 0	---011 0 0
20518	50.487	50.487	( 0 )	1101-1-01111 0 0	0100101111 0 0	---011 0 0
10401	50.487	50.487	( 0 )	1101-1-01111 0 0	0100101111 0 0	---011 0 0
10391	50.487	50.487	( 0 )	1101-1-01111 0 0	0100101111 0 0	---011 0 0
11790	50.487	50.487	( 0 )	1101-1-01111 0 0	0100101111 0 0	---011 0 0
11914	50.487	50.487	( 0 )	1101-1-01111 0 0	0100101111 0 0	---011 0 0
10433	50.487	50.487	( 0 )	1101-1-01111 0 0	0100101111 0 0	---011 0 0
11903	50.487	50.487	( 0 )	1101-1-01111 0 0	0100101111 0 0	---011 0 0
20499	50.487	50.487	( 0 )	1101-1-01111 0 0	0100101111 0 0	---011 0 0
11799	50.487	50.487	( 0 )	1101-1-01111 0 0	0100101111 0 0	---011 0 0
11879	50.487	50.487	( 0 )	1101-1-01111 0 0	0100101111 0 0	---011 0 0
11899	50.487	50.487	( 0 )	1101-1-01111 0 0	0100101111 0 0	---011 0 0
12968	50.487	50.487	( 0 )	1101-1-01111 0 0	0100101111 0 0	---011 0 0
11928	50.487	50.487	( 0 )	1101-1-01111 0 0	0100101111 0 0	---011 0 0
20492	50.487	50.487	( 0 )	1101-1-01111 0 0	0100101111 0 0	---011 0 0
11810	50.487	50.487	( 0 )	1101-1-01111 0 0	0100101111 0 0	---011 0 0
11800	50.487	50.487	( 0 )	1101-1-01111 0 0	0100101111 0 0	---011 0 0
10412	50.487	50.487	( 0 )	1101-1-01111 0 0	0100101111 0 0	---011 0 0
13144	50.487	50.487	( 0 )	1101-1-01111 0 0	0100101111 0 0	---011 0 0
10434	50.487	50.487	( 0 )	1101-1-01111 0 0	0100101111 0 0	---011 0 0
11813	50.487	50.487	( 0 )	1101-1-01111 0 0	0100101111 0 0	---011 0 0
11854	50.487	50.487	( 0 )	1101-1-01111 0 0	0100101111 0 0	---011 0 0
10408	50.487	50.487	( 0 )	110111101111 0 0	0100101111 0 0	---011 0 0
12067	50.487	50.487	( 0 )	110111101111 0 0	0100101111 0 0	---011 0 0
3588	56.066	56.066	( 0 )	11011110111- 0 1	0100101111 0 0	---011 0 0
10451	56.066	56.066	( 0 )	11011110111- 0 0	0100101111 0 0	---011 0 0
20486	56.066	56.066	( 0 )	11011110111- 0 0	0100101111 0 0	---011 0 0
11826	56.066	56.066	( 0 )	11011110111- 0 0	0100101111 0 0	---011 0 0
13114	56.066	56.066	( 0 )	11011110111- 0 0	0100101111 0 0	---011 0 0
11920	56.066	56.066	( 0 )	11011110111- 0 0	0100101111 0 0	---011 0 0
11860	56.066	56.066	( 0 )	11011110111- 0 0	0100101111 0 0	---011 0 0
20498	56.066	56.066	( 0 )	11011110111- 0 0	0100101111 0 0	---011 0 0
11939	56.066	56.066	( 0 )	11011110111- 0 0	0100101111 0 0	---011 0 0
11834	56.066	56.066	( 0 )	11011110111- 0 0	0100101111 0 0	---011 0 0
11855	56.066	56.066	( 0 )	11011110111- 0 0	0100101111 0 0	---011 0 0
11936	56.066	56.066	( 0 )	11011110111- 0 0	0100101111 0 0	---011 0 0
3400	56.066	56.066	( 0 )	11011110111- 0 0	0100101111 0 0	---011 0 0
11931	56.066	56.066	( 0 )	11011110111- 0 0	0100101111 0 0	---011 0 0
2647	56.066	56.066	( 0 )	11011110111- 0 0	0100101111 0 0	---011 0 0
20547	56.066	56.066	( 0 )	11011110111- 0 0	0100101111 0 0	---011 0 0
13151	56.066	56.066	( 0 )	11011110111- 0 0	0100101111 0 0	---011 0 0
11845	56.066	56.066	( 0 )	11011110111- 0 0	0100101111 0 0	---011 0 0
13123	56.066	56.066	( 0 )	11011110111- 0 0	0100101111 0 0	---011 0 0
10419	56.066	56.066	( 0 )	11011110111- 0 0	0100101111 0 0	---011 0 0
20515	56.066	56.066	( 0 )	11011110111- 0 0	0100101111 0 0	---011 0 0
11836	56.066	56.066	( 0 )	11011110111- 0 0	0100101111 0 0	---011 0 0
20497	56.066	56.066	( 0 )	110111101110 0 0	0100101111 0 0	---011 0 0
3160	56.066	56.066	( 0 )	110111101110 0 0	0100101111 0 0	---011 0 0
2610	96.302	96.302	( 0 )	110111101110 0 0	0100101111 0 0	---000 0 2
2611	96.302	96.302	( 0 )	110111101110 0 0	0100101111 0 0	---000 0 0
