#java OrderMarkers2 map=map3_3_js.txt data=data_f.call useKosambi=1 numMergeIterations=1 sexAveraged=1 outputPhasedData=2 grandparentPhase=1 chromosome=6 randSeed=382487514482140895
#*** LG = 6 likelihood = -50.756
#marker_number	male_position	female_position	( 0.0 )[	phased data]
20377	0.000	0.000	( 0 )	110111100110 0 0	11110----- 0 0	------ 0 0
20472	8.412	8.412	( 0 )	110111101110 0 1	11110----- 0 0	------ 0 0
20383	8.412	8.412	( 0 )	110111101110 0 0	11110----- 0 0	------ 0 0
20042	16.824	16.824	( 0 )	110-11101-10 0 1	11110----- 0 0	------ 0 0
20043	16.824	16.824	( 0 )	110-11101-10 0 0	11110----- 0 0	------ 0 0
20063	16.824	16.824	( 0 )	110-11101-10 0 0	11110----- 0 0	------ 0 0
20028	57.060	57.060	( 0 )	010-01001-00 2 2	11110----- 0 0	------ 0 0
1384	65.471	65.471	( 0 )	010001001-00 1 0	11110----- 0 0	------ 0 0
6918	65.471	65.471	( 0 )	010001001000 0 0	11110----- 0 0	------ 0 0
20453	65.471	65.471	( 0 )	010001001000 0 0	11110----- 0 0	------ 0 0
20477	65.471	65.471	( 0 )	010001001000 0 0	11110----- 0 0	------ 0 0
20313	65.471	65.471	( 0 )	010001001000 0 0	11110----- 0 0	------ 0 0
20373	65.471	65.471	( 0 )	010001001000 0 0	11110----- 0 0	------ 0 0
