#java OrderMarkers2 map=map3_3_js.txt data=data_f.call useKosambi=1 numMergeIterations=1 sexAveraged=1 outputPhasedData=2 grandparentPhase=1 chromosome=2 randSeed=-6608271939299764015
#*** LG = 2 likelihood = -590.7589
#marker_number	male_position	female_position	( 0.0 )[	phased data]
20163	0.000	0.000	( 0 )	011000111110 0 0	11111----- 0 0	110000 0 0
18365	10.137	10.137	( 0 )	011000111110 0 0	10111----- 1 0	110000 0 0
18302	10.137	10.137	( 0 )	011000111110 0 0	10111----- 0 0	110000 0 0
9916	10.137	10.137	( 0 )	011000111110 0 0	10111----- 0 0	110000 0 0
5286	10.137	10.137	( 0 )	011000111110 0 0	10111----- 0 0	110000 0 0
17590	27.465	27.465	( 0 )	011000111110 0 0	10111----- 0 0	110001 0 1
864	27.465	27.465	( 0 )	011000111110 0 0	10111----- 0 0	110001 0 0
1009	27.465	27.465	( 0 )	011000111110 0 0	10111----- 0 0	110001 0 0
14275	27.465	27.465	( 0 )	011000111110 0 0	10111----- 0 0	110001 0 0
18263	27.465	27.465	( 0 )	011000111110 0 0	10111----- 0 0	110001 0 0
16907	27.465	27.465	( 0 )	011000111110 0 0	10111----- 0 0	110001 0 0
18343	27.465	27.465	( 0 )	011000111110 0 0	10111----- 0 0	110001 0 0
17282	27.465	27.465	( 0 )	011000111110 0 0	10111----- 0 0	110001 0 0
2719	27.465	27.465	( 0 )	011000111110 0 0	10111----- 0 0	110001 0 0
11545	27.465	27.465	( 0 )	011000111110 0 0	10111----- 0 0	110001 0 0
1202	44.794	44.794	( 0 )	011000111110 0 0	10111----- 0 0	110011 0 1
1233	44.794	44.794	( 0 )	011000111110 0 0	10111----- 0 0	110011 0 0
12874	44.794	44.794	( 0 )	011000111110 0 0	10111----- 0 0	110011 0 0
10974	44.794	44.794	( 0 )	011000111110 0 0	10111----- 0 0	110011 0 0
12938	44.794	44.794	( 0 )	011000111110 0 0	10111----- 0 0	110011 0 0
12916	44.794	44.794	( 0 )	011000111110 0 0	10111----- 0 0	110011 0 0
12875	44.794	44.794	( 0 )	011000111110 0 0	10111----- 0 0	110011 0 0
12801	44.794	44.794	( 0 )	011000111110 0 0	10111----- 0 0	110011 0 0
12857	44.794	44.794	( 0 )	011000111110 0 0	10111----- 0 0	110011 0 0
12929	44.794	44.794	( 0 )	011000111110 0 0	10111----- 0 0	110011 0 0
12802	44.794	44.794	( 0 )	011000111110 0 0	10111----- 0 0	110011 0 0
1213	44.794	44.794	( 0 )	011000111110 0 0	10111----- 0 0	110011 0 0
12858	44.794	44.794	( 0 )	011000111110 0 0	10111----- 0 0	110011 0 0
1223	44.794	44.794	( 0 )	011000111110 0 0	10111----- 0 0	110011 0 0
12917	44.794	44.794	( 0 )	011000111110 0 0	10111----- 0 0	110011 0 0
12936	44.794	44.794	( 0 )	011000111110 0 0	10111----- 0 0	110011 0 0
8351	44.794	44.794	( 0 )	011000111110 0 0	10111----- 0 0	110011 0 0
12923	44.794	44.794	( 0 )	011000111110 0 0	10111----- 0 0	110011 0 0
1225	44.794	44.794	( 0 )	011000111110 0 0	10111----- 0 0	110011 0 0
1210	44.794	44.794	( 0 )	011000111110 0 0	10111----- 0 0	110011 0 0
1196	44.794	44.794	( 0 )	011000111110 0 0	10111----- 0 0	110011 0 0
12893	44.794	44.794	( 0 )	011000111110 0 0	10111----- 0 0	110011 0 0
1221	44.794	44.794	( 0 )	011000111110 0 0	10111----- 0 0	110011 0 0
12870	44.794	44.794	( 0 )	011000111110 0 0	10111----- 0 0	110011 0 0
12888	44.794	44.794	( 0 )	011000111110 0 0	10111----- 0 0	110011 0 0
12910	44.794	44.794	( 0 )	011000111110 0 0	10111----- 0 0	110011 0 0
12919	44.794	44.794	( 0 )	011000111110 0 0	10111----- 0 0	110011 0 0
12883	44.794	44.794	( 0 )	011000111110 0 0	10111----- 0 0	110011 0 0
12854	44.794	44.794	( 0 )	011000111110 0 0	10111----- 0 0	110011 0 0
1198	44.794	44.794	( 0 )	011000111110 0 0	10111----- 0 0	110011 0 0
12890	44.794	44.794	( 0 )	011000111110 0 0	10111----- 0 0	110011 0 0
12847	44.794	44.794	( 0 )	011000111110 0 0	10111----- 0 0	110011 0 0
3604	44.794	44.794	( 0 )	011000111110 0 0	10111----- 0 0	110011 0 0
1199	44.794	44.794	( 0 )	011000111110 0 0	10111----- 0 0	110011 0 0
12894	44.794	44.794	( 0 )	011000111110 0 0	10111----- 0 0	110011 0 0
12918	44.794	44.794	( 0 )	011000111110 0 0	10111----- 0 0	110011 0 0
1200	44.794	44.794	( 0 )	011000111110 0 0	10111----- 0 0	110011 0 0
4326	44.794	44.794	( 0 )	011000111110 0 0	10111----- 0 0	110011 0 0
8504	44.794	44.794	( 0 )	011000111110 0 0	10111----- 0 0	110011 0 0
12851	44.794	44.794	( 0 )	011000111110 0 0	10111----- 0 0	110011 0 0
1220	44.794	44.794	( 0 )	011000111110 0 0	10111----- 0 0	110011 0 0
12852	44.794	44.794	( 0 )	011000111110 0 0	10111----- 0 0	110011 0 0
12861	44.794	44.794	( 0 )	011000111110 0 0	10111----- 0 0	110011 0 0
12903	44.794	44.794	( 0 )	011000111110 0 0	10111----- 0 0	110011 0 0
12953	44.794	44.794	( 0 )	011000111110 0 0	10111----- 0 0	110011 0 0
7590	44.794	44.794	( 0 )	011000111110 0 0	10111----- 0 0	110011 0 0
12928	44.794	44.794	( 0 )	011000111110 0 0	10111----- 0 0	110011 0 0
1222	44.794	44.794	( 0 )	011000111110 0 0	10111----- 0 0	110011 0 0
1209	44.794	44.794	( 0 )	011000111110 0 0	10111----- 0 0	110011 0 0
12873	44.794	44.794	( 0 )	011000111110 0 0	10111----- 0 0	110011 0 0
12906	44.794	44.794	( 0 )	011000111110 0 0	10111----- 0 0	110011 0 0
12853	44.794	44.794	( 0 )	011000111110 0 0	10111----- 0 0	110011 0 0
12862	44.794	44.794	( 0 )	011000111110 0 0	10111----- 0 0	110011 0 0
4170	44.794	44.794	( 0 )	011000111110 0 0	10111----- 0 0	110011 0 0
15481	44.794	44.794	( 0 )	011000111110 0 0	10111----- 0 0	110011 0 0
4572	44.794	44.794	( 0 )	011000111110 0 0	10111----- 0 0	110011 0 0
18311	44.794	44.794	( 0 )	011000111110 0 0	10111----- 0 0	110011 0 0
843	44.794	44.794	( 0 )	011000111110 0 0	10111----- 0 0	110011 0 0
12887	44.794	44.794	( 0 )	011000111110 0 0	10111----- 0 0	110011 0 0
1227	44.794	44.794	( 0 )	011000111110 0 0	10111----- 0 0	110011 0 0
1212	44.794	44.794	( 0 )	011000111110 0 0	10111----- 0 0	110011 0 0
12907	44.794	44.794	( 0 )	011000111110 0 0	10111----- 0 0	110011 0 0
12911	44.794	44.794	( 0 )	011000111110 0 0	10111----- 0 0	110011 0 0
12902	44.794	44.794	( 0 )	011000111110 0 0	10111----- 0 0	110011 0 0
12798	44.794	44.794	( 0 )	011000111110 0 0	10111----- 0 0	110011 0 0
18325	44.794	44.794	( 0 )	011000111110 0 0	10111----- 0 0	110011 0 0
18264	44.794	44.794	( 0 )	011000111110 0 0	10111----- 0 0	110011 0 0
12868	44.794	44.794	( 0 )	011000111110 0 0	10111----- 0 0	110011 0 0
6273	44.794	44.794	( 0 )	011000111110 0 0	10111----- 0 0	110011 0 0
12927	44.794	44.794	( 0 )	011000111110 0 0	10111----- 0 0	110011 0 0
12925	44.794	44.794	( 0 )	011000111110 0 0	10111----- 0 0	110011 0 0
12909	44.794	44.794	( 0 )	011000111110 0 0	10111----- 0 0	110011 0 0
12934	44.794	44.794	( 0 )	011000111110 0 0	10111----- 0 0	110011 0 0
12799	44.794	44.794	( 0 )	011000111110 0 0	10111----- 0 0	110011 0 0
1201	44.794	44.794	( 0 )	011000111110 0 0	10111----- 0 0	110011 0 0
12895	44.794	44.794	( 0 )	011000111110 0 0	10111----- 0 0	110011 0 0
12877	44.794	44.794	( 0 )	011000111110 0 0	10111----- 0 0	110011 0 0
12869	49.352	49.352	( 0 )	001000111110 1 0	10111----- 0 0	110011 0 0
1229	68.406	68.406	( 0 )	-01---111110 4 0	10111----- 0 0	110011 0 0
12954	68.406	68.406	( 0 )	-01---111110 0 0	10111----- 0 0	110011 0 0
1219	68.406	68.406	( 0 )	-01---111110 0 0	10111----- 0 0	110011 0 0
12865	68.406	68.406	( 0 )	-01---111110 0 0	10111----- 0 0	110011 0 0
12921	68.406	68.406	( 0 )	-01---111110 0 0	10111----- 0 0	110011 0 0
12878	68.406	68.406	( 0 )	-01---111110 0 0	10111----- 0 0	110011 0 0
12879	68.406	68.406	( 0 )	-01---111110 0 0	10111----- 0 0	110011 0 0
12859	68.406	68.406	( 0 )	-01---111110 0 0	10111----- 0 0	110011 0 0
12872	68.406	68.406	( 0 )	-01---111110 0 0	10111----- 0 0	110011 0 0
12844	68.406	68.406	( 0 )	-01---111110 0 0	10111----- 0 0	110011 0 0
1211	68.406	68.406	( 0 )	-01---111110 0 0	10111----- 0 0	110011 0 0
1230	68.406	68.406	( 0 )	-01---111110 0 0	10111----- 0 0	110011 0 0
12863	68.406	68.406	( 0 )	-01---111110 0 0	10111----- 0 0	110011 0 0
1218	68.406	68.406	( 0 )	-01---111110 0 0	10111----- 0 0	110011 0 0
12889	68.406	68.406	( 0 )	-01---111110 0 0	10111----- 0 0	110011 0 0
12856	68.406	68.406	( 0 )	-01---111110 0 0	10111----- 0 0	110011 0 0
12922	68.406	68.406	( 0 )	-01---111110 0 0	10111----- 0 0	110011 0 0
12800	68.406	68.406	( 0 )	-01---111110 0 0	10111----- 0 0	110011 0 0
9176	68.406	68.406	( 0 )	101111111110 0 0	10111----- 0 0	110011 0 0
12886	68.406	68.406	( 0 )	101111111110 0 0	10111----- 0 0	110011 0 0
12957	68.406	68.406	( 0 )	101111111110 0 0	10111----- 0 0	110011 0 0
12904	68.406	68.406	( 0 )	101111111110 0 0	10111----- 0 0	110011 0 0
12392	68.406	68.406	( 0 )	101111111110 0 0	10111----- 0 0	110011 0 0
12193	68.406	68.406	( 0 )	101111111110 0 0	10111----- 0 0	110011 0 0
13137	68.406	68.406	( 0 )	101111111110 0 0	10111----- 0 0	110011 0 0
12846	68.406	68.406	( 0 )	101111111110 0 0	10111----- 0 0	110011 0 0
6849	68.406	68.406	( 0 )	101111111110 0 0	10111----- 0 0	110011 0 0
12901	68.406	68.406	( 0 )	101111111110 0 0	10111----- 0 0	110011 0 0
15015	68.406	68.406	( 0 )	101111111110 0 0	10111----- 0 0	110011 0 0
12915	72.964	72.964	( 0 )	10-111111110 1 0	10111----- 0 0	110011 0 0
10426	72.964	72.964	( 0 )	10-111111110 0 0	10111----- 0 0	110011 0 0
12897	72.964	72.964	( 0 )	10-111111110 0 0	10111----- 0 0	110011 0 0
12876	72.964	72.964	( 0 )	10-111111110 0 0	10111----- 0 0	110011 0 0
12864	72.964	72.964	( 0 )	10-111111110 0 0	10111----- 0 0	110011 0 0
12932	72.964	72.964	( 0 )	10-111111110 0 0	10111----- 0 0	110011 0 0
12933	72.964	72.964	( 0 )	10-111111110 0 0	10111----- 0 0	110011 0 0
12956	72.964	72.964	( 0 )	10-111111110 0 0	10111----- 0 0	110011 0 0
12899	72.964	72.964	( 0 )	10-111111110 0 0	10111----- 0 0	110011 0 0
12849	72.964	72.964	( 0 )	10-111111110 0 0	10111----- 0 0	110011 0 0
12848	72.964	72.964	( 0 )	10-111111110 0 0	10111----- 0 0	110011 0 0
17824	72.964	72.964	( 0 )	100111111110 0 0	10111----- 0 0	110011 0 0
18363	72.964	72.964	( 0 )	100111111110 0 0	10111----- 0 0	110011 0 0
1208	72.964	72.964	( 0 )	100111111110 0 0	10111----- 0 0	110011 0 0
19105	72.964	72.964	( 0 )	100111111110 0 0	10111----- 0 0	110011 0 0
19243	72.964	72.964	( 0 )	100111111110 0 0	10111----- 0 0	110011 0 0
12803	72.964	72.964	( 0 )	100111111110 0 0	10111----- 0 0	110011 0 0
1226	72.964	72.964	( 0 )	100111111110 0 0	10111----- 0 0	110011 0 0
1216	72.964	72.964	( 0 )	100111111110 0 0	10111----- 0 0	110011 0 0
12882	72.964	72.964	( 0 )	100111111110 0 0	10111----- 0 0	110011 0 0
1234	72.964	72.964	( 0 )	100111111110 0 0	10111----- 0 0	110011 0 0
1228	72.964	72.964	( 0 )	100111111110 0 0	10111----- 0 0	110011 0 0
19675	72.964	72.964	( 0 )	100111111110 0 0	10111----- 0 0	110011 0 0
3591	72.964	72.964	( 0 )	100111111110 0 0	10111----- 0 0	110011 0 0
8483	72.964	72.964	( 0 )	100111111110 0 0	10111----- 0 0	110011 0 0
1939	72.964	72.964	( 0 )	100111111110 0 0	10111----- 0 0	110011 0 0
1203	72.964	72.964	( 0 )	100111111110 0 0	10111----- 0 0	110011 0 0
20384	72.964	72.964	( 0 )	100111111110 0 0	10111----- 0 0	110011 0 0
12958	72.964	72.964	( 0 )	100111111110 0 0	10111----- 0 0	110011 0 0
10178	72.964	72.964	( 0 )	100111111110 0 0	10111----- 0 0	110011 0 0
12920	72.964	72.964	( 0 )	100111111110 0 0	10111----- 0 0	110011 0 0
18370	72.964	72.964	( 0 )	100111111110 0 0	10111----- 0 0	110011 0 0
1232	72.964	72.964	( 0 )	100111111110 0 0	10111----- 0 0	110011 0 0
12871	72.964	72.964	( 0 )	100111111110 0 0	10111----- 0 0	110011 0 0
12855	72.964	72.964	( 0 )	100111111110 0 0	10111----- 0 0	110011 0 0
12908	72.964	72.964	( 0 )	100111111110 0 0	10111----- 0 0	110011 0 0
12885	72.964	72.964	( 0 )	100111111110 0 0	10111----- 0 0	110011 0 0
12896	72.964	72.964	( 0 )	100111111110 0 0	10111----- 0 0	110011 0 0
17977	72.964	72.964	( 0 )	100111111110 0 0	10111----- 0 0	110011 0 0
12900	72.964	72.964	( 0 )	100111111110 0 0	10111----- 0 0	110011 0 0
19466	72.964	72.964	( 0 )	100111111110 0 0	10111----- 0 0	110011 0 0
18360	72.964	72.964	( 0 )	100111111110 0 0	10111----- 0 0	110011 0 0
17953	72.964	72.964	( 0 )	100111111110 0 0	10111----- 0 0	110011 0 0
12912	72.964	72.964	( 0 )	100111111110 0 0	10111----- 0 0	110011 0 0
17972	72.964	72.964	( 0 )	100111111110 0 0	10111----- 0 0	110011 0 0
4103	72.964	72.964	( 0 )	100111111110 0 0	10111----- 0 0	110011 0 0
8354	72.964	72.964	( 0 )	100111111110 0 0	10111----- 0 0	110011 0 0
18308	72.964	72.964	( 0 )	100111111110 0 0	10111----- 0 0	110011 0 0
8220	72.964	72.964	( 0 )	100111111110 0 0	10111----- 0 0	110011 0 0
17954	72.964	72.964	( 0 )	100111111110 0 0	10111----- 0 0	110011 0 0
10403	72.964	72.964	( 0 )	100111111110 0 0	10111----- 0 0	110011 0 0
12931	102.703	102.703	( 0 )	100111111110 0 0	10011----- 1 0	110-11 0 1
12489	102.703	102.703	( 0 )	100111111110 0 0	10011----- 0 0	110111 0 0
