#java OrderMarkers2 map=map1_3_js.txt data=data_f.call chromosome=1 useKosambi=1 numMergeIterations=1 sexAveraged=1 grandparentPhase=1 randSeed=5468827143705996555
#*** LG = 1 likelihood = -65.1629
#marker_number	male_position	female_position	( 0.0 )[	phased data]
1797	0.000	0.000	( 0 )	100111111111 0 0	0000000000 0 0	000000 0 0
3392	0.000	0.000	( 0 )	100111111111 0 0	0000000000 0 0	000000 0 0
2020	0.000	0.000	( 0 )	100111111111 0 0	0000000000 0 0	000000 0 0
629	0.000	0.000	( 0 )	100111111111 0 0	0000000000 0 0	000000 0 0
1808	0.000	0.000	( 0 )	100111111111 0 0	0000000000 0 0	000000 0 0
4106	17.329	17.329	( 0 )	100111011101 0 2	0000000000 0 0	000000 0 0
2602	57.565	57.565	( 0 )	000101011000 2 2	0000000000 0 0	000000 0 0
1982	65.976	65.976	( 0 )	000001011000 1 0	0000000000 0 0	000000 0 0
4776	65.976	65.976	( 0 )	000001011000 0 0	0000000000 0 0	000000 0 0
2003	74.388	74.388	( 0 )	000000011000 1 0	0000000000 0 0	000000 0 0
1793	74.388	74.388	( 0 )	000000011000 0 0	0000000000 0 0	000000 0 0
2582	74.388	74.388	( 0 )	000000011000 0 0	0000000000 0 0	000000 0 0
2595	74.388	74.388	( 0 )	000000011000 0 0	0000000000 0 0	000000 0 0
1059	74.388	74.388	( 0 )	000000011000 0 0	0000000000 0 0	000000 0 0
