#java OrderMarkers2 map=map3_3_js.txt data=data_f.call useKosambi=1 numMergeIterations=1 sexAveraged=1 outputPhasedData=2 grandparentPhase=1 recombination2=0 randSeed=-4460062846883030458
#*** LG = 1 likelihood = -2328.2551
#marker_number	male_position	female_position	( 0.0 )[	phased data]
10493	0.000	0.000	( 0 )	111011100110 0 0	1101110111 0 0	101001 0 0
11471	0.000	0.000	( 0 )	111011100110 0 0	1101110111 0 0	101001 0 0
861	0.000	0.000	( 0 )	111011100110 0 0	1101110111 0 0	101001 0 0
13669	0.000	0.000	( 0 )	111011100110 0 0	1101110111 0 0	101001 0 0
11675	0.000	0.000	( 0 )	111011100110 0 0	1101110111 0 0	101001 0 0
2962	0.000	0.000	( 0 )	111011100110 0 0	1101110111 0 0	101001 0 0
13663	0.000	0.000	( 0 )	111011100110 0 0	1101110111 0 0	101001 0 0
857	0.000	0.000	( 0 )	111011100110 0 0	1101110111 0 0	101001 0 0
2952	0.000	0.000	( 0 )	111011100110 0 0	1101110111 0 0	101001 0 0
971	0.000	0.000	( 0 )	111011100110 0 0	1101110111 0 0	101001 0 0
11758	0.000	0.000	( 0 )	111011100110 0 0	1101110111 0 0	101001 0 0
939	0.000	0.000	( 0 )	111011100110 0 0	1101110111 0 0	101001 0 0
3096	0.000	0.000	( 0 )	111011100110 0 0	1101110111 0 0	101001 0 0
930	0.000	0.000	( 0 )	111011100110 0 0	1101110111 0 0	101001 0 0
2911	0.000	0.000	( 0 )	111011100110 0 0	1101110111 0 0	101001 0 0
769	0.000	0.000	( 0 )	111011100110 0 0	1101110111 0 0	101001 0 0
13647	0.000	0.000	( 0 )	111011100110 0 0	1101110111 0 0	101001 0 0
17383	0.000	0.000	( 0 )	111011100110 0 0	1101110111 0 0	101001 0 0
13618	0.000	0.000	( 0 )	111011100110 0 0	1101110111 0 0	101001 0 0
877	0.000	0.000	( 0 )	111011100110 0 0	1101110111 0 0	101001 0 0
13607	0.000	0.000	( 0 )	111011100110 0 0	1101110111 0 0	101001 0 0
13638	0.000	0.000	( 0 )	111011100110 0 0	1101110111 0 0	101001 0 0
853	0.000	0.000	( 0 )	111011100110 0 0	1101110111 0 0	101001 0 0
992	0.000	0.000	( 0 )	111011100110 0 0	1101110111 0 0	101001 0 0
17295	0.000	0.000	( 0 )	111011100110 0 0	1101110111 0 0	101001 0 0
2903	0.000	0.000	( 0 )	111011100110 0 0	1101110111 0 0	101001 0 0
13573	0.000	0.000	( 0 )	111011100110 0 0	1101110111 0 0	101001 0 0
11757	0.000	0.000	( 0 )	111011100110 0 0	1101110111 0 0	101001 0 0
770	0.000	0.000	( 0 )	111011100110 0 0	1101110111 0 0	101001 0 0
2902	0.000	0.000	( 0 )	111011100110 0 0	1101110111 0 0	101001 0 0
11765	0.000	0.000	( 0 )	111011100110 0 0	1101110111 0 0	101001 0 0
13632	0.000	0.000	( 0 )	111011100110 0 0	1101110111 0 0	101001 0 0
862	0.000	0.000	( 0 )	111011100110 0 0	1101110111 0 0	101001 0 0
13609	0.000	0.000	( 0 )	111011100110 0 0	1101110111 0 0	101001 0 0
16281	0.000	0.000	( 0 )	111011100110 0 0	1101110111 0 0	101001 0 0
13339	0.000	0.000	( 0 )	111011100110 0 0	1101110111 0 0	101001 0 0
2910	0.000	0.000	( 0 )	111011100110 0 0	1101110111 0 0	101001 0 0
13665	0.000	0.000	( 0 )	111011100110 0 0	1101110111 0 0	101001 0 0
768	0.000	0.000	( 0 )	111011100110 0 0	1101110111 0 0	101001 0 0
13577	0.000	0.000	( 0 )	111011100110 0 0	1101110111 0 0	101001 0 0
10462	0.000	0.000	( 0 )	111011100110 0 0	1101110111 0 0	101001 0 0
10659	0.000	0.000	( 0 )	111011100110 0 0	1101110111 0 0	101001 0 0
13641	0.000	0.000	( 0 )	111011100110 0 0	1101110111 0 0	101001 0 0
17339	0.000	0.000	( 0 )	111011100110 0 0	1101110111 0 0	101001 0 0
11740	0.000	0.000	( 0 )	111011100110 0 0	1101110111 0 0	101001 0 0
779	0.000	0.000	( 0 )	111011100110 0 0	1101110111 0 0	101001 0 0
778	0.000	0.000	( 0 )	111011100110 0 0	1101110111 0 0	101001 0 0
2904	0.000	0.000	( 0 )	111011100110 0 0	1101110111 0 0	101001 0 0
13660	0.000	0.000	( 0 )	111011100110 0 0	1101110111 0 0	101001 0 0
13601	0.000	0.000	( 0 )	111011100110 0 0	1101110111 0 0	101001 0 0
3089	0.000	0.000	( 0 )	111011100110 0 0	1101110111 0 0	101001 0 0
2801	0.000	0.000	( 0 )	111011100110 0 0	1101110111 0 0	101001 0 0
2928	0.000	0.000	( 0 )	111011100110 0 0	1101110111 0 0	101001 0 0
17416	0.000	0.000	( 0 )	111011100110 0 0	1101110111 0 0	101001 0 0
17345	0.000	0.000	( 0 )	111011100110 0 0	1101110111 0 0	101001 0 0
17427	0.000	0.000	( 0 )	111011100110 0 0	1101110111 0 0	101001 0 0
2921	0.000	0.000	( 0 )	111011100110 0 0	1101110111 0 0	101001 0 0
846	0.000	0.000	( 0 )	111011100110 0 0	1101110111 0 0	101001 0 0
928	0.000	0.000	( 0 )	111011100110 0 0	1101110111 0 0	101001 0 0
999	0.000	0.000	( 0 )	111011100110 0 0	1101110111 0 0	101001 0 0
949	0.000	0.000	( 0 )	111011100110 0 0	1101110111 0 0	101001 0 0
20437	0.000	0.000	( 0 )	111011100110 0 0	1101110111 0 0	101001 0 0
16595	0.000	0.000	( 0 )	111011100110 0 0	1101110111 0 0	101001 0 0
10514	11.300	11.300	( 0 )	111011100110 0 0	1101110111 0 0	1--001 2 0
1001	11.300	11.300	( 0 )	111011100110 0 0	1101110111 0 0	1--001 0 0
13576	11.300	11.300	( 0 )	111011100110 0 0	1101110111 0 0	1--001 0 0
875	11.300	11.300	( 0 )	111011100110 0 0	1101110111 0 0	1--001 0 0
13655	11.300	11.300	( 0 )	111011100110 0 0	1101110111 0 0	1--001 0 0
936	11.300	11.300	( 0 )	111011100110 0 0	1101110111 0 0	1--001 0 0
11749	11.300	11.300	( 0 )	111011100110 0 0	1101110111 0 0	1--001 0 0
852	11.300	11.300	( 0 )	111011100110 0 0	1101110111 0 0	1--001 0 0
17223	11.300	11.300	( 0 )	111011100110 0 0	1101110111 0 0	1--001 0 0
13337	11.300	11.300	( 0 )	111011100110 0 0	1101110111 0 0	1--001 0 0
11750	11.300	11.300	( 0 )	111011100110 0 0	1101110111 0 0	1--001 0 0
13666	11.300	11.300	( 0 )	111011100110 0 0	1101110111 0 0	1--001 0 0
17315	11.300	11.300	( 0 )	111011100110 0 0	1101110111 0 0	1--001 0 0
13623	11.300	11.300	( 0 )	111011100110 0 0	1101110111 0 0	1--001 0 0
13584	11.300	11.300	( 0 )	111011100110 0 0	1101110111 0 0	1--001 0 0
871	11.300	11.300	( 0 )	111011100110 0 0	1101110111 0 0	1--001 0 0
13657	11.300	11.300	( 0 )	111011100110 0 0	1101110111 0 0	1--001 0 0
13636	11.300	11.300	( 0 )	111011100110 0 0	1101110111 0 0	1--001 0 0
17330	11.300	11.300	( 0 )	111011100110 0 0	1101110111 0 0	1--001 0 0
17433	11.300	11.300	( 0 )	111011100110 0 0	1101110111 0 0	1--001 0 0
13599	11.300	11.300	( 0 )	111011100110 0 0	1101110111 0 0	1--001 0 0
2925	11.300	11.300	( 0 )	111011100110 0 0	1101110111 0 0	1--001 0 0
17368	11.300	11.300	( 0 )	111011100110 0 0	1101110111 0 0	1--001 0 0
16175	11.300	11.300	( 0 )	111011100110 0 0	1101110111 0 0	1--001 0 0
10487	11.300	11.300	( 0 )	111011100110 0 0	1101110111 0 0	1--001 0 0
10878	11.300	11.300	( 0 )	111011100110 0 0	1101110111 0 0	1--001 0 0
10719	11.300	11.300	( 0 )	111011100110 0 0	1101110111 0 0	1--001 0 0
966	16.878	16.878	( 0 )	111111100110 1 0	1101110111 0 0	1--001 0 0
19284	16.878	16.878	( 0 )	111111100110 0 0	1101110111 0 0	1--001 0 0
7814	16.878	16.878	( 0 )	111111100110 0 0	1101110111 0 0	1--001 0 0
7849	16.878	16.878	( 0 )	111111100110 0 0	1101110111 0 0	1--001 0 0
7945	16.878	16.878	( 0 )	111111100110 0 0	1101110111 0 0	1--001 0 0
2909	16.878	16.878	( 0 )	111111100110 0 0	1101110111 0 0	1--001 0 0
13668	16.878	16.878	( 0 )	111111100110 0 0	1101110111 0 0	1--001 0 0
13619	16.878	16.878	( 0 )	111111100110 0 0	1101110111 0 0	1--001 0 0
11424	16.878	16.878	( 0 )	111111100110 0 0	1101110111 0 0	1--001 0 0
2931	16.878	16.878	( 0 )	111111100110 0 0	1101110111 0 0	1--001 0 0
352	16.878	16.878	( 0 )	111111100110 0 0	1101110111 0 0	1--001 0 0
3091	16.878	16.878	( 0 )	111111100110 0 0	1101110111 0 0	1--001 0 0
2856	16.878	16.878	( 0 )	111111100110 0 0	1101110111 0 0	1--001 0 0
2963	16.878	16.878	( 0 )	111111100110 0 0	1101110111 0 0	1--001 0 0
873	16.878	16.878	( 0 )	111111100110 0 0	1101110111 0 0	1--001 0 0
867	16.878	16.878	( 0 )	111111100110 0 0	1101110111 0 0	1--001 0 0
860	16.878	16.878	( 0 )	111111100110 0 0	1101110111 0 0	1--001 0 0
17563	16.878	16.878	( 0 )	111111100110 0 0	1101110111 0 0	1--001 0 0
3101	16.878	16.878	( 0 )	111111100110 0 0	1101110111 0 0	1--001 0 0
933	16.878	16.878	( 0 )	111111100110 0 0	1101110111 0 0	1--001 0 0
13639	16.878	16.878	( 0 )	111111100110 0 0	1101110111 0 0	1--001 0 0
848	16.878	16.878	( 0 )	111111100110 0 0	1101110111 0 0	1--001 0 0
16292	16.878	16.878	( 0 )	111111100110 0 0	1101110111 0 0	1--001 0 0
13504	16.878	16.878	( 0 )	111111100110 0 0	1101110111 0 0	1--001 0 0
11553	16.878	16.878	( 0 )	111111100110 0 0	1101110111 0 0	1--001 0 0
7033	16.878	16.878	( 0 )	111111100110 0 0	1101110111 0 0	1--001 0 0
17456	16.878	16.878	( 0 )	111111100110 0 0	1101110111 0 0	1--001 0 0
17357	16.878	16.878	( 0 )	111111100110 0 0	1101110111 0 0	1--001 0 0
11743	16.878	16.878	( 0 )	111111100110 0 0	1101110111 0 0	1--001 0 0
13651	16.878	16.878	( 0 )	111111100110 0 0	1101110111 0 0	1--001 0 0
19332	16.878	16.878	( 0 )	111111100110 0 0	1101110111 0 0	1--001 0 0
20293	16.878	16.878	( 0 )	111111100110 0 0	1101110111 0 0	1--001 0 0
7758	16.878	16.878	( 0 )	111111100110 0 0	1101110111 0 0	1--001 0 0
13590	16.878	16.878	( 0 )	111111100110 0 0	1101110111 0 0	1--001 0 0
6712	16.878	16.878	( 0 )	111111100110 0 0	1101110111 0 0	1--001 0 0
7205	16.878	16.878	( 0 )	111111100110 0 0	1101110111 0 0	1--001 0 0
7986	16.878	16.878	( 0 )	111111100110 0 0	1101110111 0 0	1--001 0 0
13581	16.878	16.878	( 0 )	111111100110 0 0	1101110111 0 0	1--001 0 0
1005	16.878	16.878	( 0 )	111111100110 0 0	1101110111 0 0	1--001 0 0
13626	16.878	16.878	( 0 )	111111100110 0 0	1101110111 0 0	1--001 0 0
13633	16.878	16.878	( 0 )	111111100110 0 0	1101110111 0 0	1--001 0 0
13598	16.878	16.878	( 0 )	111111100110 0 0	1101110111 0 0	1--001 0 0
17362	16.878	16.878	( 0 )	111111100110 0 0	1101110111 0 0	1--001 0 0
11745	16.878	16.878	( 0 )	111111100110 0 0	1101110111 0 0	1--001 0 0
2961	16.878	16.878	( 0 )	111111100110 0 0	1101110111 0 0	1--001 0 0
940	16.878	16.878	( 0 )	111111100110 0 0	1101110111 0 0	1--001 0 0
1004	16.878	16.878	( 0 )	111111100110 0 0	1101110111 0 0	1--001 0 0
863	16.878	16.878	( 0 )	111111100110 0 0	1101110111 0 0	1--001 0 0
11747	16.878	16.878	( 0 )	111111100110 0 0	1101110111 0 0	1--001 0 0
17325	16.878	16.878	( 0 )	111111100110 0 0	1101110111 0 0	1--001 0 0
13579	16.878	16.878	( 0 )	111111100110 0 0	1101110111 0 0	1--001 0 0
13664	16.878	16.878	( 0 )	111111100110 0 0	1101110111 0 0	1--001 0 0
850	16.878	16.878	( 0 )	111111100110 0 0	1101110111 0 0	1--001 0 0
11741	16.878	16.878	( 0 )	111111100110 0 0	1101110111 0 0	1--001 0 0
13640	16.878	16.878	( 0 )	111111100110 0 0	1101110111 0 0	1--001 0 0
2924	16.878	16.878	( 0 )	111111100110 0 0	1101110111 0 0	1--001 0 0
13470	16.878	16.878	( 0 )	111111100110 0 0	1101110111 0 0	1--001 0 0
10341	16.878	16.878	( 0 )	111111100110 0 0	1101110111 0 0	1--001 0 0
13625	16.878	16.878	( 0 )	111111100110 0 0	1101110111 0 0	1--001 0 0
6743	16.878	16.878	( 0 )	111111100110 0 0	1101110111 0 0	1--001 0 0
4031	16.878	16.878	( 0 )	111111100110 0 0	1101110111 0 0	1--001 0 0
6997	16.878	16.878	( 0 )	111111100110 0 0	1101110111 0 0	1--001 0 0
2383	16.878	16.878	( 0 )	111111100110 0 0	1101110111 0 0	1--001 0 0
13602	16.878	16.878	( 0 )	111111100110 0 0	1101110111 0 0	1--001 0 0
13616	16.878	16.878	( 0 )	111111100110 0 0	1101110111 0 0	1--001 0 0
13595	16.878	16.878	( 0 )	111111100110 0 0	1101110111 0 0	1--001 0 0
773	16.878	16.878	( 0 )	111111100110 0 0	1101110111 0 0	1--001 0 0
13627	16.878	16.878	( 0 )	111111100110 0 0	1101110111 0 0	1--001 0 0
17447	16.878	16.878	( 0 )	111111100110 0 0	1101110111 0 0	1--001 0 0
17381	16.878	16.878	( 0 )	111111100110 0 0	1101110111 0 0	1--001 0 0
13587	16.878	16.878	( 0 )	111111100110 0 0	1101110111 0 0	1--001 0 0
2922	16.878	16.878	( 0 )	111111100110 0 0	1101110111 0 0	1--001 0 0
964	16.878	16.878	( 0 )	111111100110 0 0	1101110111 0 0	1--001 0 0
13583	16.878	16.878	( 0 )	111111100110 0 0	1101110111 0 0	1--001 0 0
946	16.878	16.878	( 0 )	111111100110 0 0	1101110111 0 0	1--001 0 0
11641	16.878	16.878	( 0 )	111111100110 0 0	1101110111 0 0	1--001 0 0
874	16.878	16.878	( 0 )	111111100110 0 0	1101110111 0 0	1--001 0 0
866	16.878	16.878	( 0 )	111111100110 0 0	1101110111 0 0	1--001 0 0
876	16.878	16.878	( 0 )	111111100110 0 0	1101110111 0 0	1--001 0 0
11661	16.878	16.878	( 0 )	111111100110 0 0	1101110111 0 0	1--001 0 0
965	16.878	16.878	( 0 )	111111100110 0 0	1101110111 0 0	1--001 0 0
2936	16.878	16.878	( 0 )	111111100110 0 0	1101110111 0 0	1--001 0 0
13572	16.878	16.878	( 0 )	111111100110 0 0	1101110111 0 0	1--001 0 0
2957	16.878	16.878	( 0 )	111111100110 0 0	1101110111 0 0	1--001 0 0
11756	16.878	16.878	( 0 )	111111100110 0 0	1101110111 0 0	1--001 0 0
17342	16.878	16.878	( 0 )	111111100110 0 0	1101110111 0 0	1--001 0 0
1000	16.878	16.878	( 0 )	111111100110 0 0	1101110111 0 0	1--001 0 0
858	16.878	16.878	( 0 )	111111100110 0 0	1101110111 0 0	1--001 0 0
17317	16.878	16.878	( 0 )	111111100110 0 0	1101110111 0 0	1--001 0 0
13476	16.878	16.878	( 0 )	111111100110 0 0	1101110111 0 0	1--001 0 0
13650	16.878	16.878	( 0 )	111111100110 0 0	1101110111 0 0	1--001 0 0
6942	16.878	16.878	( 0 )	111111100110 0 0	1101110111 0 0	1--001 0 0
869	16.878	16.878	( 0 )	111111100110 0 0	1101110111 0 0	1--001 0 0
13600	16.878	16.878	( 0 )	111111100110 0 0	1101110111 0 0	1--001 0 0
851	16.878	16.878	( 0 )	111111100110 0 0	1101110111 0 0	1--001 0 0
10336	16.878	16.878	( 0 )	111111100110 0 0	1101110111 0 0	1--001 0 0
7974	16.878	16.878	( 0 )	111111100110 0 0	1101110111 0 0	1--001 0 0
19295	16.878	16.878	( 0 )	111111100110 0 0	1101110111 0 0	1--001 0 0
13637	16.878	16.878	( 0 )	111111100110 0 0	1101110111 0 0	1--001 0 0
16295	16.878	16.878	( 0 )	111111100110 0 0	1101110111 0 0	1--001 0 0
13597	16.878	16.878	( 0 )	111111100110 0 0	1101110111 0 0	1--001 0 0
17382	16.878	16.878	( 0 )	111111100110 0 0	1101110111 0 0	1--001 0 0
2913	16.878	16.878	( 0 )	111111100110 0 0	1101110111 0 0	1--001 0 0
868	16.878	16.878	( 0 )	111111100110 0 0	1101110111 0 0	1--001 0 0
11766	16.878	16.878	( 0 )	111111100110 0 0	1101110111 0 0	1--001 0 0
13336	16.878	16.878	( 0 )	111111100110 0 0	1101110111 0 0	1--001 0 0
870	16.878	16.878	( 0 )	111111100110 0 0	1101110111 0 0	1--001 0 0
2633	16.878	16.878	( 0 )	111111100110 0 0	1101110111 0 0	1--001 0 0
13646	16.878	16.878	( 0 )	111111100110 0 0	1101110111 0 0	1--001 0 0
17318	16.878	16.878	( 0 )	111111100110 0 0	1101110111 0 0	1--001 0 0
16275	16.878	16.878	( 0 )	111111100110 0 0	1101110111 0 0	1--001 0 0
986	16.878	16.878	( 0 )	111111100110 0 0	1101110111 0 0	1--001 0 0
13613	16.878	16.878	( 0 )	111111100110 0 0	1101110111 0 0	1--001 0 0
16294	16.878	16.878	( 0 )	111111100110 0 0	1101110111 0 0	1--001 0 0
16290	16.878	16.878	( 0 )	111111100110 0 0	1101110111 0 0	1--001 0 0
845	16.878	16.878	( 0 )	111111100110 0 0	1101110111 0 0	1--001 0 0
4125	16.878	16.878	( 0 )	111111100110 0 0	1101110111 0 0	1--001 0 0
8051	16.878	16.878	( 0 )	111111100110 0 0	1101110111 0 0	1--001 0 0
6746	16.878	16.878	( 0 )	111111100110 0 0	1101110111 0 0	1--001 0 0
10342	16.878	16.878	( 0 )	111111100110 0 0	1101110111 0 0	1--001 0 0
7923	16.878	16.878	( 0 )	111111100110 0 0	1101110111 0 0	1--001 0 0
13571	16.878	16.878	( 0 )	111111100110 0 0	1101110111 0 0	1--001 0 0
4160	16.878	16.878	( 0 )	111111100110 0 0	1101110111 0 0	1--001 0 0
17353	16.878	16.878	( 0 )	111111100110 0 0	1101110111 0 0	1--001 0 0
7906	16.878	16.878	( 0 )	111111100110 0 0	1101110111 0 0	1--001 0 0
2958	16.878	16.878	( 0 )	111111100110 0 0	1101110111 0 0	1--001 0 0
17376	16.878	16.878	( 0 )	111111100110 0 0	1101110111 0 0	1--001 0 0
13574	16.878	16.878	( 0 )	111111100110 0 0	1101110111 0 0	1--001 0 0
6894	16.878	16.878	( 0 )	111111100110 0 0	1101110111 0 0	1--001 0 0
13622	22.457	22.457	( 0 )	-11111100110 1 0	1101110111 0 0	1--001 0 0
13621	22.457	22.457	( 0 )	-11111100110 0 0	1101110111 0 0	1--001 0 0
13575	22.457	22.457	( 0 )	-11111100110 0 0	1101110111 0 0	1--001 0 0
951	22.457	22.457	( 0 )	-11111100110 0 0	1101110111 0 0	1--001 0 0
2964	22.457	22.457	( 0 )	-11111100110 0 0	1101110111 0 0	1--001 0 0
11751	22.457	22.457	( 0 )	-11111100110 0 0	1101110111 0 0	1--001 0 0
844	22.457	22.457	( 0 )	-11111100110 0 0	1101110111 0 0	1--001 0 0
2929	22.457	22.457	( 0 )	-11111100110 0 0	1101110111 0 0	1--001 0 0
17380	22.457	22.457	( 0 )	-11111100110 0 0	1101110111 0 0	1--001 0 0
2914	22.457	22.457	( 0 )	-11111100110 0 0	1101110111 0 0	1--001 0 0
13585	22.457	22.457	( 0 )	-11111100110 0 0	1101110111 0 0	1--001 0 0
17289	22.457	22.457	( 0 )	-11111100110 0 0	1101110111 0 0	1--001 0 0
13652	22.457	22.457	( 0 )	-11111100110 0 0	1101110111 0 0	1--001 0 0
13667	22.457	22.457	( 0 )	-11111100110 0 0	1101110111 0 0	1--001 0 0
2254	22.457	22.457	( 0 )	011111100110 0 0	1101110111 0 0	1--001 0 0
2946	22.457	22.457	( 0 )	011111100110 0 0	1101110111 0 0	1--001 0 0
13338	22.457	22.457	( 0 )	011111100110 0 0	1101110111 0 0	1--001 0 0
13582	22.457	22.457	( 0 )	011111100110 0 0	1101110111 0 0	1--001 0 0
13612	22.457	22.457	( 0 )	011111100110 0 0	1101110111 0 0	1--001 0 0
13605	22.457	22.457	( 0 )	011111100110 0 0	1101110111 0 0	1--001 0 0
17310	22.457	22.457	( 0 )	011111100110 0 0	1101110111 0 0	1--001 0 0
17294	22.457	22.457	( 0 )	011111100110 0 0	1101110111 0 0	1--001 0 0
13634	22.457	22.457	( 0 )	011111100110 0 0	1101110111 0 0	1--001 0 0
2930	22.457	22.457	( 0 )	011111100110 0 0	1101110111 0 0	1--001 0 0
2971	22.457	22.457	( 0 )	011111100110 0 0	1101110111 0 0	1--001 0 0
998	22.457	22.457	( 0 )	011111100110 0 0	1101110111 0 0	1--001 0 0
963	22.457	22.457	( 0 )	011111100110 0 0	1101110111 0 0	1--001 0 0
1008	22.457	22.457	( 0 )	011111100110 0 0	1101110111 0 0	1--001 0 0
11768	22.457	22.457	( 0 )	011111100110 0 0	1101110111 0 0	1--001 0 0
16273	22.457	22.457	( 0 )	011111100110 0 0	1101110111 0 0	1--001 0 0
13596	22.457	22.457	( 0 )	011111100110 0 0	1101110111 0 0	1--001 0 0
17297	22.457	22.457	( 0 )	011111100110 0 0	1101110111 0 0	1--001 0 0
13604	22.457	22.457	( 0 )	011111100110 0 0	1101110111 0 0	1--001 0 0
17323	22.457	22.457	( 0 )	011111100110 0 0	1101110111 0 0	1--001 0 0
11760	22.457	22.457	( 0 )	011111100110 0 0	1101110111 0 0	1--001 0 0
996	22.457	22.457	( 0 )	011111100110 0 0	1101110111 0 0	1--001 0 0
13580	22.457	22.457	( 0 )	011111100110 0 0	1101110111 0 0	1--001 0 0
872	22.457	22.457	( 0 )	011111100110 0 0	1101110111 0 0	1--001 0 0
2967	22.457	22.457	( 0 )	011111100110 0 0	1101110111 0 0	1--001 0 0
13628	22.457	22.457	( 0 )	011111100110 0 0	1101110111 0 0	1--001 0 0
17311	22.457	22.457	( 0 )	011111100110 0 0	1101110111 0 0	1--001 0 0
938	22.457	22.457	( 0 )	011111100110 0 0	1101110111 0 0	1--001 0 0
856	22.457	22.457	( 0 )	011111100110 0 0	1101110111 0 0	1--001 0 0
13661	22.457	22.457	( 0 )	011111100110 0 0	1101110111 0 0	1--001 0 0
17303	22.457	22.457	( 0 )	011111100110 0 0	1101110111 0 0	1--001 0 0
17354	22.457	22.457	( 0 )	011111100110 0 0	1101110111 0 0	1--001 0 0
2905	22.457	22.457	( 0 )	011111100110 0 0	1101110111 0 0	1--001 0 0
13662	22.457	22.457	( 0 )	011111100110 0 0	1101110111 0 0	1--001 0 0
2912	22.457	22.457	( 0 )	011111100110 0 0	1101110111 0 0	1--001 0 0
2953	22.457	22.457	( 0 )	011111100110 0 0	1101110111 0 0	1--001 0 0
13593	22.457	22.457	( 0 )	011111100110 0 0	1101110111 0 0	1--001 0 0
13570	22.457	22.457	( 0 )	011111100110 0 0	1101110111 0 0	1--001 0 0
13658	22.457	22.457	( 0 )	011111100110 0 0	1101110111 0 0	1--001 0 0
958	22.457	22.457	( 0 )	011111100110 0 0	1101110111 0 0	1--001 0 0
17406	22.457	22.457	( 0 )	011111100110 0 0	1101110111 0 0	1--001 0 0
941	22.457	22.457	( 0 )	011111100110 0 0	1101110111 0 0	1--001 0 0
11687	22.457	22.457	( 0 )	011111100110 0 0	1101110111 0 0	110001 0 0
17293	22.457	22.457	( 0 )	011111100110 0 0	1101110111 0 0	110001 0 0
13659	22.457	22.457	( 0 )	011111100110 0 0	1101110111 0 0	110001 0 0
2951	22.457	22.457	( 0 )	011111100110 0 0	1101110111 0 0	110001 0 0
11755	22.457	22.457	( 0 )	011111100110 0 0	1101110111 0 0	110001 0 0
16278	22.457	22.457	( 0 )	011111100110 0 0	1101110111 0 0	110001 0 0
879	22.457	22.457	( 0 )	011111100110 0 0	1101110111 0 0	110001 0 0
2923	22.457	22.457	( 0 )	011111100110 0 0	1101110111 0 0	110001 0 0
2919	22.457	22.457	( 0 )	011111100110 0 0	1101110111 0 0	110001 0 0
11772	22.457	22.457	( 0 )	011111100110 0 0	1101110111 0 0	110001 0 0
13656	22.457	22.457	( 0 )	011111100110 0 0	1101110111 0 0	110001 0 0
7380	22.457	22.457	( 0 )	011111100110 0 0	1101110111 0 0	110001 0 0
13588	22.457	22.457	( 0 )	011111100110 0 0	1101110111 0 0	110001 0 0
942	22.457	22.457	( 0 )	011111100110 0 0	1101110111 0 0	110001 0 0
13653	22.457	22.457	( 0 )	011111100110 0 0	1101110111 0 0	110001 0 0
7853	22.457	22.457	( 0 )	011111100110 0 0	1101110111 0 0	110001 0 0
5214	22.457	22.457	( 0 )	011111100110 0 0	1101110111 0 0	110001 0 0
19325	30.869	30.869	( 0 )	011101100110 1 0	1101110111 0 0	110001 0 0
7803	30.869	30.869	( 0 )	011101100110 0 0	1101110111 0 0	110001 0 0
2917	30.869	30.869	( 0 )	011101100110 0 0	1101110111 0 0	110001 0 0
18746	30.869	30.869	( 0 )	011101100110 0 0	1101110111 0 0	110001 0 0
16280	30.869	30.869	( 0 )	011101100110 0 0	1101110111 0 0	110001 0 0
12378	30.869	30.869	( 0 )	011101100110 0 0	1101110111 0 0	110001 0 0
16235	30.869	30.869	( 0 )	011101100110 0 0	1101110111 0 0	110001 0 0
11763	30.869	30.869	( 0 )	011101100110 0 0	1101110111 0 0	110001 0 0
11738	30.869	30.869	( 0 )	011101100110 0 0	1101110111 0 0	110001 0 0
945	30.869	30.869	( 0 )	011101100110 0 0	1101110111 0 0	110001 0 0
11629	30.869	30.869	( 0 )	011101100110 0 0	1101110111 0 0	110001 0 0
16284	30.869	30.869	( 0 )	011101100110 0 0	1101110111 0 0	110001 0 0
11739	30.869	30.869	( 0 )	011101100110 0 0	1101110111 0 0	110001 0 0
17450	30.869	30.869	( 0 )	011101100110 0 0	1101110111 0 0	110001 0 0
13617	30.869	30.869	( 0 )	011101100110 0 0	1101110111 0 0	110001 0 0
780	30.869	30.869	( 0 )	011101100110 0 0	1101110111 0 0	110001 0 0
13629	30.869	30.869	( 0 )	011101100110 0 0	1101110111 0 0	110001 0 0
17358	30.869	30.869	( 0 )	011101100110 0 0	1101110111 0 0	110001 0 0
13630	30.869	30.869	( 0 )	011101100110 0 0	1101110111 0 0	110001 0 0
948	30.869	30.869	( 0 )	011101100110 0 0	1101110111 0 0	110001 0 0
13631	30.869	30.869	( 0 )	011101100110 0 0	1101110111 0 0	110001 0 0
16291	30.869	30.869	( 0 )	011101100110 0 0	1101110111 0 0	110001 0 0
969	30.869	30.869	( 0 )	011101100110 0 0	1101110111 0 0	110001 0 0
11762	30.869	30.869	( 0 )	011101100110 0 0	1101110111 0 0	110001 0 0
849	30.869	30.869	( 0 )	011101100110 0 0	1101110111 0 0	110001 0 0
854	30.869	30.869	( 0 )	011101100110 0 0	1101110111 0 0	110001 0 0
2932	30.869	30.869	( 0 )	011101100110 0 0	1101110111 0 0	110001 0 0
947	30.869	30.869	( 0 )	011101100110 0 0	1101110111 0 0	110001 0 0
2965	30.869	30.869	( 0 )	011101100110 0 0	1101110111 0 0	110001 0 0
2948	30.869	30.869	( 0 )	011101100110 0 0	1101110111 0 0	110001 0 0
13645	30.869	30.869	( 0 )	011101100110 0 0	1101110111 0 0	110001 0 0
13643	30.869	30.869	( 0 )	011101100110 0 0	1101110111 0 0	110001 0 0
11752	30.869	30.869	( 0 )	011101100110 0 0	1101110111 0 0	110001 0 0
11761	30.869	30.869	( 0 )	011101100110 0 0	1101110111 0 0	110001 0 0
2918	30.869	30.869	( 0 )	011101100110 0 0	1101110111 0 0	110001 0 0
2926	30.869	30.869	( 0 )	011101100110 0 0	1101110111 0 0	110001 0 0
13578	30.869	30.869	( 0 )	011101100110 0 0	1101110111 0 0	110001 0 0
878	30.869	30.869	( 0 )	011101100110 0 0	1101110111 0 0	110001 0 0
13586	30.869	30.869	( 0 )	011101100110 0 0	1101110111 0 0	110001 0 0
13594	30.869	30.869	( 0 )	011101100110 0 0	1101110111 0 0	110001 0 0
7136	30.869	30.869	( 0 )	011101100110 0 0	1101110111 0 0	110001 0 0
19248	30.869	30.869	( 0 )	011101100110 0 0	1101110111 0 0	110001 0 0
19308	30.869	30.869	( 0 )	011101100110 0 0	1101110111 0 0	110001 0 0
18763	30.869	30.869	( 0 )	011101100110 0 0	1101110111 0 0	110001 0 0
7778	30.869	30.869	( 0 )	011101100110 0 0	1101110111 0 0	110001 0 0
13610	30.869	30.869	( 0 )	011101100110 0 0	1101110111 0 0	110001 0 0
7135	30.869	30.869	( 0 )	011101100110 0 0	1101110111 0 0	110001 0 0
7818	30.869	30.869	( 0 )	011101100110 0 0	1101110111 0 0	110001 0 0
10368	39.280	39.280	( 0 )	011100100110 1 0	1101110111 0 0	110001 0 0
7823	39.280	39.280	( 0 )	011100100110 0 0	1101110111 0 0	110001 0 0
8016	39.280	39.280	( 0 )	011100100110 0 0	1101110111 0 0	110001 0 0
6978	39.280	39.280	( 0 )	011100100110 0 0	1101110111 0 0	110001 0 0
10365	39.280	39.280	( 0 )	011100100110 0 0	1101110111 0 0	110001 0 0
10423	39.280	39.280	( 0 )	011100100110 0 0	1101110111 0 0	110001 0 0
7920	39.280	39.280	( 0 )	011100100110 0 0	1101110111 0 0	110001 0 0
859	47.692	47.692	( 0 )	011000100110 1 0	1101110111 0 0	110001 0 0
10526	47.692	47.692	( 0 )	011000100110 0 0	1101110111 0 0	110001 0 0
4101	47.692	47.692	( 0 )	011000100110 0 0	1101110111 0 0	110001 0 0
10704	47.692	47.692	( 0 )	011000100110 0 0	1101110111 0 0	110001 0 0
10527	47.692	47.692	( 0 )	011000100110 0 0	1101110111 0 0	110001 0 0
4174	47.692	47.692	( 0 )	011000100110 0 0	1101110111 0 0	110001 0 0
7958	47.692	47.692	( 0 )	011000100110 0 0	1101110111 0 0	110001 0 0
11771	47.692	47.692	( 0 )	011000100110 0 0	1101110111 0 0	110001 0 0
10490	47.692	47.692	( 0 )	011000100110 0 0	1101110111 0 0	110001 0 0
10896	47.692	47.692	( 0 )	011000100110 0 0	1101110111 0 0	110001 0 0
10459	47.692	47.692	( 0 )	011000100110 0 0	1101110111 0 0	110001 0 0
2279	47.692	47.692	( 0 )	011000100110 0 0	1101110111 0 0	110001 0 0
10344	47.692	47.692	( 0 )	011000100110 0 0	1101110111 0 0	110001 0 0
6959	47.692	47.692	( 0 )	011000100110 0 0	1101110111 0 0	110001 0 0
12332	47.692	47.692	( 0 )	011000100110 0 0	1101110111 0 0	110001 0 0
10343	47.692	47.692	( 0 )	011000100110 0 0	1101110111 0 0	110001 0 0
8061	47.692	47.692	( 0 )	011000100110 0 0	1101110111 0 0	110001 0 0
167	47.692	47.692	( 0 )	011000100110 0 0	1101110111 0 0	110001 0 0
10578	47.692	47.692	( 0 )	011000100110 0 0	1101110111 0 0	110001 0 0
10589	56.104	56.104	( 0 )	001000100110 1 0	1101110111 0 0	110001 0 0
#*** LG = 2 likelihood = -643.3715
#marker_number	male_position	female_position	( 0.0 )[	phased data]
1209	0.000	0.000	( 0 )	100111111110 0 0	11111----- 0 0	110011 0 0
12923	0.000	0.000	( 0 )	100111111110 0 0	11111----- 0 0	110011 0 0
8354	0.000	0.000	( 0 )	100111111110 0 0	11111----- 0 0	110011 0 0
1223	0.000	0.000	( 0 )	100111111110 0 0	11111----- 0 0	110011 0 0
12858	0.000	0.000	( 0 )	100111111110 0 0	11111----- 0 0	110011 0 0
17953	0.000	0.000	( 0 )	100111111110 0 0	11111----- 0 0	110011 0 0
8483	0.000	0.000	( 0 )	100111111110 0 0	11111----- 0 0	110011 0 0
20163	0.000	0.000	( 0 )	100111111110 0 0	11111----- 0 0	110011 0 0
4170	4.558	4.558	( 0 )	100111111110 0 0	10111----- 1 0	110011 0 0
12802	4.558	4.558	( 0 )	100111111110 0 0	10111----- 0 0	110011 0 0
12854	4.558	4.558	( 0 )	100111111110 0 0	10111----- 0 0	110011 0 0
12915	4.558	4.558	( 0 )	100111111110 0 0	10111----- 0 0	110011 0 0
1230	4.558	4.558	( 0 )	100111111110 0 0	10111----- 0 0	110011 0 0
12932	4.558	4.558	( 0 )	100111111110 0 0	10111----- 0 0	110011 0 0
12392	4.558	4.558	( 0 )	100111111110 0 0	10111----- 0 0	110011 0 0
4326	4.558	4.558	( 0 )	100111111110 0 0	10111----- 0 0	110011 0 0
2719	4.558	4.558	( 0 )	100111111110 0 0	10111----- 0 0	110011 0 0
1232	4.558	4.558	( 0 )	100111111110 0 0	10111----- 0 0	110011 0 0
1233	4.558	4.558	( 0 )	100111111110 0 0	10111----- 0 0	110011 0 0
18308	4.558	4.558	( 0 )	100111111110 0 0	10111----- 0 0	110011 0 0
18370	4.558	4.558	( 0 )	100111111110 0 0	10111----- 0 0	110011 0 0
3604	4.558	4.558	( 0 )	100111111110 0 0	10111----- 0 0	110011 0 0
1198	4.558	4.558	( 0 )	100111111110 0 0	10111----- 0 0	110011 0 0
12844	4.558	4.558	( 0 )	100111111110 0 0	10111----- 0 0	110011 0 0
12799	4.558	4.558	( 0 )	100111111110 0 0	10111----- 0 0	110011 0 0
1227	4.558	4.558	( 0 )	100111111110 0 0	10111----- 0 0	110011 0 0
843	4.558	4.558	( 0 )	100111111110 0 0	10111----- 0 0	110011 0 0
12882	4.558	4.558	( 0 )	100111111110 0 0	10111----- 0 0	110011 0 0
1218	4.558	4.558	( 0 )	100111111110 0 0	10111----- 0 0	110011 0 0
12925	4.558	4.558	( 0 )	100111111110 0 0	10111----- 0 0	110011 0 0
12958	4.558	4.558	( 0 )	100111111110 0 0	10111----- 0 0	110011 0 0
12800	4.558	4.558	( 0 )	100111111110 0 0	10111----- 0 0	110011 0 0
12938	4.558	4.558	( 0 )	100111111110 0 0	10111----- 0 0	110011 0 0
12878	4.558	4.558	( 0 )	100111111110 0 0	10111----- 0 0	110011 0 0
12929	4.558	4.558	( 0 )	100111111110 0 0	10111----- 0 0	110011 0 0
17972	4.558	4.558	( 0 )	100111111110 0 0	10111----- 0 0	110011 0 0
12888	4.558	4.558	( 0 )	100111111110 0 0	10111----- 0 0	110011 0 0
12894	4.558	4.558	( 0 )	100111111110 0 0	10111----- 0 0	110011 0 0
1208	4.558	4.558	( 0 )	100111111110 0 0	10111----- 0 0	110011 0 0
20384	4.558	4.558	( 0 )	100111111110 0 0	10111----- 0 0	110011 0 0
18360	4.558	4.558	( 0 )	100111111110 0 0	10111----- 0 0	110011 0 0
1200	4.558	4.558	( 0 )	100111111110 0 0	10111----- 0 0	110011 0 0
18363	4.558	4.558	( 0 )	100111111110 0 0	10111----- 0 0	110011 0 0
17824	4.558	4.558	( 0 )	100111111110 0 0	10111----- 0 0	110011 0 0
13137	4.558	4.558	( 0 )	100111111110 0 0	10111----- 0 0	110011 0 0
12875	4.558	4.558	( 0 )	100111111110 0 0	10111----- 0 0	110011 0 0
12901	4.558	4.558	( 0 )	100111111110 0 0	10111----- 0 0	110011 0 0
10178	4.558	4.558	( 0 )	100111111110 0 0	10111----- 0 0	110011 0 0
12859	4.558	4.558	( 0 )	100111111110 0 0	10111----- 0 0	110011 0 0
19243	4.558	4.558	( 0 )	100111111110 0 0	10111----- 0 0	110011 0 0
12862	4.558	4.558	( 0 )	100111111110 0 0	10111----- 0 0	110011 0 0
1213	4.558	4.558	( 0 )	100111111110 0 0	10111----- 0 0	110011 0 0
12887	4.558	4.558	( 0 )	100111111110 0 0	10111----- 0 0	110011 0 0
19466	4.558	4.558	( 0 )	100111111110 0 0	10111----- 0 0	110011 0 0
12957	4.558	4.558	( 0 )	100111111110 0 0	10111----- 0 0	110011 0 0
12856	4.558	4.558	( 0 )	100111111110 0 0	10111----- 0 0	110011 0 0
1202	4.558	4.558	( 0 )	100111111110 0 0	10111----- 0 0	110011 0 0
12936	4.558	4.558	( 0 )	100111111110 0 0	10111----- 0 0	110011 0 0
12896	4.558	4.558	( 0 )	100111111110 0 0	10111----- 0 0	110011 0 0
12849	4.558	4.558	( 0 )	100111111110 0 0	10111----- 0 0	110011 0 0
7590	4.558	4.558	( 0 )	100111111110 0 0	10111----- 0 0	110011 0 0
8220	4.558	4.558	( 0 )	100111111110 0 0	10111----- 0 0	110011 0 0
12903	4.558	4.558	( 0 )	100111111110 0 0	10111----- 0 0	110011 0 0
17977	4.558	4.558	( 0 )	100111111110 0 0	10111----- 0 0	110011 0 0
17282	4.558	4.558	( 0 )	100111111110 0 0	10111----- 0 0	110011 0 0
1229	4.558	4.558	( 0 )	100111111110 0 0	10111----- 0 0	110011 0 0
17954	4.558	4.558	( 0 )	100111111110 0 0	10111----- 0 0	110011 0 0
1234	9.116	9.116	( 0 )	10-111111110 1 0	10111----- 0 0	110011 0 0
18263	9.116	9.116	( 0 )	10-111111110 0 0	10111----- 0 0	110011 0 0
1939	9.116	9.116	( 0 )	10-111111110 0 0	10111----- 0 0	110011 0 0
12861	9.116	9.116	( 0 )	10-111111110 0 0	10111----- 0 0	110011 0 0
12917	9.116	9.116	( 0 )	10-111111110 0 0	10111----- 0 0	110011 0 0
12870	9.116	9.116	( 0 )	10-111111110 0 0	10111----- 0 0	110011 0 0
9176	9.116	9.116	( 0 )	101111111110 0 0	10111----- 0 0	110011 0 0
11545	9.116	9.116	( 0 )	101111111110 0 0	10111----- 0 0	110011 0 0
12193	9.116	9.116	( 0 )	101111111110 0 0	10111----- 0 0	110011 0 0
12874	9.116	9.116	( 0 )	101111111110 0 0	10111----- 0 0	110011 0 0
12953	9.116	9.116	( 0 )	101111111110 0 0	10111----- 0 0	110011 0 0
12907	9.116	9.116	( 0 )	101111111110 0 0	10111----- 0 0	110011 0 0
12851	9.116	9.116	( 0 )	101111111110 0 0	10111----- 0 0	110011 0 0
1222	9.116	9.116	( 0 )	101111111110 0 0	10111----- 0 0	110011 0 0
12911	9.116	9.116	( 0 )	101111111110 0 0	10111----- 0 0	110011 0 0
864	9.116	9.116	( 0 )	101111111110 0 0	10111----- 0 0	110011 0 0
15015	9.116	9.116	( 0 )	101111111110 0 0	10111----- 0 0	110011 0 0
12865	23.106	23.106	( 0 )	--1-11111110 3 0	10111----- 0 0	110011 0 0
12872	23.106	23.106	( 0 )	--1-11111110 0 0	10111----- 0 0	110011 0 0
1210	23.106	23.106	( 0 )	--1-11111110 0 0	10111----- 0 0	110011 0 0
12871	23.106	23.106	( 0 )	--1-11111110 0 0	10111----- 0 0	110011 0 0
12909	23.106	23.106	( 0 )	--1-11111110 0 0	10111----- 0 0	110011 0 0
12846	23.106	23.106	( 0 )	--1-11111110 0 0	10111----- 0 0	110011 0 0
1216	23.106	23.106	( 0 )	--1-11111110 0 0	10111----- 0 0	110011 0 0
12933	23.106	23.106	( 0 )	--1-11111110 0 0	10111----- 0 0	110011 0 0
12927	23.106	23.106	( 0 )	--1-11111110 0 0	10111----- 0 0	110011 0 0
12928	23.106	23.106	( 0 )	--1-11111110 0 0	10111----- 0 0	110011 0 0
1225	23.106	23.106	( 0 )	--1-11111110 0 0	10111----- 0 0	110011 0 0
12489	23.106	23.106	( 0 )	--1-11111110 0 0	10111----- 0 0	110011 0 0
18343	23.106	23.106	( 0 )	011011111110 0 0	10111----- 0 0	110011 0 0
1201	32.300	32.300	( 0 )	0110--111110 2 0	10111----- 0 0	110011 0 0
1203	32.300	32.300	( 0 )	0110--111110 0 0	10111----- 0 0	110011 0 0
12910	32.300	32.300	( 0 )	011000111110 0 0	10111----- 0 0	110011 0 0
18311	32.300	32.300	( 0 )	011000111110 0 0	10111----- 0 0	110011 0 0
1199	32.300	32.300	( 0 )	011000111110 0 0	10111----- 0 0	110011 0 0
12848	32.300	32.300	( 0 )	011000111110 0 0	10111----- 0 0	110011 0 0
15481	32.300	32.300	( 0 )	011000111110 0 0	10111----- 0 0	110011 0 0
12803	32.300	32.300	( 0 )	011000111110 0 0	10111----- 0 0	110011 0 0
4103	32.300	32.300	( 0 )	011000111110 0 0	10111----- 0 0	110011 0 0
12890	32.300	32.300	( 0 )	011000111110 0 0	10111----- 0 0	110011 0 0
12918	32.300	32.300	( 0 )	011000111110 0 0	10111----- 0 0	110011 0 0
6273	32.300	32.300	( 0 )	011000111110 0 0	10111----- 0 0	110011 0 0
12855	32.300	32.300	( 0 )	011000111110 0 0	10111----- 0 0	110011 0 0
12900	32.300	32.300	( 0 )	011000111110 0 0	10111----- 0 0	110011 0 0
12897	32.300	32.300	( 0 )	011000111110 0 0	10111----- 0 0	110011 0 0
12919	32.300	32.300	( 0 )	011000111110 0 0	10111----- 0 0	110011 0 0
12908	32.300	32.300	( 0 )	011000111110 0 0	10111----- 0 0	110011 0 0
8504	32.300	32.300	( 0 )	011000111110 0 0	10111----- 0 0	110011 0 0
10426	32.300	32.300	( 0 )	011000111110 0 0	10111----- 0 0	110011 0 0
19675	32.300	32.300	( 0 )	011000111110 0 0	10111----- 0 0	110011 0 0
18325	32.300	32.300	( 0 )	011000111110 0 0	10111----- 0 0	110011 0 0
12879	32.300	32.300	( 0 )	011000111110 0 0	10111----- 0 0	110011 0 0
1211	32.300	32.300	( 0 )	011000111110 0 0	10111----- 0 0	110011 0 0
1228	32.300	32.300	( 0 )	011000111110 0 0	10111----- 0 0	110011 0 0
12857	32.300	32.300	( 0 )	011000111110 0 0	10111----- 0 0	110011 0 0
12798	32.300	32.300	( 0 )	011000111110 0 0	10111----- 0 0	110011 0 0
12886	32.300	32.300	( 0 )	011000111110 0 0	10111----- 0 0	110011 0 0
4572	32.300	32.300	( 0 )	011000111110 0 0	10111----- 0 0	110011 0 0
16907	32.300	32.300	( 0 )	011000111110 0 0	10111----- 0 0	110011 0 0
3591	32.300	32.300	( 0 )	011000111110 0 0	10111----- 0 0	110011 0 0
12906	32.300	32.300	( 0 )	011000111110 0 0	10111----- 0 0	110011 0 0
1221	32.300	32.300	( 0 )	011000111110 0 0	10111----- 0 0	110011 0 0
12904	32.300	32.300	( 0 )	011000111110 0 0	10111----- 0 0	110011 0 0
12934	32.300	32.300	( 0 )	011000111110 0 0	10111----- 0 0	110011 0 0
12873	32.300	32.300	( 0 )	011000111110 0 0	10111----- 0 0	110011 0 0
12883	32.300	32.300	( 0 )	011000111110 0 0	10111----- 0 0	110011 0 0
17590	32.300	32.300	( 0 )	011000111110 0 0	10111----- 0 0	110011 0 0
12956	32.300	32.300	( 0 )	011000111110 0 0	10111----- 0 0	110011 0 0
1212	32.300	32.300	( 0 )	011000111110 0 0	10111----- 0 0	110011 0 0
1219	32.300	32.300	( 0 )	011000111110 0 0	10111----- 0 0	110011 0 0
1226	32.300	32.300	( 0 )	011000111110 0 0	10111----- 0 0	110011 0 0
5286	32.300	32.300	( 0 )	011000111110 0 0	10111----- 0 0	110011 0 0
19105	32.300	32.300	( 0 )	011000111110 0 0	10111----- 0 0	110011 0 0
12899	32.300	32.300	( 0 )	011000111110 0 0	10111----- 0 0	110011 0 0
12954	32.300	32.300	( 0 )	011000111110 0 0	10111----- 0 0	110011 0 0
1009	32.300	32.300	( 0 )	011000111110 0 0	10111----- 0 0	110011 0 0
12916	32.300	32.300	( 0 )	011000111110 0 0	10111----- 0 0	110011 0 0
12847	32.300	32.300	( 0 )	011000111110 0 0	10111----- 0 0	110011 0 0
1220	32.300	32.300	( 0 )	011000111110 0 0	10111----- 0 0	110011 0 0
12876	32.300	32.300	( 0 )	011000111110 0 0	10111----- 0 0	110011 0 0
12801	32.300	32.300	( 0 )	011000111110 0 0	10111----- 0 0	110011 0 0
12902	32.300	32.300	( 0 )	011000111110 0 0	10111----- 0 0	110011 0 0
12921	32.300	32.300	( 0 )	011000111110 0 0	10111----- 0 0	110011 0 0
12853	32.300	32.300	( 0 )	011000111110 0 0	10111----- 0 0	110011 0 0
12863	32.300	32.300	( 0 )	011000111110 0 0	10111----- 0 0	110011 0 0
12869	32.300	32.300	( 0 )	011000111110 0 0	10111----- 0 0	110011 0 0
8351	32.300	32.300	( 0 )	011000111110 0 0	10111----- 0 0	110011 0 0
12868	32.300	32.300	( 0 )	011000111110 0 0	10111----- 0 0	110011 0 0
18302	32.300	32.300	( 0 )	011000111110 0 0	10111----- 0 0	110011 0 0
6849	32.300	32.300	( 0 )	011000111110 0 0	10111----- 0 0	110011 0 0
12885	32.300	32.300	( 0 )	011000111110 0 0	10111----- 0 0	110011 0 0
18365	32.300	32.300	( 0 )	011000111110 0 0	10111----- 0 0	110011 0 0
10403	32.300	32.300	( 0 )	011000111110 0 0	10111----- 0 0	110011 0 0
14275	32.300	32.300	( 0 )	011000111110 0 0	10111----- 0 0	110011 0 0
12864	32.300	32.300	( 0 )	011000111110 0 0	10111----- 0 0	110011 0 0
12931	32.300	32.300	( 0 )	011000111110 0 0	10111----- 0 0	110011 0 0
12895	32.300	32.300	( 0 )	011000111110 0 0	10111----- 0 0	110011 0 0
12920	32.300	32.300	( 0 )	011000111110 0 0	10111----- 0 0	110011 0 0
12852	32.300	32.300	( 0 )	011000111110 0 0	10111----- 0 0	110011 0 0
1196	32.300	32.300	( 0 )	011000111110 0 0	10111----- 0 0	110011 0 0
12893	32.300	32.300	( 0 )	011000111110 0 0	10111----- 0 0	110011 0 0
12912	32.300	32.300	( 0 )	011000111110 0 0	10111----- 0 0	110011 0 0
12922	32.300	32.300	( 0 )	011000111110 0 0	10111----- 0 0	110011 0 0
18264	32.300	32.300	( 0 )	011000111110 0 0	10111----- 0 0	110011 0 0
12877	32.300	32.300	( 0 )	011000111110 0 0	10111----- 0 0	110011 0 0
9916	32.300	32.300	( 0 )	011000111110 0 0	10111----- 0 0	110011 0 0
10974	32.300	32.300	( 0 )	011000111110 0 0	10111----- 0 0	110011 0 0
12889	32.300	32.300	( 0 )	011000111110 0 0	10111----- 0 0	110011 0 0
#*** LG = 3 likelihood = -310.8012
#marker_number	male_position	female_position	( 0.0 )[	phased data]
20497	0.000	0.000	( 0 )	110110001101 0 0	0100101111 0 0	---011 0 0
11837	0.000	0.000	( 0 )	110110001101 0 0	0100101111 0 0	---011 0 0
10420	0.000	0.000	( 0 )	110110001101 0 0	0100101111 0 0	---011 0 0
12016	0.000	0.000	( 0 )	110110001101 0 0	0100101111 0 0	---011 0 0
20506	0.000	0.000	( 0 )	110110001101 0 0	0100101111 0 0	---011 0 0
11945	0.000	0.000	( 0 )	110110001101 0 0	0100101111 0 0	---011 0 0
10434	0.000	0.000	( 0 )	110110001101 0 0	0100101111 0 0	---011 0 0
11843	0.000	0.000	( 0 )	110110001101 0 0	0100101111 0 0	---011 0 0
13152	0.000	0.000	( 0 )	110110001101 0 0	0100101111 0 0	---011 0 0
11796	0.000	0.000	( 0 )	110110001101 0 0	0100101111 0 0	---011 0 0
20495	0.000	0.000	( 0 )	110110001101 0 0	0100101111 0 0	---011 0 0
11882	0.000	0.000	( 0 )	110110001101 0 0	0100101111 0 0	---011 0 0
20496	0.000	0.000	( 0 )	110110001101 0 0	0100101111 0 0	---011 0 0
11795	0.000	0.000	( 0 )	110110001101 0 0	0100101111 0 0	---011 0 0
10399	0.000	0.000	( 0 )	110110001101 0 0	0100101111 0 0	---011 0 0
12042	0.000	0.000	( 0 )	110110001101 0 0	0100101111 0 0	---011 0 0
11817	0.000	0.000	( 0 )	110110001101 0 0	0100101111 0 0	---011 0 0
11935	0.000	0.000	( 0 )	110110001101 0 0	0100101111 0 0	---011 0 0
11799	0.000	0.000	( 0 )	110110001101 0 0	0100101111 0 0	---011 0 0
10391	0.000	0.000	( 0 )	110110001101 0 0	0100101111 0 0	---011 0 0
13114	0.000	0.000	( 0 )	110110001101 0 0	0100101111 0 0	---011 0 0
11827	0.000	0.000	( 0 )	110110001101 0 0	0100101111 0 0	---011 0 0
20486	0.000	0.000	( 0 )	110110001101 0 0	0100101111 0 0	---011 0 0
11937	0.000	0.000	( 0 )	110110001101 0 0	0100101111 0 0	---011 0 0
11871	0.000	0.000	( 0 )	110110001101 0 0	0100101111 0 0	---011 0 0
13109	0.000	0.000	( 0 )	110110001101 0 0	0100101111 0 0	---011 0 0
11804	0.000	0.000	( 0 )	110110001101 0 0	0100101111 0 0	---011 0 0
20509	0.000	0.000	( 0 )	110110001101 0 0	0100101111 0 0	---011 0 0
11891	0.000	0.000	( 0 )	110110001101 0 0	0100101111 0 0	---011 0 0
11810	0.000	0.000	( 0 )	110110001101 0 0	0100101111 0 0	---011 0 0
11921	0.000	0.000	( 0 )	110110001101 0 0	0100101111 0 0	---011 0 0
20508	0.000	0.000	( 0 )	110110001101 0 0	0100101111 0 0	---011 0 0
11822	0.000	0.000	( 0 )	110110001101 0 0	0100101111 0 0	---011 0 0
13128	0.000	0.000	( 0 )	110110001101 0 0	0100101111 0 0	---011 0 0
10412	0.000	0.000	( 0 )	110110001101 0 0	0100101111 0 0	---011 0 0
11919	0.000	0.000	( 0 )	110110001101 0 0	0100101111 0 0	---011 0 0
11877	0.000	0.000	( 0 )	110110001101 0 0	0100101111 0 0	---011 0 0
20500	0.000	0.000	( 0 )	110110001101 0 0	0100101111 0 0	---011 0 0
13145	0.000	0.000	( 0 )	110110001101 0 0	0100101111 0 0	---011 0 0
20491	0.000	0.000	( 0 )	110110001101 0 0	0100101111 0 0	---011 0 0
20483	0.000	0.000	( 0 )	110110001101 0 0	0100101111 0 0	---011 0 0
11920	0.000	0.000	( 0 )	110110001101 0 0	0100101111 0 0	---011 0 0
20484	0.000	0.000	( 0 )	110110001101 0 0	0100101111 0 0	---011 0 0
12230	0.000	0.000	( 0 )	110110001101 0 0	0100101111 0 0	---011 0 0
11838	0.000	0.000	( 0 )	110110001101 0 0	0100101111 0 0	---011 0 0
11876	0.000	0.000	( 0 )	110110001101 0 0	0100101111 0 0	---011 0 0
11821	0.000	0.000	( 0 )	110110001101 0 0	0100101111 0 0	---011 0 0
12967	0.000	0.000	( 0 )	110110001101 0 0	0100101111 0 0	---011 0 0
11912	0.000	0.000	( 0 )	110110001101 0 0	0100101111 0 0	---011 0 0
11826	0.000	0.000	( 0 )	110110001101 0 0	0100101111 0 0	---011 0 0
11886	0.000	0.000	( 0 )	110110001101 0 0	0100101111 0 0	---011 0 0
20520	0.000	0.000	( 0 )	110110001101 0 0	0100101111 0 0	---011 0 0
10419	0.000	0.000	( 0 )	110110001101 0 0	0100101111 0 0	---011 0 0
3588	0.000	0.000	( 0 )	110110001101 0 0	0100101111 0 0	---011 0 0
20516	0.000	0.000	( 0 )	110110001101 0 0	0100101111 0 0	---011 0 0
20548	0.000	0.000	( 0 )	110110001101 0 0	0100101111 0 0	---011 0 0
11906	0.000	0.000	( 0 )	110110001101 0 0	0100101111 0 0	---011 0 0
20518	0.000	0.000	( 0 )	110110001101 0 0	0100101111 0 0	---011 0 0
11898	0.000	0.000	( 0 )	110110001101 0 0	0100101111 0 0	---011 0 0
10451	0.000	0.000	( 0 )	110110001101 0 0	0100101111 0 0	---011 0 0
11830	0.000	0.000	( 0 )	110110001101 0 0	0100101111 0 0	---011 0 0
11932	0.000	0.000	( 0 )	110110001101 0 0	0100101111 0 0	---011 0 0
11834	0.000	0.000	( 0 )	110110001101 0 0	0100101111 0 0	---011 0 0
12965	0.000	0.000	( 0 )	110110001101 0 0	0100101111 0 0	---011 0 0
13119	0.000	0.000	( 0 )	110110001101 0 0	0100101111 0 0	---011 0 0
11936	0.000	0.000	( 0 )	110110001101 0 0	0100101111 0 0	---011 0 0
5744	0.000	0.000	( 0 )	110110001101 0 0	0100101111 0 0	---011 0 0
3374	0.000	0.000	( 0 )	110110001101 0 0	0100101111 0 0	---011 0 0
13131	0.000	0.000	( 0 )	110110001101 0 0	0100101111 0 0	---011 0 0
11835	0.000	0.000	( 0 )	110110001101 0 0	0100101111 0 0	---011 0 0
11933	0.000	0.000	( 0 )	110110001101 0 0	0100101111 0 0	---011 0 0
12926	0.000	0.000	( 0 )	110110001101 0 0	0100101111 0 0	---011 0 0
11887	0.000	0.000	( 0 )	110110001101 0 0	0100101111 0 0	---011 0 0
11854	0.000	0.000	( 0 )	110110001101 0 0	0100101111 0 0	---011 0 0
11908	0.000	0.000	( 0 )	110110001101 0 0	0100101111 0 0	---011 0 0
11853	0.000	0.000	( 0 )	110110001101 0 0	0100101111 0 0	---011 0 0
11813	0.000	0.000	( 0 )	110110001101 0 0	0100101111 0 0	---011 0 0
11831	0.000	0.000	( 0 )	110110001101 0 0	0100101111 0 0	---011 0 0
11845	0.000	0.000	( 0 )	110110001101 0 0	0100101111 0 0	---011 0 0
11814	0.000	0.000	( 0 )	110110001101 0 0	0100101111 0 0	---011 0 0
13157	0.000	0.000	( 0 )	110110001101 0 0	0100101111 0 0	---011 0 0
13148	0.000	0.000	( 0 )	110110001101 0 0	0100101111 0 0	---011 0 0
10415	0.000	0.000	( 0 )	110110001101 0 0	0100101111 0 0	---011 0 0
12044	0.000	0.000	( 0 )	110110001101 0 0	0100101111 0 0	---011 0 0
20503	0.000	0.000	( 0 )	110110001101 0 0	0100101111 0 0	---011 0 0
11785	0.000	0.000	( 0 )	110110001101 0 0	0100101111 0 0	---011 0 0
19646	0.000	0.000	( 0 )	110110001101 0 0	0100101111 0 0	---011 0 0
11915	0.000	0.000	( 0 )	110110001101 0 0	0100101111 0 0	---011 0 0
11880	0.000	0.000	( 0 )	110110001101 0 0	0100101111 0 0	---011 0 0
20492	0.000	0.000	( 0 )	110110001101 0 0	0100101111 0 0	---011 0 0
11900	0.000	0.000	( 0 )	110110001101 0 0	0100101111 0 0	---011 0 0
13150	0.000	0.000	( 0 )	110110001101 0 0	0100101111 0 0	---011 0 0
2610	0.000	0.000	( 0 )	110110001101 0 0	0100101111 0 0	---011 0 0
11879	0.000	0.000	( 0 )	110110001101 0 0	0100101111 0 0	---011 0 0
20505	0.000	0.000	( 0 )	110110001101 0 0	0100101111 0 0	---011 0 0
5720	0.000	0.000	( 0 )	110110001101 0 0	0100101111 0 0	---011 0 0
11788	0.000	0.000	( 0 )	110110001101 0 0	0100101111 0 0	---011 0 0
11943	0.000	0.000	( 0 )	110110001101 0 0	0100101111 0 0	---011 0 0
11836	0.000	0.000	( 0 )	110110001101 0 0	0100101111 0 0	---011 0 0
13125	0.000	0.000	( 0 )	110110001101 0 0	0100101111 0 0	---011 0 0
3473	0.000	0.000	( 0 )	110110001101 0 0	0100101111 0 0	---011 0 0
11803	0.000	0.000	( 0 )	110110001101 0 0	0100101111 0 0	---011 0 0
11847	0.000	0.000	( 0 )	110110001101 0 0	0100101111 0 0	---011 0 0
20517	0.000	0.000	( 0 )	110110001101 0 0	0100101111 0 0	---011 0 0
13113	0.000	0.000	( 0 )	110110001101 0 0	0100101111 0 0	---011 0 0
3400	0.000	0.000	( 0 )	110110001101 0 0	0100101111 0 0	---011 0 0
11851	0.000	0.000	( 0 )	110110001101 0 0	0100101111 0 0	---011 0 0
11800	0.000	0.000	( 0 )	110110001101 0 0	0100101111 0 0	---011 0 0
11924	0.000	0.000	( 0 )	110110001101 0 0	0100101111 0 0	---011 0 0
11791	0.000	0.000	( 0 )	110110001101 0 0	0100101111 0 0	---011 0 0
11819	4.558	4.558	( 0 )	11011-001101 1 0	0100101111 0 0	---011 0 0
13155	4.558	4.558	( 0 )	11011-001101 0 0	0100101111 0 0	---011 0 0
11857	4.558	4.558	( 0 )	11011-001101 0 0	0100101111 0 0	---011 0 0
11917	4.558	4.558	( 0 )	11011-001101 0 0	0100101111 0 0	---011 0 0
11902	4.558	4.558	( 0 )	11011-001101 0 0	0100101111 0 0	---011 0 0
11824	4.558	4.558	( 0 )	11011-001101 0 0	0100101111 0 0	---011 0 0
12969	4.558	4.558	( 0 )	11011-001101 0 0	0100101111 0 0	---011 0 0
13138	4.558	4.558	( 0 )	11011-001101 0 0	0100101111 0 0	---011 0 0
11829	4.558	4.558	( 0 )	11011-001101 0 0	0100101111 0 0	---011 0 0
11790	4.558	4.558	( 0 )	11011-001101 0 0	0100101111 0 0	---011 0 0
10433	4.558	4.558	( 0 )	11011-001101 0 0	0100101111 0 0	---011 0 0
11883	4.558	4.558	( 0 )	11011-001101 0 0	0100101111 0 0	---011 0 0
20493	4.558	4.558	( 0 )	11011-001101 0 0	0100101111 0 0	---011 0 0
11896	4.558	4.558	( 0 )	11011-001101 0 0	0100101111 0 0	---011 0 0
13102	4.558	4.558	( 0 )	11011-001101 0 0	0100101111 0 0	---011 0 0
11828	4.558	4.558	( 0 )	11011-001101 0 0	0100101111 0 0	---011 0 0
2677	4.558	4.558	( 0 )	11011-001101 0 0	0100101111 0 0	---011 0 0
13147	4.558	4.558	( 0 )	11011-001101 0 0	0100101111 0 0	---011 0 0
10401	4.558	4.558	( 0 )	11011-001101 0 0	0100101111 0 0	---011 0 0
11860	4.558	4.558	( 0 )	11011-001101 0 0	0100101111 0 0	---011 0 0
13132	4.558	4.558	( 0 )	11011-001101 0 0	0100101111 0 0	---011 0 0
11806	4.558	4.558	( 0 )	11011-001101 0 0	0100101111 0 0	---011 0 0
20511	4.558	4.558	( 0 )	11011-001101 0 0	0100101111 0 0	---011 0 0
13110	4.558	4.558	( 0 )	11011-001101 0 0	0100101111 0 0	---011 0 0
11931	4.558	4.558	( 0 )	11011-001101 0 0	0100101111 0 0	---011 0 0
11928	4.558	4.558	( 0 )	11011-001101 0 0	0100101111 0 0	---011 0 0
13158	4.558	4.558	( 0 )	11011-001101 0 0	0100101111 0 0	---011 0 0
2647	4.558	4.558	( 0 )	11011-001101 0 0	0100101111 0 0	---011 0 0
10397	4.558	4.558	( 0 )	11011-001101 0 0	0100101111 0 0	---011 0 0
11792	4.558	4.558	( 0 )	11011-001101 0 0	0100101111 0 0	---011 0 0
11946	4.558	4.558	( 0 )	11011-001101 0 0	0100101111 0 0	---011 0 0
20504	4.558	4.558	( 0 )	11011-001101 0 0	0100101111 0 0	---011 0 0
11890	4.558	4.558	( 0 )	11011-001101 0 0	0100101111 0 0	---011 0 0
11922	4.558	4.558	( 0 )	11011-001101 0 0	0100101111 0 0	---011 0 0
11840	4.558	4.558	( 0 )	11011-001101 0 0	0100101111 0 0	---011 0 0
13117	4.558	4.558	( 0 )	11011-001101 0 0	0100101111 0 0	---011 0 0
11823	4.558	4.558	( 0 )	11011-001101 0 0	0100101111 0 0	---011 0 0
12968	4.558	4.558	( 0 )	11011-001101 0 0	0100101111 0 0	---011 0 0
13140	4.558	4.558	( 0 )	11011-001101 0 0	0100101111 0 0	---011 0 0
13144	4.558	4.558	( 0 )	11011-001101 0 0	0100101111 0 0	---011 0 0
11899	4.558	4.558	( 0 )	11011-001101 0 0	0100101111 0 0	---011 0 0
11786	4.558	4.558	( 0 )	11011-001101 0 0	0100101111 0 0	---011 0 0
11859	4.558	4.558	( 0 )	11011-001101 0 0	0100101111 0 0	---011 0 0
5673	4.558	4.558	( 0 )	11011-001101 0 0	0100101111 0 0	---011 0 0
13123	4.558	4.558	( 0 )	11011-001101 0 0	0100101111 0 0	---011 0 0
11818	4.558	4.558	( 0 )	11011-001101 0 0	0100101111 0 0	---011 0 0
11939	4.558	4.558	( 0 )	11011-001101 0 0	0100101111 0 0	---011 0 0
20512	4.558	4.558	( 0 )	11011-001101 0 0	0100101111 0 0	---011 0 0
11861	4.558	4.558	( 0 )	110111001101 0 0	0100101111 0 0	---011 0 0
11904	4.558	4.558	( 0 )	110111001101 0 0	0100101111 0 0	---011 0 0
20502	4.558	4.558	( 0 )	110111001101 0 0	0100101111 0 0	---011 0 0
11878	4.558	4.558	( 0 )	110111001101 0 0	0100101111 0 0	---011 0 0
13106	4.558	4.558	( 0 )	110111001101 0 0	0100101111 0 0	---011 0 0
13104	4.558	4.558	( 0 )	110111001101 0 0	0100101111 0 0	---011 0 0
13139	4.558	4.558	( 0 )	110111001101 0 0	0100101111 0 0	---011 0 0
11897	4.558	4.558	( 0 )	110111001101 0 0	0100101111 0 0	---011 0 0
11923	4.558	4.558	( 0 )	110111001101 0 0	0100101111 0 0	---011 0 0
11875	4.558	4.558	( 0 )	110111001101 0 0	0100101111 0 0	---011 0 0
11881	4.558	4.558	( 0 )	110111001101 0 0	0100101111 0 0	---011 0 0
11825	4.558	4.558	( 0 )	110111001101 0 0	0100101111 0 0	---011 0 0
11934	4.558	4.558	( 0 )	110111001101 0 0	0100101111 0 0	---011 0 0
11980	4.558	4.558	( 0 )	110111001101 0 0	0100101111 0 0	---011 0 0
11916	4.558	4.558	( 0 )	110111001101 0 0	0100101111 0 0	---011 0 0
11793	4.558	4.558	( 0 )	110111001101 0 0	0100101111 0 0	---011 0 0
13112	4.558	4.558	( 0 )	110111001101 0 0	0100101111 0 0	---011 0 0
13141	4.558	4.558	( 0 )	110111001101 0 0	0100101111 0 0	---011 0 0
13126	4.558	4.558	( 0 )	110111001101 0 0	0100101111 0 0	---011 0 0
11812	4.558	4.558	( 0 )	110111001101 0 0	0100101111 0 0	---011 0 0
20498	4.558	4.558	( 0 )	110111001101 0 0	0100101111 0 0	---011 0 0
3160	4.558	4.558	( 0 )	110111001101 0 0	0100101111 0 0	---011 0 0
11862	4.558	4.558	( 0 )	110111001101 0 0	0100101111 0 0	---011 0 0
11895	4.558	4.558	( 0 )	110111001101 0 0	0100101111 0 0	---011 0 0
20546	4.558	4.558	( 0 )	110111001101 0 0	0100101111 0 0	---011 0 0
13149	4.558	4.558	( 0 )	110111001101 0 0	0100101111 0 0	---011 0 0
2611	4.558	4.558	( 0 )	110111001101 0 0	0100101111 0 0	---011 0 0
11894	9.116	9.116	( 0 )	110111001101 0 0	01-0101111 1 0	---011 0 0
11914	9.116	9.116	( 0 )	110111001101 0 0	01-0101111 0 0	---011 0 0
20547	9.116	9.116	( 0 )	110111001101 0 0	01-0101111 0 0	---011 0 0
11783	9.116	9.116	( 0 )	110111001101 0 0	01-0101111 0 0	---011 0 0
11789	9.116	9.116	( 0 )	110111001101 0 0	01-0101111 0 0	---011 0 0
10408	9.116	9.116	( 0 )	110111001101 0 0	01-0101111 0 0	---011 0 0
13103	18.309	18.309	( 0 )	-101-1001101 2 0	01-0101111 0 0	---011 0 0
11903	18.309	18.309	( 0 )	-101-1001101 0 0	01-0101111 0 0	---011 0 0
20501	18.309	18.309	( 0 )	-101-1001101 0 0	01-0101111 0 0	---011 0 0
11849	18.309	18.309	( 0 )	-101-1001101 0 0	01-0101111 0 0	---011 0 0
13130	18.309	18.309	( 0 )	-101-1001101 0 0	01-0101111 0 0	---011 0 0
11941	18.309	18.309	( 0 )	-101-1001101 0 0	01-0101111 0 0	---011 0 0
13151	18.309	18.309	( 0 )	-101-1001101 0 0	01-0101111 0 0	---011 0 0
11832	18.309	18.309	( 0 )	-101-1001101 0 0	01-0101111 0 0	---011 0 0
11873	18.309	18.309	( 0 )	-101-1001101 0 0	01-0101111 0 0	---011 0 0
11909	18.309	18.309	( 0 )	-101-1001101 0 0	01-0101111 0 0	---011 0 0
11925	18.309	18.309	( 0 )	-101-1001101 0 0	01-0101111 0 0	---011 0 0
11805	18.309	18.309	( 0 )	-101-1001101 0 0	01-0101111 0 0	---011 0 0
11855	18.309	18.309	( 0 )	-101-1001101 0 0	01-0101111 0 0	---011 0 0
11918	18.309	18.309	( 0 )	-101-1001101 0 0	01-0101111 0 0	---011 0 0
11884	18.309	18.309	( 0 )	-101-1001101 0 0	0110101111 0 0	---011 0 0
20499	18.309	18.309	( 0 )	-101-1001101 0 0	0110101111 0 0	---011 0 0
13122	18.309	18.309	( 0 )	-101-1001101 0 0	0110101111 0 0	---011 0 0
20515	18.309	18.309	( 0 )	-101-1001101 0 0	0110101111 0 0	---011 0 0
20488	18.309	18.309	( 0 )	-101-1001101 0 0	0110101111 0 0	---011 0 0
20490	18.309	18.309	( 0 )	-101-1001101 0 0	0110101111 0 0	---011 0 0
11938	18.309	18.309	( 0 )	-101-1001101 0 0	0110101111 0 0	---011 0 0
13146	18.309	18.309	( 0 )	-101-1001101 0 0	0110101111 0 0	---011 0 0
11870	18.309	18.309	( 0 )	-101-1001101 0 0	0110101111 0 0	---011 0 0
12067	18.309	18.309	( 0 )	-101-1001101 0 0	0110101111 0 0	---011 0 0
11926	18.309	18.309	( 0 )	-101-1001101 0 0	0110101111 0 0	---011 0 0
13111	18.309	18.309	( 0 )	-101-1001101 0 0	0110101111 0 0	---011 0 0
11784	18.309	18.309	( 0 )	-101-1001101 0 0	0110101111 0 0	---011 0 0
968	18.309	18.309	( 0 )	-101-1001101 0 0	0110101111 0 0	---011 0 0
11944	18.309	18.309	( 0 )	-101-1001101 0 0	0110101111 0 0	---011 0 0
12144	18.309	18.309	( 0 )	-101-1001101 0 0	0110101111 0 0	---011 0 0
11927	18.309	18.309	( 0 )	-101-1001101 0 0	0110101111 0 0	---011 0 0
10398	18.309	18.309	( 0 )	010101001101 0 0	0110101111 0 0	---011 0 0
11802	18.309	18.309	( 0 )	010101001101 0 0	0110101111 0 0	---011 0 0
11846	18.309	18.309	( 0 )	010101001101 0 0	0110101111 0 0	---011 0 0
12892	18.309	18.309	( 0 )	010101001101 0 0	0110101111 0 0	---011 0 0
11797	18.309	18.309	( 0 )	010101001101 0 0	0110101111 0 0	---011 0 0
#*** LG = 4 likelihood = -117.3474
#marker_number	male_position	female_position	( 0.0 )[	phased data]
16583	0.000	0.000	( 0 )	111010111111 0 0	-----00111 0 0	111101 0 0
11017	0.000	0.000	( 0 )	111010111111 0 0	-----00111 0 0	111101 0 0
19117	17.329	17.329	( 0 )	100110111111 3 0	-----00111 0 0	111101 0 0
20514	17.329	17.329	( 0 )	100110111111 0 0	-----00111 0 0	111101 0 0
13429	17.329	17.329	( 0 )	100110111111 0 0	-----00111 0 0	111101 0 0
13514	17.329	17.329	( 0 )	100110111111 0 0	-----00111 0 0	111101 0 0
6866	17.329	17.329	( 0 )	100110111111 0 0	-----00111 0 0	111101 0 0
7098	17.329	17.329	( 0 )	100110111111 0 0	-----00111 0 0	111101 0 0
19292	17.329	17.329	( 0 )	100110111111 0 0	-----00111 0 0	111101 0 0
5353	34.657	34.657	( 0 )	-001--111111 3 0	-----00111 0 0	111101 0 0
13608	34.657	34.657	( 0 )	-001--111111 0 0	-----00111 0 0	111101 0 0
13603	34.657	34.657	( 0 )	-001--111111 0 0	-----00111 0 0	111101 0 0
7777	34.657	34.657	( 0 )	000101111111 0 0	-----00111 0 0	111101 0 0
4528	34.657	34.657	( 0 )	000101111111 0 0	-----00111 0 0	111101 0 0
13644	34.657	34.657	( 0 )	000101111111 0 0	-----00111 0 0	111101 0 0
#*** LG = 5 likelihood = -69.5124
#marker_number	male_position	female_position	( 0.0 )[	phased data]
16806	0.000	0.000	( 0 )	010000001001 0 0	-----11011 0 0	---001 0 0
1132	0.000	0.000	( 0 )	010000001001 0 0	-----11011 0 0	---001 0 0
15750	0.000	0.000	( 0 )	010000001001 0 0	-----11011 0 0	---001 0 0
20519	0.000	0.000	( 0 )	010000001001 0 0	-----11011 0 0	---001 0 0
20165	0.000	0.000	( 0 )	010000001001 0 0	-----11011 0 0	---001 0 0
13335	0.000	0.000	( 0 )	010000001001 0 0	-----11011 0 0	---001 0 0
18801	0.000	0.000	( 0 )	010000001001 0 0	-----11011 0 0	---001 0 0
1552	0.000	0.000	( 0 )	010000001001 0 0	-----11011 0 0	---001 0 0
174	0.000	0.000	( 0 )	010000001001 0 0	-----11011 0 0	---001 0 0
13614	0.000	0.000	( 0 )	010000001001 0 0	-----11011 0 0	---001 0 0
4317	0.000	0.000	( 0 )	010000001001 0 0	-----11011 0 0	---001 0 0
7206	0.000	0.000	( 0 )	010000001001 0 0	-----11011 0 0	---001 0 0
13624	0.000	0.000	( 0 )	010000001001 0 0	-----11011 0 0	---001 0 0
8622	0.000	0.000	( 0 )	010000001001 0 0	-----11011 0 0	---001 0 0
16894	0.000	0.000	( 0 )	010000001001 0 0	-----11011 0 0	---001 0 0
7213	0.000	0.000	( 0 )	010000001001 0 0	-----11011 0 0	---001 0 0
13517	0.000	0.000	( 0 )	010000001001 0 0	-----11011 0 0	---001 0 0
259	0.000	0.000	( 0 )	010000001001 0 0	-----11011 0 0	---001 0 0
#*** LG = 6 likelihood = -153.1965
#marker_number	male_position	female_position	( 0.0 )[	phased data]
1384	0.000	0.000	( 0 )	010001100010 0 0	11110----- 0 0	001--- 0 0
20477	8.412	8.412	( 0 )	011001100010 1 0	11110----- 0 0	001--- 0 0
20373	8.412	8.412	( 0 )	011001100010 0 0	11110----- 0 0	001--- 0 0
20313	8.412	8.412	( 0 )	011001100010 0 0	11110----- 0 0	001--- 0 0
6918	8.412	8.412	( 0 )	011001100010 0 0	11110----- 0 0	001--- 0 0
20453	8.412	8.412	( 0 )	011001100010 0 0	11110----- 0 0	001--- 0 0
20028	25.740	25.740	( 0 )	-11101100010 2 0	11110----- 0 0	001--- 0 0
20377	34.152	34.152	( 0 )	-111-1100010 1 0	11110----- 0 0	001--- 0 0
20042	34.152	34.152	( 0 )	111111100010 0 0	11110----- 0 0	001--- 0 0
5200	34.152	34.152	( 0 )	111111100010 0 0	11110----- 0 0	001--- 0 0
20383	34.152	34.152	( 0 )	111111100010 0 0	11110----- 0 0	001--- 0 0
20472	34.152	34.152	( 0 )	111111100010 0 0	11110----- 0 0	001--- 0 0
20063	34.152	34.152	( 0 )	111111100010 0 0	11110----- 0 0	001--- 0 0
20043	34.152	34.152	( 0 )	111111100010 0 0	11110----- 0 0	001--- 0 0
#*** LG = 7 likelihood = -20.0301
#marker_number	male_position	female_position	( 0.0 )[	phased data]
4542	0.000	0.000	( 0 )	------------ 0 0	01111----- 0 0	100-11 0 0
12905	0.000	0.000	( 0 )	------------ 0 0	01111----- 0 0	100-11 0 0
13016	0.000	0.000	( 0 )	------------ 0 0	01111----- 0 0	100-11 0 0
8525	6.283	6.283	( 0 )	------------ 0 0	01111----- 0 0	1-0-11 1 0
7162	6.283	6.283	( 0 )	------------ 0 0	01111----- 0 0	1-0-11 0 0
13731	6.283	6.283	( 0 )	------------ 0 0	01111----- 0 0	110-11 0 0
7702	6.283	6.283	( 0 )	------------ 0 0	01111----- 0 0	110-11 0 0
#*** LG = 8 likelihood = -15.4494
#marker_number	male_position	female_position	( 0.0 )[	phased data]
12511	0.000	0.000	( 0 )	001111010001 0 0	00111----- 0 0	010--- 0 0
18932	0.000	0.000	( 0 )	001111010001 0 0	00111----- 0 0	010--- 0 0
8844	0.000	0.000	( 0 )	001111010001 0 0	00111----- 0 0	010--- 0 0
5228	0.000	0.000	( 0 )	001111010001 0 0	00111----- 0 0	010--- 0 0
12479	0.000	0.000	( 0 )	001111010001 0 0	00111----- 0 0	010--- 0 0
