MARKER	CHR	MALE_POS	FEMALE_POS	P1xP2	P1xP2	P1xP2	P1xP2	P1xP2	P1xP2	P1xP2	P1xP2	P3xP4	P3xP4	P3xP4	P3xP4	P3xP4	P3xP4	P3xP4	P5xP6	P5xP6	P5xP6	P5xP6	P5xP6
MARKER	CHR	MALE_POS	FEMALE_POS	P1	P2	C1	C2	C3	C4	C5	C6	P3	P4	C7	C8	C9	C10	C11	P5	P6	C12	C13	C14
MARKER	CHR	MALE_POS	FEMALE_POS	0	0	P1	P1	P1	P1	P1	P1	0	0	P3	P3	P3	P3	P3	0	0	P5	P5	P5
MARKER	CHR	MALE_POS	FEMALE_POS	0	0	P2	P2	P2	P2	P2	P2	0	0	P4	P4	P4	P4	P4	0	0	P6	P6	P6
MARKER	CHR	MALE_POS	FEMALE_POS	1	2	0	0	0	0	0	0	1	2	0	0	0	0	0	1	2	0	0	0
MARKER	CHR	MALE_POS	FEMALE_POS	0	0	0	0	0	0	0	0	0	0	0	0	0	0	0	0	0	0	0	0
10493	0	0.000	0.000	1 2	1 2	2 2	2 1	2 1	1 2	2 2	2 1	1 2	1 2	2 2	2 1	1 2	2 2	2 2	1 2	1 2	2 1	1 1	2 2
11471	0	0.000	0.000	1 2	1 2	2 2	2 1	2 1	1 2	2 2	2 1	1 2	1 2	2 2	2 1	1 2	2 2	2 2	1 2	1 2	2 1	1 1	2 2
861	0	0.000	0.000	1 2	1 2	2 2	2 1	2 1	1 2	2 2	2 1	1 2	1 2	2 2	2 1	1 2	2 2	2 2	1 2	1 2	2 1	1 1	2 2
13669	0	0.000	0.000	1 2	1 2	2 2	2 1	2 1	1 2	2 2	2 1	1 2	1 2	2 2	2 1	1 2	2 2	2 2	1 2	1 2	2 1	1 1	2 2
11675	0	0.000	0.000	1 2	1 2	2 2	2 1	2 1	1 2	2 2	2 1	1 2	1 2	2 2	2 1	1 2	2 2	2 2	1 2	1 2	2 1	1 1	2 2
2962	0	0.000	0.000	1 2	1 2	2 2	2 1	2 1	1 2	2 2	2 1	1 2	1 2	2 2	2 1	1 2	2 2	2 2	1 2	1 2	2 1	1 1	2 2
13663	0	0.000	0.000	1 2	1 2	2 2	2 1	2 1	1 2	2 2	2 1	1 2	1 2	2 2	2 1	1 2	2 2	2 2	1 2	1 2	2 1	1 1	2 2
857	0	0.000	0.000	1 2	1 2	2 2	2 1	2 1	1 2	2 2	2 1	1 2	1 2	2 2	2 1	1 2	2 2	2 2	1 2	1 2	2 1	1 1	2 2
2952	0	0.000	0.000	1 2	1 2	2 2	2 1	2 1	1 2	2 2	2 1	1 2	1 2	2 2	2 1	1 2	2 2	2 2	1 2	1 2	2 1	1 1	2 2
971	0	0.000	0.000	1 2	1 2	2 2	2 1	2 1	1 2	2 2	2 1	1 2	1 2	2 2	2 1	1 2	2 2	2 2	1 2	1 2	2 1	1 1	2 2
11758	0	0.000	0.000	1 2	1 2	2 2	2 1	2 1	1 2	2 2	2 1	1 2	1 2	2 2	2 1	1 2	2 2	2 2	1 2	1 2	2 1	1 1	2 2
939	0	0.000	0.000	1 2	1 2	2 2	2 1	2 1	1 2	2 2	2 1	1 2	1 2	2 2	2 1	1 2	2 2	2 2	1 2	1 2	2 1	1 1	2 2
3096	0	0.000	0.000	1 2	1 2	2 2	2 1	2 1	1 2	2 2	2 1	1 2	1 2	2 2	2 1	1 2	2 2	2 2	1 2	1 2	2 1	1 1	2 2
930	0	0.000	0.000	1 2	1 2	2 2	2 1	2 1	1 2	2 2	2 1	1 2	1 2	2 2	2 1	1 2	2 2	2 2	1 2	1 2	2 1	1 1	2 2
2911	0	0.000	0.000	1 2	1 2	2 2	2 1	2 1	1 2	2 2	2 1	1 2	1 2	2 2	2 1	1 2	2 2	2 2	1 2	1 2	2 1	1 1	2 2
769	0	0.000	0.000	1 2	1 2	2 2	2 1	2 1	1 2	2 2	2 1	1 2	1 2	2 2	2 1	1 2	2 2	2 2	1 2	1 2	2 1	1 1	2 2
13647	0	0.000	0.000	1 2	1 2	2 2	2 1	2 1	1 2	2 2	2 1	1 2	1 2	2 2	2 1	1 2	2 2	2 2	1 2	1 2	2 1	1 1	2 2
17383	0	0.000	0.000	1 2	1 2	2 2	2 1	2 1	1 2	2 2	2 1	1 2	1 2	2 2	2 1	1 2	2 2	2 2	1 2	1 2	2 1	1 1	2 2
13618	0	0.000	0.000	1 2	1 2	2 2	2 1	2 1	1 2	2 2	2 1	1 2	1 2	2 2	2 1	1 2	2 2	2 2	1 2	1 2	2 1	1 1	2 2
877	0	0.000	0.000	1 2	1 2	2 2	2 1	2 1	1 2	2 2	2 1	1 2	1 2	2 2	2 1	1 2	2 2	2 2	1 2	1 2	2 1	1 1	2 2
13607	0	0.000	0.000	1 2	1 2	2 2	2 1	2 1	1 2	2 2	2 1	1 2	1 2	2 2	2 1	1 2	2 2	2 2	1 2	1 2	2 1	1 1	2 2
13638	0	0.000	0.000	1 2	1 2	2 2	2 1	2 1	1 2	2 2	2 1	1 2	1 2	2 2	2 1	1 2	2 2	2 2	1 2	1 2	2 1	1 1	2 2
853	0	0.000	0.000	1 2	1 2	2 2	2 1	2 1	1 2	2 2	2 1	1 2	1 2	2 2	2 1	1 2	2 2	2 2	1 2	1 2	2 1	1 1	2 2
992	0	0.000	0.000	1 2	1 2	2 2	2 1	2 1	1 2	2 2	2 1	1 2	1 2	2 2	2 1	1 2	2 2	2 2	1 2	1 2	2 1	1 1	2 2
17295	0	0.000	0.000	1 2	1 2	2 2	2 1	2 1	1 2	2 2	2 1	1 2	1 2	2 2	2 1	1 2	2 2	2 2	1 2	1 2	2 1	1 1	2 2
2903	0	0.000	0.000	1 2	1 2	2 2	2 1	2 1	1 2	2 2	2 1	1 2	1 2	2 2	2 1	1 2	2 2	2 2	1 2	1 2	2 1	1 1	2 2
13573	0	0.000	0.000	1 2	1 2	2 2	2 1	2 1	1 2	2 2	2 1	1 2	1 2	2 2	2 1	1 2	2 2	2 2	1 2	1 2	2 1	1 1	2 2
11757	0	0.000	0.000	1 2	1 2	2 2	2 1	2 1	1 2	2 2	2 1	1 2	1 2	2 2	2 1	1 2	2 2	2 2	1 2	1 2	2 1	1 1	2 2
770	0	0.000	0.000	1 2	1 2	2 2	2 1	2 1	1 2	2 2	2 1	1 2	1 2	2 2	2 1	1 2	2 2	2 2	1 2	1 2	2 1	1 1	2 2
2902	0	0.000	0.000	1 2	1 2	2 2	2 1	2 1	1 2	2 2	2 1	1 2	1 2	2 2	2 1	1 2	2 2	2 2	1 2	1 2	2 1	1 1	2 2
11765	0	0.000	0.000	1 2	1 2	2 2	2 1	2 1	1 2	2 2	2 1	1 2	1 2	2 2	2 1	1 2	2 2	2 2	1 2	1 2	2 1	1 1	2 2
13632	0	0.000	0.000	1 2	1 2	2 2	2 1	2 1	1 2	2 2	2 1	1 2	1 2	2 2	2 1	1 2	2 2	2 2	1 2	1 2	2 1	1 1	2 2
862	0	0.000	0.000	1 2	1 2	2 2	2 1	2 1	1 2	2 2	2 1	1 2	1 2	2 2	2 1	1 2	2 2	2 2	1 2	1 2	2 1	1 1	2 2
13609	0	0.000	0.000	1 2	1 2	2 2	2 1	2 1	1 2	2 2	2 1	1 2	1 2	2 2	2 1	1 2	2 2	2 2	1 2	1 2	2 1	1 1	2 2
16281	0	0.000	0.000	1 2	1 2	2 2	2 1	2 1	1 2	2 2	2 1	1 2	1 2	2 2	2 1	1 2	2 2	2 2	1 2	1 2	2 1	1 1	2 2
13339	0	0.000	0.000	1 2	1 2	2 2	2 1	2 1	1 2	2 2	2 1	1 2	1 2	2 2	2 1	1 2	2 2	2 2	1 2	1 2	2 1	1 1	2 2
2910	0	0.000	0.000	1 2	1 2	2 2	2 1	2 1	1 2	2 2	2 1	1 2	1 2	2 2	2 1	1 2	2 2	2 2	1 2	1 2	2 1	1 1	2 2
13665	0	0.000	0.000	1 2	1 2	2 2	2 1	2 1	1 2	2 2	2 1	1 2	1 2	2 2	2 1	1 2	2 2	2 2	1 2	1 2	2 1	1 1	2 2
768	0	0.000	0.000	1 2	1 2	2 2	2 1	2 1	1 2	2 2	2 1	1 2	1 2	2 2	2 1	1 2	2 2	2 2	1 2	1 2	2 1	1 1	2 2
13577	0	0.000	0.000	1 2	1 2	2 2	2 1	2 1	1 2	2 2	2 1	1 2	1 2	2 2	2 1	1 2	2 2	2 2	1 2	1 2	2 1	1 1	2 2
10462	0	0.000	0.000	1 2	1 2	2 2	2 1	2 1	1 2	2 2	2 1	1 2	1 2	2 2	2 1	1 2	2 2	2 2	1 2	1 2	2 1	1 1	2 2
10659	0	0.000	0.000	1 2	1 2	2 2	2 1	2 1	1 2	2 2	2 1	1 2	1 2	2 2	2 1	1 2	2 2	2 2	1 2	1 2	2 1	1 1	2 2
13641	0	0.000	0.000	1 2	1 2	2 2	2 1	2 1	1 2	2 2	2 1	1 2	1 2	2 2	2 1	1 2	2 2	2 2	1 2	1 2	2 1	1 1	2 2
17339	0	0.000	0.000	1 2	1 2	2 2	2 1	2 1	1 2	2 2	2 1	1 2	1 2	2 2	2 1	1 2	2 2	2 2	1 2	1 2	2 1	1 1	2 2
11740	0	0.000	0.000	1 2	1 2	2 2	2 1	2 1	1 2	2 2	2 1	1 2	1 2	2 2	2 1	1 2	2 2	2 2	1 2	1 2	2 1	1 1	2 2
779	0	0.000	0.000	1 2	1 2	2 2	2 1	2 1	1 2	2 2	2 1	1 2	1 2	2 2	2 1	1 2	2 2	2 2	1 2	1 2	2 1	1 1	2 2
778	0	0.000	0.000	1 2	1 2	2 2	2 1	2 1	1 2	2 2	2 1	1 2	1 2	2 2	2 1	1 2	2 2	2 2	1 2	1 2	2 1	1 1	2 2
2904	0	0.000	0.000	1 2	1 2	2 2	2 1	2 1	1 2	2 2	2 1	1 2	1 2	2 2	2 1	1 2	2 2	2 2	1 2	1 2	2 1	1 1	2 2
13660	0	0.000	0.000	1 2	1 2	2 2	2 1	2 1	1 2	2 2	2 1	1 2	1 2	2 2	2 1	1 2	2 2	2 2	1 2	1 2	2 1	1 1	2 2
13601	0	0.000	0.000	1 2	1 2	2 2	2 1	2 1	1 2	2 2	2 1	1 2	1 2	2 2	2 1	1 2	2 2	2 2	1 2	1 2	2 1	1 1	2 2
3089	0	0.000	0.000	1 2	1 2	2 2	2 1	2 1	1 2	2 2	2 1	1 2	1 2	2 2	2 1	1 2	2 2	2 2	1 2	1 2	2 1	1 1	2 2
2801	0	0.000	0.000	1 2	1 2	2 2	2 1	2 1	1 2	2 2	2 1	1 2	1 2	2 2	2 1	1 2	2 2	2 2	1 2	1 2	2 1	1 1	2 2
2928	0	0.000	0.000	1 2	1 2	2 2	2 1	2 1	1 2	2 2	2 1	1 2	1 2	2 2	2 1	1 2	2 2	2 2	1 2	1 2	2 1	1 1	2 2
17416	0	0.000	0.000	1 2	1 2	2 2	2 1	2 1	1 2	2 2	2 1	1 2	1 2	2 2	2 1	1 2	2 2	2 2	1 2	1 2	2 1	1 1	2 2
17345	0	0.000	0.000	1 2	1 2	2 2	2 1	2 1	1 2	2 2	2 1	1 2	1 2	2 2	2 1	1 2	2 2	2 2	1 2	1 2	2 1	1 1	2 2
17427	0	0.000	0.000	1 2	1 2	2 2	2 1	2 1	1 2	2 2	2 1	1 2	1 2	2 2	2 1	1 2	2 2	2 2	1 2	1 2	2 1	1 1	2 2
2921	0	0.000	0.000	1 2	1 2	2 2	2 1	2 1	1 2	2 2	2 1	1 2	1 2	2 2	2 1	1 2	2 2	2 2	1 2	1 2	2 1	1 1	2 2
846	0	0.000	0.000	1 2	1 2	2 2	2 1	2 1	1 2	2 2	2 1	1 2	1 2	2 2	2 1	1 2	2 2	2 2	1 2	1 2	2 1	1 1	2 2
928	0	0.000	0.000	1 2	1 2	2 2	2 1	2 1	1 2	2 2	2 1	1 2	1 2	2 2	2 1	1 2	2 2	2 2	1 2	1 2	2 1	1 1	2 2
999	0	0.000	0.000	1 2	1 2	2 2	2 1	2 1	1 2	2 2	2 1	1 2	1 2	2 2	2 1	1 2	2 2	2 2	1 2	1 2	2 1	1 1	2 2
949	0	0.000	0.000	1 2	1 2	2 2	2 1	2 1	1 2	2 2	2 1	1 2	1 2	2 2	2 1	1 2	2 2	2 2	1 2	1 2	2 1	1 1	2 2
20437	0	0.000	0.000	1 2	1 2	2 2	2 1	2 1	1 2	2 2	2 1	1 2	1 2	2 2	2 1	1 2	2 2	2 2	1 2	1 2	2 1	1 1	2 2
16595	0	0.000	0.000	1 2	1 2	2 2	2 1	2 1	1 2	2 2	2 1	1 2	1 2	2 2	2 1	1 2	2 2	2 2	1 2	1 2	2 1	1 1	2 2
10514	0	11.300	11.300	1 2	1 2	2 2	2 1	2 1	1 2	2 2	2 1	1 2	1 2	2 2	2 1	1 2	2 2	2 2	1 2	1 2	2 1	0 1	0 2
1001	0	11.300	11.300	1 2	1 2	2 2	2 1	2 1	1 2	2 2	2 1	1 2	1 2	2 2	2 1	1 2	2 2	2 2	1 2	1 2	2 1	0 1	0 2
13576	0	11.300	11.300	1 2	1 2	2 2	2 1	2 1	1 2	2 2	2 1	1 2	1 2	2 2	2 1	1 2	2 2	2 2	1 2	1 2	2 1	0 1	0 2
875	0	11.300	11.300	1 2	1 2	2 2	2 1	2 1	1 2	2 2	2 1	1 2	1 2	2 2	2 1	1 2	2 2	2 2	1 2	1 2	2 1	0 1	0 2
13655	0	11.300	11.300	1 2	1 2	2 2	2 1	2 1	1 2	2 2	2 1	1 2	1 2	2 2	2 1	1 2	2 2	2 2	1 2	1 2	2 1	0 1	0 2
936	0	11.300	11.300	1 2	1 2	2 2	2 1	2 1	1 2	2 2	2 1	1 2	1 2	2 2	2 1	1 2	2 2	2 2	1 2	1 2	2 1	0 1	0 2
11749	0	11.300	11.300	1 2	1 2	2 2	2 1	2 1	1 2	2 2	2 1	1 2	1 2	2 2	2 1	1 2	2 2	2 2	1 2	1 2	2 1	0 1	0 2
852	0	11.300	11.300	1 2	1 2	2 2	2 1	2 1	1 2	2 2	2 1	1 2	1 2	2 2	2 1	1 2	2 2	2 2	1 2	1 2	2 1	0 1	0 2
17223	0	11.300	11.300	1 2	1 2	2 2	2 1	2 1	1 2	2 2	2 1	1 2	1 2	2 2	2 1	1 2	2 2	2 2	1 2	1 2	2 1	0 1	0 2
13337	0	11.300	11.300	1 2	1 2	2 2	2 1	2 1	1 2	2 2	2 1	1 2	1 2	2 2	2 1	1 2	2 2	2 2	1 2	1 2	2 1	0 1	0 2
11750	0	11.300	11.300	1 2	1 2	2 2	2 1	2 1	1 2	2 2	2 1	1 2	1 2	2 2	2 1	1 2	2 2	2 2	1 2	1 2	2 1	0 1	0 2
13666	0	11.300	11.300	1 2	1 2	2 2	2 1	2 1	1 2	2 2	2 1	1 2	1 2	2 2	2 1	1 2	2 2	2 2	1 2	1 2	2 1	0 1	0 2
17315	0	11.300	11.300	1 2	1 2	2 2	2 1	2 1	1 2	2 2	2 1	1 2	1 2	2 2	2 1	1 2	2 2	2 2	1 2	1 2	2 1	0 1	0 2
13623	0	11.300	11.300	1 2	1 2	2 2	2 1	2 1	1 2	2 2	2 1	1 2	1 2	2 2	2 1	1 2	2 2	2 2	1 2	1 2	2 1	0 1	0 2
13584	0	11.300	11.300	1 2	1 2	2 2	2 1	2 1	1 2	2 2	2 1	1 2	1 2	2 2	2 1	1 2	2 2	2 2	1 2	1 2	2 1	0 1	0 2
871	0	11.300	11.300	1 2	1 2	2 2	2 1	2 1	1 2	2 2	2 1	1 2	1 2	2 2	2 1	1 2	2 2	2 2	1 2	1 2	2 1	0 1	0 2
13657	0	11.300	11.300	1 2	1 2	2 2	2 1	2 1	1 2	2 2	2 1	1 2	1 2	2 2	2 1	1 2	2 2	2 2	1 2	1 2	2 1	0 1	0 2
13636	0	11.300	11.300	1 2	1 2	2 2	2 1	2 1	1 2	2 2	2 1	1 2	1 2	2 2	2 1	1 2	2 2	2 2	1 2	1 2	2 1	0 1	0 2
17330	0	11.300	11.300	1 2	1 2	2 2	2 1	2 1	1 2	2 2	2 1	1 2	1 2	2 2	2 1	1 2	2 2	2 2	1 2	1 2	2 1	0 1	0 2
17433	0	11.300	11.300	1 2	1 2	2 2	2 1	2 1	1 2	2 2	2 1	1 2	1 2	2 2	2 1	1 2	2 2	2 2	1 2	1 2	2 1	0 1	0 2
13599	0	11.300	11.300	1 2	1 2	2 2	2 1	2 1	1 2	2 2	2 1	1 2	1 2	2 2	2 1	1 2	2 2	2 2	1 2	1 2	2 1	0 1	0 2
2925	0	11.300	11.300	1 2	1 2	2 2	2 1	2 1	1 2	2 2	2 1	1 2	1 2	2 2	2 1	1 2	2 2	2 2	1 2	1 2	2 1	0 1	0 2
17368	0	11.300	11.300	1 2	1 2	2 2	2 1	2 1	1 2	2 2	2 1	1 2	1 2	2 2	2 1	1 2	2 2	2 2	1 2	1 2	2 1	0 1	0 2
16175	0	11.300	11.300	1 2	1 2	2 2	2 1	2 1	1 2	2 2	2 1	1 2	1 2	2 2	2 1	1 2	2 2	2 2	1 2	1 2	2 1	0 1	0 2
10487	0	11.300	11.300	1 2	1 2	2 2	2 1	2 1	1 2	2 2	2 1	1 2	1 2	2 2	2 1	1 2	2 2	2 2	1 2	1 2	2 1	0 1	0 2
10878	0	11.300	11.300	1 2	1 2	2 2	2 1	2 1	1 2	2 2	2 1	1 2	1 2	2 2	2 1	1 2	2 2	2 2	1 2	1 2	2 1	0 1	0 2
10719	0	11.300	11.300	1 2	1 2	2 2	2 1	2 1	1 2	2 2	2 1	1 2	1 2	2 2	2 1	1 2	2 2	2 2	1 2	1 2	2 1	0 1	0 2
966	0	16.878	16.878	1 2	1 2	2 2	2 1	2 1	2 2	2 2	2 1	1 2	1 2	2 2	2 1	1 2	2 2	2 2	1 2	1 2	2 1	0 1	0 2
19284	0	16.878	16.878	1 2	1 2	2 2	2 1	2 1	2 2	2 2	2 1	1 2	1 2	2 2	2 1	1 2	2 2	2 2	1 2	1 2	2 1	0 1	0 2
7814	0	16.878	16.878	1 2	1 2	2 2	2 1	2 1	2 2	2 2	2 1	1 2	1 2	2 2	2 1	1 2	2 2	2 2	1 2	1 2	2 1	0 1	0 2
7849	0	16.878	16.878	1 2	1 2	2 2	2 1	2 1	2 2	2 2	2 1	1 2	1 2	2 2	2 1	1 2	2 2	2 2	1 2	1 2	2 1	0 1	0 2
7945	0	16.878	16.878	1 2	1 2	2 2	2 1	2 1	2 2	2 2	2 1	1 2	1 2	2 2	2 1	1 2	2 2	2 2	1 2	1 2	2 1	0 1	0 2
2909	0	16.878	16.878	1 2	1 2	2 2	2 1	2 1	2 2	2 2	2 1	1 2	1 2	2 2	2 1	1 2	2 2	2 2	1 2	1 2	2 1	0 1	0 2
13668	0	16.878	16.878	1 2	1 2	2 2	2 1	2 1	2 2	2 2	2 1	1 2	1 2	2 2	2 1	1 2	2 2	2 2	1 2	1 2	2 1	0 1	0 2
13619	0	16.878	16.878	1 2	1 2	2 2	2 1	2 1	2 2	2 2	2 1	1 2	1 2	2 2	2 1	1 2	2 2	2 2	1 2	1 2	2 1	0 1	0 2
11424	0	16.878	16.878	1 2	1 2	2 2	2 1	2 1	2 2	2 2	2 1	1 2	1 2	2 2	2 1	1 2	2 2	2 2	1 2	1 2	2 1	0 1	0 2
2931	0	16.878	16.878	1 2	1 2	2 2	2 1	2 1	2 2	2 2	2 1	1 2	1 2	2 2	2 1	1 2	2 2	2 2	1 2	1 2	2 1	0 1	0 2
352	0	16.878	16.878	1 2	1 2	2 2	2 1	2 1	2 2	2 2	2 1	1 2	1 2	2 2	2 1	1 2	2 2	2 2	1 2	1 2	2 1	0 1	0 2
3091	0	16.878	16.878	1 2	1 2	2 2	2 1	2 1	2 2	2 2	2 1	1 2	1 2	2 2	2 1	1 2	2 2	2 2	1 2	1 2	2 1	0 1	0 2
2856	0	16.878	16.878	1 2	1 2	2 2	2 1	2 1	2 2	2 2	2 1	1 2	1 2	2 2	2 1	1 2	2 2	2 2	1 2	1 2	2 1	0 1	0 2
2963	0	16.878	16.878	1 2	1 2	2 2	2 1	2 1	2 2	2 2	2 1	1 2	1 2	2 2	2 1	1 2	2 2	2 2	1 2	1 2	2 1	0 1	0 2
873	0	16.878	16.878	1 2	1 2	2 2	2 1	2 1	2 2	2 2	2 1	1 2	1 2	2 2	2 1	1 2	2 2	2 2	1 2	1 2	2 1	0 1	0 2
867	0	16.878	16.878	1 2	1 2	2 2	2 1	2 1	2 2	2 2	2 1	1 2	1 2	2 2	2 1	1 2	2 2	2 2	1 2	1 2	2 1	0 1	0 2
860	0	16.878	16.878	1 2	1 2	2 2	2 1	2 1	2 2	2 2	2 1	1 2	1 2	2 2	2 1	1 2	2 2	2 2	1 2	1 2	2 1	0 1	0 2
17563	0	16.878	16.878	1 2	1 2	2 2	2 1	2 1	2 2	2 2	2 1	1 2	1 2	2 2	2 1	1 2	2 2	2 2	1 2	1 2	2 1	0 1	0 2
3101	0	16.878	16.878	1 2	1 2	2 2	2 1	2 1	2 2	2 2	2 1	1 2	1 2	2 2	2 1	1 2	2 2	2 2	1 2	1 2	2 1	0 1	0 2
933	0	16.878	16.878	1 2	1 2	2 2	2 1	2 1	2 2	2 2	2 1	1 2	1 2	2 2	2 1	1 2	2 2	2 2	1 2	1 2	2 1	0 1	0 2
13639	0	16.878	16.878	1 2	1 2	2 2	2 1	2 1	2 2	2 2	2 1	1 2	1 2	2 2	2 1	1 2	2 2	2 2	1 2	1 2	2 1	0 1	0 2
848	0	16.878	16.878	1 2	1 2	2 2	2 1	2 1	2 2	2 2	2 1	1 2	1 2	2 2	2 1	1 2	2 2	2 2	1 2	1 2	2 1	0 1	0 2
16292	0	16.878	16.878	1 2	1 2	2 2	2 1	2 1	2 2	2 2	2 1	1 2	1 2	2 2	2 1	1 2	2 2	2 2	1 2	1 2	2 1	0 1	0 2
13504	0	16.878	16.878	1 2	1 2	2 2	2 1	2 1	2 2	2 2	2 1	1 2	1 2	2 2	2 1	1 2	2 2	2 2	1 2	1 2	2 1	0 1	0 2
11553	0	16.878	16.878	1 2	1 2	2 2	2 1	2 1	2 2	2 2	2 1	1 2	1 2	2 2	2 1	1 2	2 2	2 2	1 2	1 2	2 1	0 1	0 2
7033	0	16.878	16.878	1 2	1 2	2 2	2 1	2 1	2 2	2 2	2 1	1 2	1 2	2 2	2 1	1 2	2 2	2 2	1 2	1 2	2 1	0 1	0 2
17456	0	16.878	16.878	1 2	1 2	2 2	2 1	2 1	2 2	2 2	2 1	1 2	1 2	2 2	2 1	1 2	2 2	2 2	1 2	1 2	2 1	0 1	0 2
17357	0	16.878	16.878	1 2	1 2	2 2	2 1	2 1	2 2	2 2	2 1	1 2	1 2	2 2	2 1	1 2	2 2	2 2	1 2	1 2	2 1	0 1	0 2
11743	0	16.878	16.878	1 2	1 2	2 2	2 1	2 1	2 2	2 2	2 1	1 2	1 2	2 2	2 1	1 2	2 2	2 2	1 2	1 2	2 1	0 1	0 2
13651	0	16.878	16.878	1 2	1 2	2 2	2 1	2 1	2 2	2 2	2 1	1 2	1 2	2 2	2 1	1 2	2 2	2 2	1 2	1 2	2 1	0 1	0 2
19332	0	16.878	16.878	1 2	1 2	2 2	2 1	2 1	2 2	2 2	2 1	1 2	1 2	2 2	2 1	1 2	2 2	2 2	1 2	1 2	2 1	0 1	0 2
20293	0	16.878	16.878	1 2	1 2	2 2	2 1	2 1	2 2	2 2	2 1	1 2	1 2	2 2	2 1	1 2	2 2	2 2	1 2	1 2	2 1	0 1	0 2
7758	0	16.878	16.878	1 2	1 2	2 2	2 1	2 1	2 2	2 2	2 1	1 2	1 2	2 2	2 1	1 2	2 2	2 2	1 2	1 2	2 1	0 1	0 2
13590	0	16.878	16.878	1 2	1 2	2 2	2 1	2 1	2 2	2 2	2 1	1 2	1 2	2 2	2 1	1 2	2 2	2 2	1 2	1 2	2 1	0 1	0 2
6712	0	16.878	16.878	1 2	1 2	2 2	2 1	2 1	2 2	2 2	2 1	1 2	1 2	2 2	2 1	1 2	2 2	2 2	1 2	1 2	2 1	0 1	0 2
7205	0	16.878	16.878	1 2	1 2	2 2	2 1	2 1	2 2	2 2	2 1	1 2	1 2	2 2	2 1	1 2	2 2	2 2	1 2	1 2	2 1	0 1	0 2
7986	0	16.878	16.878	1 2	1 2	2 2	2 1	2 1	2 2	2 2	2 1	1 2	1 2	2 2	2 1	1 2	2 2	2 2	1 2	1 2	2 1	0 1	0 2
13581	0	16.878	16.878	1 2	1 2	2 2	2 1	2 1	2 2	2 2	2 1	1 2	1 2	2 2	2 1	1 2	2 2	2 2	1 2	1 2	2 1	0 1	0 2
1005	0	16.878	16.878	1 2	1 2	2 2	2 1	2 1	2 2	2 2	2 1	1 2	1 2	2 2	2 1	1 2	2 2	2 2	1 2	1 2	2 1	0 1	0 2
13626	0	16.878	16.878	1 2	1 2	2 2	2 1	2 1	2 2	2 2	2 1	1 2	1 2	2 2	2 1	1 2	2 2	2 2	1 2	1 2	2 1	0 1	0 2
13633	0	16.878	16.878	1 2	1 2	2 2	2 1	2 1	2 2	2 2	2 1	1 2	1 2	2 2	2 1	1 2	2 2	2 2	1 2	1 2	2 1	0 1	0 2
13598	0	16.878	16.878	1 2	1 2	2 2	2 1	2 1	2 2	2 2	2 1	1 2	1 2	2 2	2 1	1 2	2 2	2 2	1 2	1 2	2 1	0 1	0 2
17362	0	16.878	16.878	1 2	1 2	2 2	2 1	2 1	2 2	2 2	2 1	1 2	1 2	2 2	2 1	1 2	2 2	2 2	1 2	1 2	2 1	0 1	0 2
11745	0	16.878	16.878	1 2	1 2	2 2	2 1	2 1	2 2	2 2	2 1	1 2	1 2	2 2	2 1	1 2	2 2	2 2	1 2	1 2	2 1	0 1	0 2
2961	0	16.878	16.878	1 2	1 2	2 2	2 1	2 1	2 2	2 2	2 1	1 2	1 2	2 2	2 1	1 2	2 2	2 2	1 2	1 2	2 1	0 1	0 2
940	0	16.878	16.878	1 2	1 2	2 2	2 1	2 1	2 2	2 2	2 1	1 2	1 2	2 2	2 1	1 2	2 2	2 2	1 2	1 2	2 1	0 1	0 2
1004	0	16.878	16.878	1 2	1 2	2 2	2 1	2 1	2 2	2 2	2 1	1 2	1 2	2 2	2 1	1 2	2 2	2 2	1 2	1 2	2 1	0 1	0 2
863	0	16.878	16.878	1 2	1 2	2 2	2 1	2 1	2 2	2 2	2 1	1 2	1 2	2 2	2 1	1 2	2 2	2 2	1 2	1 2	2 1	0 1	0 2
11747	0	16.878	16.878	1 2	1 2	2 2	2 1	2 1	2 2	2 2	2 1	1 2	1 2	2 2	2 1	1 2	2 2	2 2	1 2	1 2	2 1	0 1	0 2
17325	0	16.878	16.878	1 2	1 2	2 2	2 1	2 1	2 2	2 2	2 1	1 2	1 2	2 2	2 1	1 2	2 2	2 2	1 2	1 2	2 1	0 1	0 2
13579	0	16.878	16.878	1 2	1 2	2 2	2 1	2 1	2 2	2 2	2 1	1 2	1 2	2 2	2 1	1 2	2 2	2 2	1 2	1 2	2 1	0 1	0 2
13664	0	16.878	16.878	1 2	1 2	2 2	2 1	2 1	2 2	2 2	2 1	1 2	1 2	2 2	2 1	1 2	2 2	2 2	1 2	1 2	2 1	0 1	0 2
850	0	16.878	16.878	1 2	1 2	2 2	2 1	2 1	2 2	2 2	2 1	1 2	1 2	2 2	2 1	1 2	2 2	2 2	1 2	1 2	2 1	0 1	0 2
11741	0	16.878	16.878	1 2	1 2	2 2	2 1	2 1	2 2	2 2	2 1	1 2	1 2	2 2	2 1	1 2	2 2	2 2	1 2	1 2	2 1	0 1	0 2
13640	0	16.878	16.878	1 2	1 2	2 2	2 1	2 1	2 2	2 2	2 1	1 2	1 2	2 2	2 1	1 2	2 2	2 2	1 2	1 2	2 1	0 1	0 2
2924	0	16.878	16.878	1 2	1 2	2 2	2 1	2 1	2 2	2 2	2 1	1 2	1 2	2 2	2 1	1 2	2 2	2 2	1 2	1 2	2 1	0 1	0 2
13470	0	16.878	16.878	1 2	1 2	2 2	2 1	2 1	2 2	2 2	2 1	1 2	1 2	2 2	2 1	1 2	2 2	2 2	1 2	1 2	2 1	0 1	0 2
10341	0	16.878	16.878	1 2	1 2	2 2	2 1	2 1	2 2	2 2	2 1	1 2	1 2	2 2	2 1	1 2	2 2	2 2	1 2	1 2	2 1	0 1	0 2
13625	0	16.878	16.878	1 2	1 2	2 2	2 1	2 1	2 2	2 2	2 1	1 2	1 2	2 2	2 1	1 2	2 2	2 2	1 2	1 2	2 1	0 1	0 2
6743	0	16.878	16.878	1 2	1 2	2 2	2 1	2 1	2 2	2 2	2 1	1 2	1 2	2 2	2 1	1 2	2 2	2 2	1 2	1 2	2 1	0 1	0 2
4031	0	16.878	16.878	1 2	1 2	2 2	2 1	2 1	2 2	2 2	2 1	1 2	1 2	2 2	2 1	1 2	2 2	2 2	1 2	1 2	2 1	0 1	0 2
6997	0	16.878	16.878	1 2	1 2	2 2	2 1	2 1	2 2	2 2	2 1	1 2	1 2	2 2	2 1	1 2	2 2	2 2	1 2	1 2	2 1	0 1	0 2
2383	0	16.878	16.878	1 2	1 2	2 2	2 1	2 1	2 2	2 2	2 1	1 2	1 2	2 2	2 1	1 2	2 2	2 2	1 2	1 2	2 1	0 1	0 2
13602	0	16.878	16.878	1 2	1 2	2 2	2 1	2 1	2 2	2 2	2 1	1 2	1 2	2 2	2 1	1 2	2 2	2 2	1 2	1 2	2 1	0 1	0 2
13616	0	16.878	16.878	1 2	1 2	2 2	2 1	2 1	2 2	2 2	2 1	1 2	1 2	2 2	2 1	1 2	2 2	2 2	1 2	1 2	2 1	0 1	0 2
13595	0	16.878	16.878	1 2	1 2	2 2	2 1	2 1	2 2	2 2	2 1	1 2	1 2	2 2	2 1	1 2	2 2	2 2	1 2	1 2	2 1	0 1	0 2
773	0	16.878	16.878	1 2	1 2	2 2	2 1	2 1	2 2	2 2	2 1	1 2	1 2	2 2	2 1	1 2	2 2	2 2	1 2	1 2	2 1	0 1	0 2
13627	0	16.878	16.878	1 2	1 2	2 2	2 1	2 1	2 2	2 2	2 1	1 2	1 2	2 2	2 1	1 2	2 2	2 2	1 2	1 2	2 1	0 1	0 2
17447	0	16.878	16.878	1 2	1 2	2 2	2 1	2 1	2 2	2 2	2 1	1 2	1 2	2 2	2 1	1 2	2 2	2 2	1 2	1 2	2 1	0 1	0 2
17381	0	16.878	16.878	1 2	1 2	2 2	2 1	2 1	2 2	2 2	2 1	1 2	1 2	2 2	2 1	1 2	2 2	2 2	1 2	1 2	2 1	0 1	0 2
13587	0	16.878	16.878	1 2	1 2	2 2	2 1	2 1	2 2	2 2	2 1	1 2	1 2	2 2	2 1	1 2	2 2	2 2	1 2	1 2	2 1	0 1	0 2
2922	0	16.878	16.878	1 2	1 2	2 2	2 1	2 1	2 2	2 2	2 1	1 2	1 2	2 2	2 1	1 2	2 2	2 2	1 2	1 2	2 1	0 1	0 2
964	0	16.878	16.878	1 2	1 2	2 2	2 1	2 1	2 2	2 2	2 1	1 2	1 2	2 2	2 1	1 2	2 2	2 2	1 2	1 2	2 1	0 1	0 2
13583	0	16.878	16.878	1 2	1 2	2 2	2 1	2 1	2 2	2 2	2 1	1 2	1 2	2 2	2 1	1 2	2 2	2 2	1 2	1 2	2 1	0 1	0 2
946	0	16.878	16.878	1 2	1 2	2 2	2 1	2 1	2 2	2 2	2 1	1 2	1 2	2 2	2 1	1 2	2 2	2 2	1 2	1 2	2 1	0 1	0 2
11641	0	16.878	16.878	1 2	1 2	2 2	2 1	2 1	2 2	2 2	2 1	1 2	1 2	2 2	2 1	1 2	2 2	2 2	1 2	1 2	2 1	0 1	0 2
874	0	16.878	16.878	1 2	1 2	2 2	2 1	2 1	2 2	2 2	2 1	1 2	1 2	2 2	2 1	1 2	2 2	2 2	1 2	1 2	2 1	0 1	0 2
866	0	16.878	16.878	1 2	1 2	2 2	2 1	2 1	2 2	2 2	2 1	1 2	1 2	2 2	2 1	1 2	2 2	2 2	1 2	1 2	2 1	0 1	0 2
876	0	16.878	16.878	1 2	1 2	2 2	2 1	2 1	2 2	2 2	2 1	1 2	1 2	2 2	2 1	1 2	2 2	2 2	1 2	1 2	2 1	0 1	0 2
11661	0	16.878	16.878	1 2	1 2	2 2	2 1	2 1	2 2	2 2	2 1	1 2	1 2	2 2	2 1	1 2	2 2	2 2	1 2	1 2	2 1	0 1	0 2
965	0	16.878	16.878	1 2	1 2	2 2	2 1	2 1	2 2	2 2	2 1	1 2	1 2	2 2	2 1	1 2	2 2	2 2	1 2	1 2	2 1	0 1	0 2
2936	0	16.878	16.878	1 2	1 2	2 2	2 1	2 1	2 2	2 2	2 1	1 2	1 2	2 2	2 1	1 2	2 2	2 2	1 2	1 2	2 1	0 1	0 2
13572	0	16.878	16.878	1 2	1 2	2 2	2 1	2 1	2 2	2 2	2 1	1 2	1 2	2 2	2 1	1 2	2 2	2 2	1 2	1 2	2 1	0 1	0 2
2957	0	16.878	16.878	1 2	1 2	2 2	2 1	2 1	2 2	2 2	2 1	1 2	1 2	2 2	2 1	1 2	2 2	2 2	1 2	1 2	2 1	0 1	0 2
11756	0	16.878	16.878	1 2	1 2	2 2	2 1	2 1	2 2	2 2	2 1	1 2	1 2	2 2	2 1	1 2	2 2	2 2	1 2	1 2	2 1	0 1	0 2
17342	0	16.878	16.878	1 2	1 2	2 2	2 1	2 1	2 2	2 2	2 1	1 2	1 2	2 2	2 1	1 2	2 2	2 2	1 2	1 2	2 1	0 1	0 2
1000	0	16.878	16.878	1 2	1 2	2 2	2 1	2 1	2 2	2 2	2 1	1 2	1 2	2 2	2 1	1 2	2 2	2 2	1 2	1 2	2 1	0 1	0 2
858	0	16.878	16.878	1 2	1 2	2 2	2 1	2 1	2 2	2 2	2 1	1 2	1 2	2 2	2 1	1 2	2 2	2 2	1 2	1 2	2 1	0 1	0 2
17317	0	16.878	16.878	1 2	1 2	2 2	2 1	2 1	2 2	2 2	2 1	1 2	1 2	2 2	2 1	1 2	2 2	2 2	1 2	1 2	2 1	0 1	0 2
13476	0	16.878	16.878	1 2	1 2	2 2	2 1	2 1	2 2	2 2	2 1	1 2	1 2	2 2	2 1	1 2	2 2	2 2	1 2	1 2	2 1	0 1	0 2
13650	0	16.878	16.878	1 2	1 2	2 2	2 1	2 1	2 2	2 2	2 1	1 2	1 2	2 2	2 1	1 2	2 2	2 2	1 2	1 2	2 1	0 1	0 2
6942	0	16.878	16.878	1 2	1 2	2 2	2 1	2 1	2 2	2 2	2 1	1 2	1 2	2 2	2 1	1 2	2 2	2 2	1 2	1 2	2 1	0 1	0 2
869	0	16.878	16.878	1 2	1 2	2 2	2 1	2 1	2 2	2 2	2 1	1 2	1 2	2 2	2 1	1 2	2 2	2 2	1 2	1 2	2 1	0 1	0 2
13600	0	16.878	16.878	1 2	1 2	2 2	2 1	2 1	2 2	2 2	2 1	1 2	1 2	2 2	2 1	1 2	2 2	2 2	1 2	1 2	2 1	0 1	0 2
851	0	16.878	16.878	1 2	1 2	2 2	2 1	2 1	2 2	2 2	2 1	1 2	1 2	2 2	2 1	1 2	2 2	2 2	1 2	1 2	2 1	0 1	0 2
10336	0	16.878	16.878	1 2	1 2	2 2	2 1	2 1	2 2	2 2	2 1	1 2	1 2	2 2	2 1	1 2	2 2	2 2	1 2	1 2	2 1	0 1	0 2
7974	0	16.878	16.878	1 2	1 2	2 2	2 1	2 1	2 2	2 2	2 1	1 2	1 2	2 2	2 1	1 2	2 2	2 2	1 2	1 2	2 1	0 1	0 2
19295	0	16.878	16.878	1 2	1 2	2 2	2 1	2 1	2 2	2 2	2 1	1 2	1 2	2 2	2 1	1 2	2 2	2 2	1 2	1 2	2 1	0 1	0 2
13637	0	16.878	16.878	1 2	1 2	2 2	2 1	2 1	2 2	2 2	2 1	1 2	1 2	2 2	2 1	1 2	2 2	2 2	1 2	1 2	2 1	0 1	0 2
16295	0	16.878	16.878	1 2	1 2	2 2	2 1	2 1	2 2	2 2	2 1	1 2	1 2	2 2	2 1	1 2	2 2	2 2	1 2	1 2	2 1	0 1	0 2
13597	0	16.878	16.878	1 2	1 2	2 2	2 1	2 1	2 2	2 2	2 1	1 2	1 2	2 2	2 1	1 2	2 2	2 2	1 2	1 2	2 1	0 1	0 2
17382	0	16.878	16.878	1 2	1 2	2 2	2 1	2 1	2 2	2 2	2 1	1 2	1 2	2 2	2 1	1 2	2 2	2 2	1 2	1 2	2 1	0 1	0 2
2913	0	16.878	16.878	1 2	1 2	2 2	2 1	2 1	2 2	2 2	2 1	1 2	1 2	2 2	2 1	1 2	2 2	2 2	1 2	1 2	2 1	0 1	0 2
868	0	16.878	16.878	1 2	1 2	2 2	2 1	2 1	2 2	2 2	2 1	1 2	1 2	2 2	2 1	1 2	2 2	2 2	1 2	1 2	2 1	0 1	0 2
11766	0	16.878	16.878	1 2	1 2	2 2	2 1	2 1	2 2	2 2	2 1	1 2	1 2	2 2	2 1	1 2	2 2	2 2	1 2	1 2	2 1	0 1	0 2
13336	0	16.878	16.878	1 2	1 2	2 2	2 1	2 1	2 2	2 2	2 1	1 2	1 2	2 2	2 1	1 2	2 2	2 2	1 2	1 2	2 1	0 1	0 2
870	0	16.878	16.878	1 2	1 2	2 2	2 1	2 1	2 2	2 2	2 1	1 2	1 2	2 2	2 1	1 2	2 2	2 2	1 2	1 2	2 1	0 1	0 2
2633	0	16.878	16.878	1 2	1 2	2 2	2 1	2 1	2 2	2 2	2 1	1 2	1 2	2 2	2 1	1 2	2 2	2 2	1 2	1 2	2 1	0 1	0 2
13646	0	16.878	16.878	1 2	1 2	2 2	2 1	2 1	2 2	2 2	2 1	1 2	1 2	2 2	2 1	1 2	2 2	2 2	1 2	1 2	2 1	0 1	0 2
17318	0	16.878	16.878	1 2	1 2	2 2	2 1	2 1	2 2	2 2	2 1	1 2	1 2	2 2	2 1	1 2	2 2	2 2	1 2	1 2	2 1	0 1	0 2
16275	0	16.878	16.878	1 2	1 2	2 2	2 1	2 1	2 2	2 2	2 1	1 2	1 2	2 2	2 1	1 2	2 2	2 2	1 2	1 2	2 1	0 1	0 2
986	0	16.878	16.878	1 2	1 2	2 2	2 1	2 1	2 2	2 2	2 1	1 2	1 2	2 2	2 1	1 2	2 2	2 2	1 2	1 2	2 1	0 1	0 2
13613	0	16.878	16.878	1 2	1 2	2 2	2 1	2 1	2 2	2 2	2 1	1 2	1 2	2 2	2 1	1 2	2 2	2 2	1 2	1 2	2 1	0 1	0 2
16294	0	16.878	16.878	1 2	1 2	2 2	2 1	2 1	2 2	2 2	2 1	1 2	1 2	2 2	2 1	1 2	2 2	2 2	1 2	1 2	2 1	0 1	0 2
16290	0	16.878	16.878	1 2	1 2	2 2	2 1	2 1	2 2	2 2	2 1	1 2	1 2	2 2	2 1	1 2	2 2	2 2	1 2	1 2	2 1	0 1	0 2
845	0	16.878	16.878	1 2	1 2	2 2	2 1	2 1	2 2	2 2	2 1	1 2	1 2	2 2	2 1	1 2	2 2	2 2	1 2	1 2	2 1	0 1	0 2
4125	0	16.878	16.878	1 2	1 2	2 2	2 1	2 1	2 2	2 2	2 1	1 2	1 2	2 2	2 1	1 2	2 2	2 2	1 2	1 2	2 1	0 1	0 2
8051	0	16.878	16.878	1 2	1 2	2 2	2 1	2 1	2 2	2 2	2 1	1 2	1 2	2 2	2 1	1 2	2 2	2 2	1 2	1 2	2 1	0 1	0 2
6746	0	16.878	16.878	1 2	1 2	2 2	2 1	2 1	2 2	2 2	2 1	1 2	1 2	2 2	2 1	1 2	2 2	2 2	1 2	1 2	2 1	0 1	0 2
10342	0	16.878	16.878	1 2	1 2	2 2	2 1	2 1	2 2	2 2	2 1	1 2	1 2	2 2	2 1	1 2	2 2	2 2	1 2	1 2	2 1	0 1	0 2
7923	0	16.878	16.878	1 2	1 2	2 2	2 1	2 1	2 2	2 2	2 1	1 2	1 2	2 2	2 1	1 2	2 2	2 2	1 2	1 2	2 1	0 1	0 2
13571	0	16.878	16.878	1 2	1 2	2 2	2 1	2 1	2 2	2 2	2 1	1 2	1 2	2 2	2 1	1 2	2 2	2 2	1 2	1 2	2 1	0 1	0 2
4160	0	16.878	16.878	1 2	1 2	2 2	2 1	2 1	2 2	2 2	2 1	1 2	1 2	2 2	2 1	1 2	2 2	2 2	1 2	1 2	2 1	0 1	0 2
17353	0	16.878	16.878	1 2	1 2	2 2	2 1	2 1	2 2	2 2	2 1	1 2	1 2	2 2	2 1	1 2	2 2	2 2	1 2	1 2	2 1	0 1	0 2
7906	0	16.878	16.878	1 2	1 2	2 2	2 1	2 1	2 2	2 2	2 1	1 2	1 2	2 2	2 1	1 2	2 2	2 2	1 2	1 2	2 1	0 1	0 2
2958	0	16.878	16.878	1 2	1 2	2 2	2 1	2 1	2 2	2 2	2 1	1 2	1 2	2 2	2 1	1 2	2 2	2 2	1 2	1 2	2 1	0 1	0 2
17376	0	16.878	16.878	1 2	1 2	2 2	2 1	2 1	2 2	2 2	2 1	1 2	1 2	2 2	2 1	1 2	2 2	2 2	1 2	1 2	2 1	0 1	0 2
13574	0	16.878	16.878	1 2	1 2	2 2	2 1	2 1	2 2	2 2	2 1	1 2	1 2	2 2	2 1	1 2	2 2	2 2	1 2	1 2	2 1	0 1	0 2
6894	0	16.878	16.878	1 2	1 2	2 2	2 1	2 1	2 2	2 2	2 1	1 2	1 2	2 2	2 1	1 2	2 2	2 2	1 2	1 2	2 1	0 1	0 2
13622	0	22.457	22.457	1 2	1 2	0 2	2 1	2 1	2 2	2 2	2 1	1 2	1 2	2 2	2 1	1 2	2 2	2 2	1 2	1 2	2 1	0 1	0 2
13621	0	22.457	22.457	1 2	1 2	0 2	2 1	2 1	2 2	2 2	2 1	1 2	1 2	2 2	2 1	1 2	2 2	2 2	1 2	1 2	2 1	0 1	0 2
13575	0	22.457	22.457	1 2	1 2	0 2	2 1	2 1	2 2	2 2	2 1	1 2	1 2	2 2	2 1	1 2	2 2	2 2	1 2	1 2	2 1	0 1	0 2
951	0	22.457	22.457	1 2	1 2	0 2	2 1	2 1	2 2	2 2	2 1	1 2	1 2	2 2	2 1	1 2	2 2	2 2	1 2	1 2	2 1	0 1	0 2
2964	0	22.457	22.457	1 2	1 2	0 2	2 1	2 1	2 2	2 2	2 1	1 2	1 2	2 2	2 1	1 2	2 2	2 2	1 2	1 2	2 1	0 1	0 2
11751	0	22.457	22.457	1 2	1 2	0 2	2 1	2 1	2 2	2 2	2 1	1 2	1 2	2 2	2 1	1 2	2 2	2 2	1 2	1 2	2 1	0 1	0 2
844	0	22.457	22.457	1 2	1 2	0 2	2 1	2 1	2 2	2 2	2 1	1 2	1 2	2 2	2 1	1 2	2 2	2 2	1 2	1 2	2 1	0 1	0 2
2929	0	22.457	22.457	1 2	1 2	0 2	2 1	2 1	2 2	2 2	2 1	1 2	1 2	2 2	2 1	1 2	2 2	2 2	1 2	1 2	2 1	0 1	0 2
17380	0	22.457	22.457	1 2	1 2	0 2	2 1	2 1	2 2	2 2	2 1	1 2	1 2	2 2	2 1	1 2	2 2	2 2	1 2	1 2	2 1	0 1	0 2
2914	0	22.457	22.457	1 2	1 2	0 2	2 1	2 1	2 2	2 2	2 1	1 2	1 2	2 2	2 1	1 2	2 2	2 2	1 2	1 2	2 1	0 1	0 2
13585	0	22.457	22.457	1 2	1 2	0 2	2 1	2 1	2 2	2 2	2 1	1 2	1 2	2 2	2 1	1 2	2 2	2 2	1 2	1 2	2 1	0 1	0 2
17289	0	22.457	22.457	1 2	1 2	0 2	2 1	2 1	2 2	2 2	2 1	1 2	1 2	2 2	2 1	1 2	2 2	2 2	1 2	1 2	2 1	0 1	0 2
13652	0	22.457	22.457	1 2	1 2	0 2	2 1	2 1	2 2	2 2	2 1	1 2	1 2	2 2	2 1	1 2	2 2	2 2	1 2	1 2	2 1	0 1	0 2
13667	0	22.457	22.457	1 2	1 2	0 2	2 1	2 1	2 2	2 2	2 1	1 2	1 2	2 2	2 1	1 2	2 2	2 2	1 2	1 2	2 1	0 1	0 2
2254	0	22.457	22.457	1 2	1 2	1 2	2 1	2 1	2 2	2 2	2 1	1 2	1 2	2 2	2 1	1 2	2 2	2 2	1 2	1 2	2 1	0 1	0 2
2946	0	22.457	22.457	1 2	1 2	1 2	2 1	2 1	2 2	2 2	2 1	1 2	1 2	2 2	2 1	1 2	2 2	2 2	1 2	1 2	2 1	0 1	0 2
13338	0	22.457	22.457	1 2	1 2	1 2	2 1	2 1	2 2	2 2	2 1	1 2	1 2	2 2	2 1	1 2	2 2	2 2	1 2	1 2	2 1	0 1	0 2
13582	0	22.457	22.457	1 2	1 2	1 2	2 1	2 1	2 2	2 2	2 1	1 2	1 2	2 2	2 1	1 2	2 2	2 2	1 2	1 2	2 1	0 1	0 2
13612	0	22.457	22.457	1 2	1 2	1 2	2 1	2 1	2 2	2 2	2 1	1 2	1 2	2 2	2 1	1 2	2 2	2 2	1 2	1 2	2 1	0 1	0 2
13605	0	22.457	22.457	1 2	1 2	1 2	2 1	2 1	2 2	2 2	2 1	1 2	1 2	2 2	2 1	1 2	2 2	2 2	1 2	1 2	2 1	0 1	0 2
17310	0	22.457	22.457	1 2	1 2	1 2	2 1	2 1	2 2	2 2	2 1	1 2	1 2	2 2	2 1	1 2	2 2	2 2	1 2	1 2	2 1	0 1	0 2
17294	0	22.457	22.457	1 2	1 2	1 2	2 1	2 1	2 2	2 2	2 1	1 2	1 2	2 2	2 1	1 2	2 2	2 2	1 2	1 2	2 1	0 1	0 2
13634	0	22.457	22.457	1 2	1 2	1 2	2 1	2 1	2 2	2 2	2 1	1 2	1 2	2 2	2 1	1 2	2 2	2 2	1 2	1 2	2 1	0 1	0 2
2930	0	22.457	22.457	1 2	1 2	1 2	2 1	2 1	2 2	2 2	2 1	1 2	1 2	2 2	2 1	1 2	2 2	2 2	1 2	1 2	2 1	0 1	0 2
2971	0	22.457	22.457	1 2	1 2	1 2	2 1	2 1	2 2	2 2	2 1	1 2	1 2	2 2	2 1	1 2	2 2	2 2	1 2	1 2	2 1	0 1	0 2
998	0	22.457	22.457	1 2	1 2	1 2	2 1	2 1	2 2	2 2	2 1	1 2	1 2	2 2	2 1	1 2	2 2	2 2	1 2	1 2	2 1	0 1	0 2
963	0	22.457	22.457	1 2	1 2	1 2	2 1	2 1	2 2	2 2	2 1	1 2	1 2	2 2	2 1	1 2	2 2	2 2	1 2	1 2	2 1	0 1	0 2
1008	0	22.457	22.457	1 2	1 2	1 2	2 1	2 1	2 2	2 2	2 1	1 2	1 2	2 2	2 1	1 2	2 2	2 2	1 2	1 2	2 1	0 1	0 2
11768	0	22.457	22.457	1 2	1 2	1 2	2 1	2 1	2 2	2 2	2 1	1 2	1 2	2 2	2 1	1 2	2 2	2 2	1 2	1 2	2 1	0 1	0 2
16273	0	22.457	22.457	1 2	1 2	1 2	2 1	2 1	2 2	2 2	2 1	1 2	1 2	2 2	2 1	1 2	2 2	2 2	1 2	1 2	2 1	0 1	0 2
13596	0	22.457	22.457	1 2	1 2	1 2	2 1	2 1	2 2	2 2	2 1	1 2	1 2	2 2	2 1	1 2	2 2	2 2	1 2	1 2	2 1	0 1	0 2
17297	0	22.457	22.457	1 2	1 2	1 2	2 1	2 1	2 2	2 2	2 1	1 2	1 2	2 2	2 1	1 2	2 2	2 2	1 2	1 2	2 1	0 1	0 2
13604	0	22.457	22.457	1 2	1 2	1 2	2 1	2 1	2 2	2 2	2 1	1 2	1 2	2 2	2 1	1 2	2 2	2 2	1 2	1 2	2 1	0 1	0 2
17323	0	22.457	22.457	1 2	1 2	1 2	2 1	2 1	2 2	2 2	2 1	1 2	1 2	2 2	2 1	1 2	2 2	2 2	1 2	1 2	2 1	0 1	0 2
11760	0	22.457	22.457	1 2	1 2	1 2	2 1	2 1	2 2	2 2	2 1	1 2	1 2	2 2	2 1	1 2	2 2	2 2	1 2	1 2	2 1	0 1	0 2
996	0	22.457	22.457	1 2	1 2	1 2	2 1	2 1	2 2	2 2	2 1	1 2	1 2	2 2	2 1	1 2	2 2	2 2	1 2	1 2	2 1	0 1	0 2
13580	0	22.457	22.457	1 2	1 2	1 2	2 1	2 1	2 2	2 2	2 1	1 2	1 2	2 2	2 1	1 2	2 2	2 2	1 2	1 2	2 1	0 1	0 2
872	0	22.457	22.457	1 2	1 2	1 2	2 1	2 1	2 2	2 2	2 1	1 2	1 2	2 2	2 1	1 2	2 2	2 2	1 2	1 2	2 1	0 1	0 2
2967	0	22.457	22.457	1 2	1 2	1 2	2 1	2 1	2 2	2 2	2 1	1 2	1 2	2 2	2 1	1 2	2 2	2 2	1 2	1 2	2 1	0 1	0 2
13628	0	22.457	22.457	1 2	1 2	1 2	2 1	2 1	2 2	2 2	2 1	1 2	1 2	2 2	2 1	1 2	2 2	2 2	1 2	1 2	2 1	0 1	0 2
17311	0	22.457	22.457	1 2	1 2	1 2	2 1	2 1	2 2	2 2	2 1	1 2	1 2	2 2	2 1	1 2	2 2	2 2	1 2	1 2	2 1	0 1	0 2
938	0	22.457	22.457	1 2	1 2	1 2	2 1	2 1	2 2	2 2	2 1	1 2	1 2	2 2	2 1	1 2	2 2	2 2	1 2	1 2	2 1	0 1	0 2
856	0	22.457	22.457	1 2	1 2	1 2	2 1	2 1	2 2	2 2	2 1	1 2	1 2	2 2	2 1	1 2	2 2	2 2	1 2	1 2	2 1	0 1	0 2
13661	0	22.457	22.457	1 2	1 2	1 2	2 1	2 1	2 2	2 2	2 1	1 2	1 2	2 2	2 1	1 2	2 2	2 2	1 2	1 2	2 1	0 1	0 2
17303	0	22.457	22.457	1 2	1 2	1 2	2 1	2 1	2 2	2 2	2 1	1 2	1 2	2 2	2 1	1 2	2 2	2 2	1 2	1 2	2 1	0 1	0 2
17354	0	22.457	22.457	1 2	1 2	1 2	2 1	2 1	2 2	2 2	2 1	1 2	1 2	2 2	2 1	1 2	2 2	2 2	1 2	1 2	2 1	0 1	0 2
2905	0	22.457	22.457	1 2	1 2	1 2	2 1	2 1	2 2	2 2	2 1	1 2	1 2	2 2	2 1	1 2	2 2	2 2	1 2	1 2	2 1	0 1	0 2
13662	0	22.457	22.457	1 2	1 2	1 2	2 1	2 1	2 2	2 2	2 1	1 2	1 2	2 2	2 1	1 2	2 2	2 2	1 2	1 2	2 1	0 1	0 2
2912	0	22.457	22.457	1 2	1 2	1 2	2 1	2 1	2 2	2 2	2 1	1 2	1 2	2 2	2 1	1 2	2 2	2 2	1 2	1 2	2 1	0 1	0 2
2953	0	22.457	22.457	1 2	1 2	1 2	2 1	2 1	2 2	2 2	2 1	1 2	1 2	2 2	2 1	1 2	2 2	2 2	1 2	1 2	2 1	0 1	0 2
13593	0	22.457	22.457	1 2	1 2	1 2	2 1	2 1	2 2	2 2	2 1	1 2	1 2	2 2	2 1	1 2	2 2	2 2	1 2	1 2	2 1	0 1	0 2
13570	0	22.457	22.457	1 2	1 2	1 2	2 1	2 1	2 2	2 2	2 1	1 2	1 2	2 2	2 1	1 2	2 2	2 2	1 2	1 2	2 1	0 1	0 2
13658	0	22.457	22.457	1 2	1 2	1 2	2 1	2 1	2 2	2 2	2 1	1 2	1 2	2 2	2 1	1 2	2 2	2 2	1 2	1 2	2 1	0 1	0 2
958	0	22.457	22.457	1 2	1 2	1 2	2 1	2 1	2 2	2 2	2 1	1 2	1 2	2 2	2 1	1 2	2 2	2 2	1 2	1 2	2 1	0 1	0 2
17406	0	22.457	22.457	1 2	1 2	1 2	2 1	2 1	2 2	2 2	2 1	1 2	1 2	2 2	2 1	1 2	2 2	2 2	1 2	1 2	2 1	0 1	0 2
941	0	22.457	22.457	1 2	1 2	1 2	2 1	2 1	2 2	2 2	2 1	1 2	1 2	2 2	2 1	1 2	2 2	2 2	1 2	1 2	2 1	0 1	0 2
11687	0	22.457	22.457	1 2	1 2	1 2	2 1	2 1	2 2	2 2	2 1	1 2	1 2	2 2	2 1	1 2	2 2	2 2	1 2	1 2	2 1	2 1	1 2
17293	0	22.457	22.457	1 2	1 2	1 2	2 1	2 1	2 2	2 2	2 1	1 2	1 2	2 2	2 1	1 2	2 2	2 2	1 2	1 2	2 1	2 1	1 2
13659	0	22.457	22.457	1 2	1 2	1 2	2 1	2 1	2 2	2 2	2 1	1 2	1 2	2 2	2 1	1 2	2 2	2 2	1 2	1 2	2 1	2 1	1 2
2951	0	22.457	22.457	1 2	1 2	1 2	2 1	2 1	2 2	2 2	2 1	1 2	1 2	2 2	2 1	1 2	2 2	2 2	1 2	1 2	2 1	2 1	1 2
11755	0	22.457	22.457	1 2	1 2	1 2	2 1	2 1	2 2	2 2	2 1	1 2	1 2	2 2	2 1	1 2	2 2	2 2	1 2	1 2	2 1	2 1	1 2
16278	0	22.457	22.457	1 2	1 2	1 2	2 1	2 1	2 2	2 2	2 1	1 2	1 2	2 2	2 1	1 2	2 2	2 2	1 2	1 2	2 1	2 1	1 2
879	0	22.457	22.457	1 2	1 2	1 2	2 1	2 1	2 2	2 2	2 1	1 2	1 2	2 2	2 1	1 2	2 2	2 2	1 2	1 2	2 1	2 1	1 2
2923	0	22.457	22.457	1 2	1 2	1 2	2 1	2 1	2 2	2 2	2 1	1 2	1 2	2 2	2 1	1 2	2 2	2 2	1 2	1 2	2 1	2 1	1 2
2919	0	22.457	22.457	1 2	1 2	1 2	2 1	2 1	2 2	2 2	2 1	1 2	1 2	2 2	2 1	1 2	2 2	2 2	1 2	1 2	2 1	2 1	1 2
11772	0	22.457	22.457	1 2	1 2	1 2	2 1	2 1	2 2	2 2	2 1	1 2	1 2	2 2	2 1	1 2	2 2	2 2	1 2	1 2	2 1	2 1	1 2
13656	0	22.457	22.457	1 2	1 2	1 2	2 1	2 1	2 2	2 2	2 1	1 2	1 2	2 2	2 1	1 2	2 2	2 2	1 2	1 2	2 1	2 1	1 2
7380	0	22.457	22.457	1 2	1 2	1 2	2 1	2 1	2 2	2 2	2 1	1 2	1 2	2 2	2 1	1 2	2 2	2 2	1 2	1 2	2 1	2 1	1 2
13588	0	22.457	22.457	1 2	1 2	1 2	2 1	2 1	2 2	2 2	2 1	1 2	1 2	2 2	2 1	1 2	2 2	2 2	1 2	1 2	2 1	2 1	1 2
942	0	22.457	22.457	1 2	1 2	1 2	2 1	2 1	2 2	2 2	2 1	1 2	1 2	2 2	2 1	1 2	2 2	2 2	1 2	1 2	2 1	2 1	1 2
13653	0	22.457	22.457	1 2	1 2	1 2	2 1	2 1	2 2	2 2	2 1	1 2	1 2	2 2	2 1	1 2	2 2	2 2	1 2	1 2	2 1	2 1	1 2
7853	0	22.457	22.457	1 2	1 2	1 2	2 1	2 1	2 2	2 2	2 1	1 2	1 2	2 2	2 1	1 2	2 2	2 2	1 2	1 2	2 1	2 1	1 2
5214	0	22.457	22.457	1 2	1 2	1 2	2 1	2 1	2 2	2 2	2 1	1 2	1 2	2 2	2 1	1 2	2 2	2 2	1 2	1 2	2 1	2 1	1 2
19325	0	30.869	30.869	1 2	1 2	1 2	2 1	2 1	2 2	1 2	2 1	1 2	1 2	2 2	2 1	1 2	2 2	2 2	1 2	1 2	2 1	2 1	1 2
7803	0	30.869	30.869	1 2	1 2	1 2	2 1	2 1	2 2	1 2	2 1	1 2	1 2	2 2	2 1	1 2	2 2	2 2	1 2	1 2	2 1	2 1	1 2
2917	0	30.869	30.869	1 2	1 2	1 2	2 1	2 1	2 2	1 2	2 1	1 2	1 2	2 2	2 1	1 2	2 2	2 2	1 2	1 2	2 1	2 1	1 2
18746	0	30.869	30.869	1 2	1 2	1 2	2 1	2 1	2 2	1 2	2 1	1 2	1 2	2 2	2 1	1 2	2 2	2 2	1 2	1 2	2 1	2 1	1 2
16280	0	30.869	30.869	1 2	1 2	1 2	2 1	2 1	2 2	1 2	2 1	1 2	1 2	2 2	2 1	1 2	2 2	2 2	1 2	1 2	2 1	2 1	1 2
12378	0	30.869	30.869	1 2	1 2	1 2	2 1	2 1	2 2	1 2	2 1	1 2	1 2	2 2	2 1	1 2	2 2	2 2	1 2	1 2	2 1	2 1	1 2
16235	0	30.869	30.869	1 2	1 2	1 2	2 1	2 1	2 2	1 2	2 1	1 2	1 2	2 2	2 1	1 2	2 2	2 2	1 2	1 2	2 1	2 1	1 2
11763	0	30.869	30.869	1 2	1 2	1 2	2 1	2 1	2 2	1 2	2 1	1 2	1 2	2 2	2 1	1 2	2 2	2 2	1 2	1 2	2 1	2 1	1 2
11738	0	30.869	30.869	1 2	1 2	1 2	2 1	2 1	2 2	1 2	2 1	1 2	1 2	2 2	2 1	1 2	2 2	2 2	1 2	1 2	2 1	2 1	1 2
945	0	30.869	30.869	1 2	1 2	1 2	2 1	2 1	2 2	1 2	2 1	1 2	1 2	2 2	2 1	1 2	2 2	2 2	1 2	1 2	2 1	2 1	1 2
11629	0	30.869	30.869	1 2	1 2	1 2	2 1	2 1	2 2	1 2	2 1	1 2	1 2	2 2	2 1	1 2	2 2	2 2	1 2	1 2	2 1	2 1	1 2
16284	0	30.869	30.869	1 2	1 2	1 2	2 1	2 1	2 2	1 2	2 1	1 2	1 2	2 2	2 1	1 2	2 2	2 2	1 2	1 2	2 1	2 1	1 2
11739	0	30.869	30.869	1 2	1 2	1 2	2 1	2 1	2 2	1 2	2 1	1 2	1 2	2 2	2 1	1 2	2 2	2 2	1 2	1 2	2 1	2 1	1 2
17450	0	30.869	30.869	1 2	1 2	1 2	2 1	2 1	2 2	1 2	2 1	1 2	1 2	2 2	2 1	1 2	2 2	2 2	1 2	1 2	2 1	2 1	1 2
13617	0	30.869	30.869	1 2	1 2	1 2	2 1	2 1	2 2	1 2	2 1	1 2	1 2	2 2	2 1	1 2	2 2	2 2	1 2	1 2	2 1	2 1	1 2
780	0	30.869	30.869	1 2	1 2	1 2	2 1	2 1	2 2	1 2	2 1	1 2	1 2	2 2	2 1	1 2	2 2	2 2	1 2	1 2	2 1	2 1	1 2
13629	0	30.869	30.869	1 2	1 2	1 2	2 1	2 1	2 2	1 2	2 1	1 2	1 2	2 2	2 1	1 2	2 2	2 2	1 2	1 2	2 1	2 1	1 2
17358	0	30.869	30.869	1 2	1 2	1 2	2 1	2 1	2 2	1 2	2 1	1 2	1 2	2 2	2 1	1 2	2 2	2 2	1 2	1 2	2 1	2 1	1 2
13630	0	30.869	30.869	1 2	1 2	1 2	2 1	2 1	2 2	1 2	2 1	1 2	1 2	2 2	2 1	1 2	2 2	2 2	1 2	1 2	2 1	2 1	1 2
948	0	30.869	30.869	1 2	1 2	1 2	2 1	2 1	2 2	1 2	2 1	1 2	1 2	2 2	2 1	1 2	2 2	2 2	1 2	1 2	2 1	2 1	1 2
13631	0	30.869	30.869	1 2	1 2	1 2	2 1	2 1	2 2	1 2	2 1	1 2	1 2	2 2	2 1	1 2	2 2	2 2	1 2	1 2	2 1	2 1	1 2
16291	0	30.869	30.869	1 2	1 2	1 2	2 1	2 1	2 2	1 2	2 1	1 2	1 2	2 2	2 1	1 2	2 2	2 2	1 2	1 2	2 1	2 1	1 2
969	0	30.869	30.869	1 2	1 2	1 2	2 1	2 1	2 2	1 2	2 1	1 2	1 2	2 2	2 1	1 2	2 2	2 2	1 2	1 2	2 1	2 1	1 2
11762	0	30.869	30.869	1 2	1 2	1 2	2 1	2 1	2 2	1 2	2 1	1 2	1 2	2 2	2 1	1 2	2 2	2 2	1 2	1 2	2 1	2 1	1 2
849	0	30.869	30.869	1 2	1 2	1 2	2 1	2 1	2 2	1 2	2 1	1 2	1 2	2 2	2 1	1 2	2 2	2 2	1 2	1 2	2 1	2 1	1 2
854	0	30.869	30.869	1 2	1 2	1 2	2 1	2 1	2 2	1 2	2 1	1 2	1 2	2 2	2 1	1 2	2 2	2 2	1 2	1 2	2 1	2 1	1 2
2932	0	30.869	30.869	1 2	1 2	1 2	2 1	2 1	2 2	1 2	2 1	1 2	1 2	2 2	2 1	1 2	2 2	2 2	1 2	1 2	2 1	2 1	1 2
947	0	30.869	30.869	1 2	1 2	1 2	2 1	2 1	2 2	1 2	2 1	1 2	1 2	2 2	2 1	1 2	2 2	2 2	1 2	1 2	2 1	2 1	1 2
2965	0	30.869	30.869	1 2	1 2	1 2	2 1	2 1	2 2	1 2	2 1	1 2	1 2	2 2	2 1	1 2	2 2	2 2	1 2	1 2	2 1	2 1	1 2
2948	0	30.869	30.869	1 2	1 2	1 2	2 1	2 1	2 2	1 2	2 1	1 2	1 2	2 2	2 1	1 2	2 2	2 2	1 2	1 2	2 1	2 1	1 2
13645	0	30.869	30.869	1 2	1 2	1 2	2 1	2 1	2 2	1 2	2 1	1 2	1 2	2 2	2 1	1 2	2 2	2 2	1 2	1 2	2 1	2 1	1 2
13643	0	30.869	30.869	1 2	1 2	1 2	2 1	2 1	2 2	1 2	2 1	1 2	1 2	2 2	2 1	1 2	2 2	2 2	1 2	1 2	2 1	2 1	1 2
11752	0	30.869	30.869	1 2	1 2	1 2	2 1	2 1	2 2	1 2	2 1	1 2	1 2	2 2	2 1	1 2	2 2	2 2	1 2	1 2	2 1	2 1	1 2
11761	0	30.869	30.869	1 2	1 2	1 2	2 1	2 1	2 2	1 2	2 1	1 2	1 2	2 2	2 1	1 2	2 2	2 2	1 2	1 2	2 1	2 1	1 2
2918	0	30.869	30.869	1 2	1 2	1 2	2 1	2 1	2 2	1 2	2 1	1 2	1 2	2 2	2 1	1 2	2 2	2 2	1 2	1 2	2 1	2 1	1 2
2926	0	30.869	30.869	1 2	1 2	1 2	2 1	2 1	2 2	1 2	2 1	1 2	1 2	2 2	2 1	1 2	2 2	2 2	1 2	1 2	2 1	2 1	1 2
13578	0	30.869	30.869	1 2	1 2	1 2	2 1	2 1	2 2	1 2	2 1	1 2	1 2	2 2	2 1	1 2	2 2	2 2	1 2	1 2	2 1	2 1	1 2
878	0	30.869	30.869	1 2	1 2	1 2	2 1	2 1	2 2	1 2	2 1	1 2	1 2	2 2	2 1	1 2	2 2	2 2	1 2	1 2	2 1	2 1	1 2
13586	0	30.869	30.869	1 2	1 2	1 2	2 1	2 1	2 2	1 2	2 1	1 2	1 2	2 2	2 1	1 2	2 2	2 2	1 2	1 2	2 1	2 1	1 2
13594	0	30.869	30.869	1 2	1 2	1 2	2 1	2 1	2 2	1 2	2 1	1 2	1 2	2 2	2 1	1 2	2 2	2 2	1 2	1 2	2 1	2 1	1 2
7136	0	30.869	30.869	1 2	1 2	1 2	2 1	2 1	2 2	1 2	2 1	1 2	1 2	2 2	2 1	1 2	2 2	2 2	1 2	1 2	2 1	2 1	1 2
19248	0	30.869	30.869	1 2	1 2	1 2	2 1	2 1	2 2	1 2	2 1	1 2	1 2	2 2	2 1	1 2	2 2	2 2	1 2	1 2	2 1	2 1	1 2
19308	0	30.869	30.869	1 2	1 2	1 2	2 1	2 1	2 2	1 2	2 1	1 2	1 2	2 2	2 1	1 2	2 2	2 2	1 2	1 2	2 1	2 1	1 2
18763	0	30.869	30.869	1 2	1 2	1 2	2 1	2 1	2 2	1 2	2 1	1 2	1 2	2 2	2 1	1 2	2 2	2 2	1 2	1 2	2 1	2 1	1 2
7778	0	30.869	30.869	1 2	1 2	1 2	2 1	2 1	2 2	1 2	2 1	1 2	1 2	2 2	2 1	1 2	2 2	2 2	1 2	1 2	2 1	2 1	1 2
13610	0	30.869	30.869	1 2	1 2	1 2	2 1	2 1	2 2	1 2	2 1	1 2	1 2	2 2	2 1	1 2	2 2	2 2	1 2	1 2	2 1	2 1	1 2
7135	0	30.869	30.869	1 2	1 2	1 2	2 1	2 1	2 2	1 2	2 1	1 2	1 2	2 2	2 1	1 2	2 2	2 2	1 2	1 2	2 1	2 1	1 2
7818	0	30.869	30.869	1 2	1 2	1 2	2 1	2 1	2 2	1 2	2 1	1 2	1 2	2 2	2 1	1 2	2 2	2 2	1 2	1 2	2 1	2 1	1 2
10368	0	39.280	39.280	1 2	1 2	1 2	2 1	2 1	2 2	1 2	1 1	1 2	1 2	2 2	2 1	1 2	2 2	2 2	1 2	1 2	2 1	2 1	1 2
7823	0	39.280	39.280	1 2	1 2	1 2	2 1	2 1	2 2	1 2	1 1	1 2	1 2	2 2	2 1	1 2	2 2	2 2	1 2	1 2	2 1	2 1	1 2
8016	0	39.280	39.280	1 2	1 2	1 2	2 1	2 1	2 2	1 2	1 1	1 2	1 2	2 2	2 1	1 2	2 2	2 2	1 2	1 2	2 1	2 1	1 2
6978	0	39.280	39.280	1 2	1 2	1 2	2 1	2 1	2 2	1 2	1 1	1 2	1 2	2 2	2 1	1 2	2 2	2 2	1 2	1 2	2 1	2 1	1 2
10365	0	39.280	39.280	1 2	1 2	1 2	2 1	2 1	2 2	1 2	1 1	1 2	1 2	2 2	2 1	1 2	2 2	2 2	1 2	1 2	2 1	2 1	1 2
10423	0	39.280	39.280	1 2	1 2	1 2	2 1	2 1	2 2	1 2	1 1	1 2	1 2	2 2	2 1	1 2	2 2	2 2	1 2	1 2	2 1	2 1	1 2
7920	0	39.280	39.280	1 2	1 2	1 2	2 1	2 1	2 2	1 2	1 1	1 2	1 2	2 2	2 1	1 2	2 2	2 2	1 2	1 2	2 1	2 1	1 2
859	0	47.692	47.692	1 2	1 2	1 2	2 1	2 1	1 2	1 2	1 1	1 2	1 2	2 2	2 1	1 2	2 2	2 2	1 2	1 2	2 1	2 1	1 2
10526	0	47.692	47.692	1 2	1 2	1 2	2 1	2 1	1 2	1 2	1 1	1 2	1 2	2 2	2 1	1 2	2 2	2 2	1 2	1 2	2 1	2 1	1 2
4101	0	47.692	47.692	1 2	1 2	1 2	2 1	2 1	1 2	1 2	1 1	1 2	1 2	2 2	2 1	1 2	2 2	2 2	1 2	1 2	2 1	2 1	1 2
10704	0	47.692	47.692	1 2	1 2	1 2	2 1	2 1	1 2	1 2	1 1	1 2	1 2	2 2	2 1	1 2	2 2	2 2	1 2	1 2	2 1	2 1	1 2
10527	0	47.692	47.692	1 2	1 2	1 2	2 1	2 1	1 2	1 2	1 1	1 2	1 2	2 2	2 1	1 2	2 2	2 2	1 2	1 2	2 1	2 1	1 2
4174	0	47.692	47.692	1 2	1 2	1 2	2 1	2 1	1 2	1 2	1 1	1 2	1 2	2 2	2 1	1 2	2 2	2 2	1 2	1 2	2 1	2 1	1 2
7958	0	47.692	47.692	1 2	1 2	1 2	2 1	2 1	1 2	1 2	1 1	1 2	1 2	2 2	2 1	1 2	2 2	2 2	1 2	1 2	2 1	2 1	1 2
11771	0	47.692	47.692	1 2	1 2	1 2	2 1	2 1	1 2	1 2	1 1	1 2	1 2	2 2	2 1	1 2	2 2	2 2	1 2	1 2	2 1	2 1	1 2
10490	0	47.692	47.692	1 2	1 2	1 2	2 1	2 1	1 2	1 2	1 1	1 2	1 2	2 2	2 1	1 2	2 2	2 2	1 2	1 2	2 1	2 1	1 2
10896	0	47.692	47.692	1 2	1 2	1 2	2 1	2 1	1 2	1 2	1 1	1 2	1 2	2 2	2 1	1 2	2 2	2 2	1 2	1 2	2 1	2 1	1 2
10459	0	47.692	47.692	1 2	1 2	1 2	2 1	2 1	1 2	1 2	1 1	1 2	1 2	2 2	2 1	1 2	2 2	2 2	1 2	1 2	2 1	2 1	1 2
2279	0	47.692	47.692	1 2	1 2	1 2	2 1	2 1	1 2	1 2	1 1	1 2	1 2	2 2	2 1	1 2	2 2	2 2	1 2	1 2	2 1	2 1	1 2
10344	0	47.692	47.692	1 2	1 2	1 2	2 1	2 1	1 2	1 2	1 1	1 2	1 2	2 2	2 1	1 2	2 2	2 2	1 2	1 2	2 1	2 1	1 2
6959	0	47.692	47.692	1 2	1 2	1 2	2 1	2 1	1 2	1 2	1 1	1 2	1 2	2 2	2 1	1 2	2 2	2 2	1 2	1 2	2 1	2 1	1 2
12332	0	47.692	47.692	1 2	1 2	1 2	2 1	2 1	1 2	1 2	1 1	1 2	1 2	2 2	2 1	1 2	2 2	2 2	1 2	1 2	2 1	2 1	1 2
10343	0	47.692	47.692	1 2	1 2	1 2	2 1	2 1	1 2	1 2	1 1	1 2	1 2	2 2	2 1	1 2	2 2	2 2	1 2	1 2	2 1	2 1	1 2
8061	0	47.692	47.692	1 2	1 2	1 2	2 1	2 1	1 2	1 2	1 1	1 2	1 2	2 2	2 1	1 2	2 2	2 2	1 2	1 2	2 1	2 1	1 2
167	0	47.692	47.692	1 2	1 2	1 2	2 1	2 1	1 2	1 2	1 1	1 2	1 2	2 2	2 1	1 2	2 2	2 2	1 2	1 2	2 1	2 1	1 2
10578	0	47.692	47.692	1 2	1 2	1 2	2 1	2 1	1 2	1 2	1 1	1 2	1 2	2 2	2 1	1 2	2 2	2 2	1 2	1 2	2 1	2 1	1 2
10589	0	56.104	56.104	1 2	1 2	1 2	1 1	2 1	1 2	1 2	1 1	1 2	1 2	2 2	2 1	1 2	2 2	2 2	1 2	1 2	2 1	2 1	1 2
1209	0	0.000	0.000	1 2	1 2	2 2	1 2	1 2	2 2	2 2	2 1	1 2	1 2	2 0	2 0	2 0	2 0	2 0	1 2	1 2	2 1	2 2	1 2
12923	0	0.000	0.000	1 2	1 2	2 2	1 2	1 2	2 2	2 2	2 1	1 2	1 2	2 0	2 0	2 0	2 0	2 0	1 2	1 2	2 1	2 2	1 2
8354	0	0.000	0.000	1 2	1 2	2 2	1 2	1 2	2 2	2 2	2 1	1 2	1 2	2 0	2 0	2 0	2 0	2 0	1 2	1 2	2 1	2 2	1 2
1223	0	0.000	0.000	1 2	1 2	2 2	1 2	1 2	2 2	2 2	2 1	1 2	1 2	2 0	2 0	2 0	2 0	2 0	1 2	1 2	2 1	2 2	1 2
12858	0	0.000	0.000	1 2	1 2	2 2	1 2	1 2	2 2	2 2	2 1	1 2	1 2	2 0	2 0	2 0	2 0	2 0	1 2	1 2	2 1	2 2	1 2
17953	0	0.000	0.000	1 2	1 2	2 2	1 2	1 2	2 2	2 2	2 1	1 2	1 2	2 0	2 0	2 0	2 0	2 0	1 2	1 2	2 1	2 2	1 2
8483	0	0.000	0.000	1 2	1 2	2 2	1 2	1 2	2 2	2 2	2 1	1 2	1 2	2 0	2 0	2 0	2 0	2 0	1 2	1 2	2 1	2 2	1 2
20163	0	0.000	0.000	1 2	1 2	2 2	1 2	1 2	2 2	2 2	2 1	1 2	1 2	2 0	2 0	2 0	2 0	2 0	1 2	1 2	2 1	2 2	1 2
4170	0	4.558	4.558	1 2	1 2	2 2	1 2	1 2	2 2	2 2	2 1	1 2	1 2	2 0	1 0	2 0	2 0	2 0	1 2	1 2	2 1	2 2	1 2
12802	0	4.558	4.558	1 2	1 2	2 2	1 2	1 2	2 2	2 2	2 1	1 2	1 2	2 0	1 0	2 0	2 0	2 0	1 2	1 2	2 1	2 2	1 2
12854	0	4.558	4.558	1 2	1 2	2 2	1 2	1 2	2 2	2 2	2 1	1 2	1 2	2 0	1 0	2 0	2 0	2 0	1 2	1 2	2 1	2 2	1 2
12915	0	4.558	4.558	1 2	1 2	2 2	1 2	1 2	2 2	2 2	2 1	1 2	1 2	2 0	1 0	2 0	2 0	2 0	1 2	1 2	2 1	2 2	1 2
1230	0	4.558	4.558	1 2	1 2	2 2	1 2	1 2	2 2	2 2	2 1	1 2	1 2	2 0	1 0	2 0	2 0	2 0	1 2	1 2	2 1	2 2	1 2
12932	0	4.558	4.558	1 2	1 2	2 2	1 2	1 2	2 2	2 2	2 1	1 2	1 2	2 0	1 0	2 0	2 0	2 0	1 2	1 2	2 1	2 2	1 2
12392	0	4.558	4.558	1 2	1 2	2 2	1 2	1 2	2 2	2 2	2 1	1 2	1 2	2 0	1 0	2 0	2 0	2 0	1 2	1 2	2 1	2 2	1 2
4326	0	4.558	4.558	1 2	1 2	2 2	1 2	1 2	2 2	2 2	2 1	1 2	1 2	2 0	1 0	2 0	2 0	2 0	1 2	1 2	2 1	2 2	1 2
2719	0	4.558	4.558	1 2	1 2	2 2	1 2	1 2	2 2	2 2	2 1	1 2	1 2	2 0	1 0	2 0	2 0	2 0	1 2	1 2	2 1	2 2	1 2
1232	0	4.558	4.558	1 2	1 2	2 2	1 2	1 2	2 2	2 2	2 1	1 2	1 2	2 0	1 0	2 0	2 0	2 0	1 2	1 2	2 1	2 2	1 2
1233	0	4.558	4.558	1 2	1 2	2 2	1 2	1 2	2 2	2 2	2 1	1 2	1 2	2 0	1 0	2 0	2 0	2 0	1 2	1 2	2 1	2 2	1 2
18308	0	4.558	4.558	1 2	1 2	2 2	1 2	1 2	2 2	2 2	2 1	1 2	1 2	2 0	1 0	2 0	2 0	2 0	1 2	1 2	2 1	2 2	1 2
18370	0	4.558	4.558	1 2	1 2	2 2	1 2	1 2	2 2	2 2	2 1	1 2	1 2	2 0	1 0	2 0	2 0	2 0	1 2	1 2	2 1	2 2	1 2
3604	0	4.558	4.558	1 2	1 2	2 2	1 2	1 2	2 2	2 2	2 1	1 2	1 2	2 0	1 0	2 0	2 0	2 0	1 2	1 2	2 1	2 2	1 2
1198	0	4.558	4.558	1 2	1 2	2 2	1 2	1 2	2 2	2 2	2 1	1 2	1 2	2 0	1 0	2 0	2 0	2 0	1 2	1 2	2 1	2 2	1 2
12844	0	4.558	4.558	1 2	1 2	2 2	1 2	1 2	2 2	2 2	2 1	1 2	1 2	2 0	1 0	2 0	2 0	2 0	1 2	1 2	2 1	2 2	1 2
12799	0	4.558	4.558	1 2	1 2	2 2	1 2	1 2	2 2	2 2	2 1	1 2	1 2	2 0	1 0	2 0	2 0	2 0	1 2	1 2	2 1	2 2	1 2
1227	0	4.558	4.558	1 2	1 2	2 2	1 2	1 2	2 2	2 2	2 1	1 2	1 2	2 0	1 0	2 0	2 0	2 0	1 2	1 2	2 1	2 2	1 2
843	0	4.558	4.558	1 2	1 2	2 2	1 2	1 2	2 2	2 2	2 1	1 2	1 2	2 0	1 0	2 0	2 0	2 0	1 2	1 2	2 1	2 2	1 2
12882	0	4.558	4.558	1 2	1 2	2 2	1 2	1 2	2 2	2 2	2 1	1 2	1 2	2 0	1 0	2 0	2 0	2 0	1 2	1 2	2 1	2 2	1 2
1218	0	4.558	4.558	1 2	1 2	2 2	1 2	1 2	2 2	2 2	2 1	1 2	1 2	2 0	1 0	2 0	2 0	2 0	1 2	1 2	2 1	2 2	1 2
12925	0	4.558	4.558	1 2	1 2	2 2	1 2	1 2	2 2	2 2	2 1	1 2	1 2	2 0	1 0	2 0	2 0	2 0	1 2	1 2	2 1	2 2	1 2
12958	0	4.558	4.558	1 2	1 2	2 2	1 2	1 2	2 2	2 2	2 1	1 2	1 2	2 0	1 0	2 0	2 0	2 0	1 2	1 2	2 1	2 2	1 2
12800	0	4.558	4.558	1 2	1 2	2 2	1 2	1 2	2 2	2 2	2 1	1 2	1 2	2 0	1 0	2 0	2 0	2 0	1 2	1 2	2 1	2 2	1 2
12938	0	4.558	4.558	1 2	1 2	2 2	1 2	1 2	2 2	2 2	2 1	1 2	1 2	2 0	1 0	2 0	2 0	2 0	1 2	1 2	2 1	2 2	1 2
12878	0	4.558	4.558	1 2	1 2	2 2	1 2	1 2	2 2	2 2	2 1	1 2	1 2	2 0	1 0	2 0	2 0	2 0	1 2	1 2	2 1	2 2	1 2
12929	0	4.558	4.558	1 2	1 2	2 2	1 2	1 2	2 2	2 2	2 1	1 2	1 2	2 0	1 0	2 0	2 0	2 0	1 2	1 2	2 1	2 2	1 2
17972	0	4.558	4.558	1 2	1 2	2 2	1 2	1 2	2 2	2 2	2 1	1 2	1 2	2 0	1 0	2 0	2 0	2 0	1 2	1 2	2 1	2 2	1 2
12888	0	4.558	4.558	1 2	1 2	2 2	1 2	1 2	2 2	2 2	2 1	1 2	1 2	2 0	1 0	2 0	2 0	2 0	1 2	1 2	2 1	2 2	1 2
12894	0	4.558	4.558	1 2	1 2	2 2	1 2	1 2	2 2	2 2	2 1	1 2	1 2	2 0	1 0	2 0	2 0	2 0	1 2	1 2	2 1	2 2	1 2
1208	0	4.558	4.558	1 2	1 2	2 2	1 2	1 2	2 2	2 2	2 1	1 2	1 2	2 0	1 0	2 0	2 0	2 0	1 2	1 2	2 1	2 2	1 2
20384	0	4.558	4.558	1 2	1 2	2 2	1 2	1 2	2 2	2 2	2 1	1 2	1 2	2 0	1 0	2 0	2 0	2 0	1 2	1 2	2 1	2 2	1 2
18360	0	4.558	4.558	1 2	1 2	2 2	1 2	1 2	2 2	2 2	2 1	1 2	1 2	2 0	1 0	2 0	2 0	2 0	1 2	1 2	2 1	2 2	1 2
1200	0	4.558	4.558	1 2	1 2	2 2	1 2	1 2	2 2	2 2	2 1	1 2	1 2	2 0	1 0	2 0	2 0	2 0	1 2	1 2	2 1	2 2	1 2
18363	0	4.558	4.558	1 2	1 2	2 2	1 2	1 2	2 2	2 2	2 1	1 2	1 2	2 0	1 0	2 0	2 0	2 0	1 2	1 2	2 1	2 2	1 2
17824	0	4.558	4.558	1 2	1 2	2 2	1 2	1 2	2 2	2 2	2 1	1 2	1 2	2 0	1 0	2 0	2 0	2 0	1 2	1 2	2 1	2 2	1 2
13137	0	4.558	4.558	1 2	1 2	2 2	1 2	1 2	2 2	2 2	2 1	1 2	1 2	2 0	1 0	2 0	2 0	2 0	1 2	1 2	2 1	2 2	1 2
12875	0	4.558	4.558	1 2	1 2	2 2	1 2	1 2	2 2	2 2	2 1	1 2	1 2	2 0	1 0	2 0	2 0	2 0	1 2	1 2	2 1	2 2	1 2
12901	0	4.558	4.558	1 2	1 2	2 2	1 2	1 2	2 2	2 2	2 1	1 2	1 2	2 0	1 0	2 0	2 0	2 0	1 2	1 2	2 1	2 2	1 2
10178	0	4.558	4.558	1 2	1 2	2 2	1 2	1 2	2 2	2 2	2 1	1 2	1 2	2 0	1 0	2 0	2 0	2 0	1 2	1 2	2 1	2 2	1 2
12859	0	4.558	4.558	1 2	1 2	2 2	1 2	1 2	2 2	2 2	2 1	1 2	1 2	2 0	1 0	2 0	2 0	2 0	1 2	1 2	2 1	2 2	1 2
19243	0	4.558	4.558	1 2	1 2	2 2	1 2	1 2	2 2	2 2	2 1	1 2	1 2	2 0	1 0	2 0	2 0	2 0	1 2	1 2	2 1	2 2	1 2
12862	0	4.558	4.558	1 2	1 2	2 2	1 2	1 2	2 2	2 2	2 1	1 2	1 2	2 0	1 0	2 0	2 0	2 0	1 2	1 2	2 1	2 2	1 2
1213	0	4.558	4.558	1 2	1 2	2 2	1 2	1 2	2 2	2 2	2 1	1 2	1 2	2 0	1 0	2 0	2 0	2 0	1 2	1 2	2 1	2 2	1 2
12887	0	4.558	4.558	1 2	1 2	2 2	1 2	1 2	2 2	2 2	2 1	1 2	1 2	2 0	1 0	2 0	2 0	2 0	1 2	1 2	2 1	2 2	1 2
19466	0	4.558	4.558	1 2	1 2	2 2	1 2	1 2	2 2	2 2	2 1	1 2	1 2	2 0	1 0	2 0	2 0	2 0	1 2	1 2	2 1	2 2	1 2
12957	0	4.558	4.558	1 2	1 2	2 2	1 2	1 2	2 2	2 2	2 1	1 2	1 2	2 0	1 0	2 0	2 0	2 0	1 2	1 2	2 1	2 2	1 2
12856	0	4.558	4.558	1 2	1 2	2 2	1 2	1 2	2 2	2 2	2 1	1 2	1 2	2 0	1 0	2 0	2 0	2 0	1 2	1 2	2 1	2 2	1 2
1202	0	4.558	4.558	1 2	1 2	2 2	1 2	1 2	2 2	2 2	2 1	1 2	1 2	2 0	1 0	2 0	2 0	2 0	1 2	1 2	2 1	2 2	1 2
12936	0	4.558	4.558	1 2	1 2	2 2	1 2	1 2	2 2	2 2	2 1	1 2	1 2	2 0	1 0	2 0	2 0	2 0	1 2	1 2	2 1	2 2	1 2
12896	0	4.558	4.558	1 2	1 2	2 2	1 2	1 2	2 2	2 2	2 1	1 2	1 2	2 0	1 0	2 0	2 0	2 0	1 2	1 2	2 1	2 2	1 2
12849	0	4.558	4.558	1 2	1 2	2 2	1 2	1 2	2 2	2 2	2 1	1 2	1 2	2 0	1 0	2 0	2 0	2 0	1 2	1 2	2 1	2 2	1 2
7590	0	4.558	4.558	1 2	1 2	2 2	1 2	1 2	2 2	2 2	2 1	1 2	1 2	2 0	1 0	2 0	2 0	2 0	1 2	1 2	2 1	2 2	1 2
8220	0	4.558	4.558	1 2	1 2	2 2	1 2	1 2	2 2	2 2	2 1	1 2	1 2	2 0	1 0	2 0	2 0	2 0	1 2	1 2	2 1	2 2	1 2
12903	0	4.558	4.558	1 2	1 2	2 2	1 2	1 2	2 2	2 2	2 1	1 2	1 2	2 0	1 0	2 0	2 0	2 0	1 2	1 2	2 1	2 2	1 2
17977	0	4.558	4.558	1 2	1 2	2 2	1 2	1 2	2 2	2 2	2 1	1 2	1 2	2 0	1 0	2 0	2 0	2 0	1 2	1 2	2 1	2 2	1 2
17282	0	4.558	4.558	1 2	1 2	2 2	1 2	1 2	2 2	2 2	2 1	1 2	1 2	2 0	1 0	2 0	2 0	2 0	1 2	1 2	2 1	2 2	1 2
1229	0	4.558	4.558	1 2	1 2	2 2	1 2	1 2	2 2	2 2	2 1	1 2	1 2	2 0	1 0	2 0	2 0	2 0	1 2	1 2	2 1	2 2	1 2
17954	0	4.558	4.558	1 2	1 2	2 2	1 2	1 2	2 2	2 2	2 1	1 2	1 2	2 0	1 0	2 0	2 0	2 0	1 2	1 2	2 1	2 2	1 2
1234	0	9.116	9.116	1 2	1 2	2 2	1 2	0 2	2 2	2 2	2 1	1 2	1 2	2 0	1 0	2 0	2 0	2 0	1 2	1 2	2 1	2 2	1 2
18263	0	9.116	9.116	1 2	1 2	2 2	1 2	0 2	2 2	2 2	2 1	1 2	1 2	2 0	1 0	2 0	2 0	2 0	1 2	1 2	2 1	2 2	1 2
1939	0	9.116	9.116	1 2	1 2	2 2	1 2	0 2	2 2	2 2	2 1	1 2	1 2	2 0	1 0	2 0	2 0	2 0	1 2	1 2	2 1	2 2	1 2
12861	0	9.116	9.116	1 2	1 2	2 2	1 2	0 2	2 2	2 2	2 1	1 2	1 2	2 0	1 0	2 0	2 0	2 0	1 2	1 2	2 1	2 2	1 2
12917	0	9.116	9.116	1 2	1 2	2 2	1 2	0 2	2 2	2 2	2 1	1 2	1 2	2 0	1 0	2 0	2 0	2 0	1 2	1 2	2 1	2 2	1 2
12870	0	9.116	9.116	1 2	1 2	2 2	1 2	0 2	2 2	2 2	2 1	1 2	1 2	2 0	1 0	2 0	2 0	2 0	1 2	1 2	2 1	2 2	1 2
9176	0	9.116	9.116	1 2	1 2	2 2	1 2	2 2	2 2	2 2	2 1	1 2	1 2	2 0	1 0	2 0	2 0	2 0	1 2	1 2	2 1	2 2	1 2
11545	0	9.116	9.116	1 2	1 2	2 2	1 2	2 2	2 2	2 2	2 1	1 2	1 2	2 0	1 0	2 0	2 0	2 0	1 2	1 2	2 1	2 2	1 2
12193	0	9.116	9.116	1 2	1 2	2 2	1 2	2 2	2 2	2 2	2 1	1 2	1 2	2 0	1 0	2 0	2 0	2 0	1 2	1 2	2 1	2 2	1 2
12874	0	9.116	9.116	1 2	1 2	2 2	1 2	2 2	2 2	2 2	2 1	1 2	1 2	2 0	1 0	2 0	2 0	2 0	1 2	1 2	2 1	2 2	1 2
12953	0	9.116	9.116	1 2	1 2	2 2	1 2	2 2	2 2	2 2	2 1	1 2	1 2	2 0	1 0	2 0	2 0	2 0	1 2	1 2	2 1	2 2	1 2
12907	0	9.116	9.116	1 2	1 2	2 2	1 2	2 2	2 2	2 2	2 1	1 2	1 2	2 0	1 0	2 0	2 0	2 0	1 2	1 2	2 1	2 2	1 2
12851	0	9.116	9.116	1 2	1 2	2 2	1 2	2 2	2 2	2 2	2 1	1 2	1 2	2 0	1 0	2 0	2 0	2 0	1 2	1 2	2 1	2 2	1 2
1222	0	9.116	9.116	1 2	1 2	2 2	1 2	2 2	2 2	2 2	2 1	1 2	1 2	2 0	1 0	2 0	2 0	2 0	1 2	1 2	2 1	2 2	1 2
12911	0	9.116	9.116	1 2	1 2	2 2	1 2	2 2	2 2	2 2	2 1	1 2	1 2	2 0	1 0	2 0	2 0	2 0	1 2	1 2	2 1	2 2	1 2
864	0	9.116	9.116	1 2	1 2	2 2	1 2	2 2	2 2	2 2	2 1	1 2	1 2	2 0	1 0	2 0	2 0	2 0	1 2	1 2	2 1	2 2	1 2
15015	0	9.116	9.116	1 2	1 2	2 2	1 2	2 2	2 2	2 2	2 1	1 2	1 2	2 0	1 0	2 0	2 0	2 0	1 2	1 2	2 1	2 2	1 2
12865	0	23.106	23.106	1 2	1 2	0 2	0 2	2 2	0 2	2 2	2 1	1 2	1 2	2 0	1 0	2 0	2 0	2 0	1 2	1 2	2 1	2 2	1 2
12872	0	23.106	23.106	1 2	1 2	0 2	0 2	2 2	0 2	2 2	2 1	1 2	1 2	2 0	1 0	2 0	2 0	2 0	1 2	1 2	2 1	2 2	1 2
1210	0	23.106	23.106	1 2	1 2	0 2	0 2	2 2	0 2	2 2	2 1	1 2	1 2	2 0	1 0	2 0	2 0	2 0	1 2	1 2	2 1	2 2	1 2
12871	0	23.106	23.106	1 2	1 2	0 2	0 2	2 2	0 2	2 2	2 1	1 2	1 2	2 0	1 0	2 0	2 0	2 0	1 2	1 2	2 1	2 2	1 2
12909	0	23.106	23.106	1 2	1 2	0 2	0 2	2 2	0 2	2 2	2 1	1 2	1 2	2 0	1 0	2 0	2 0	2 0	1 2	1 2	2 1	2 2	1 2
12846	0	23.106	23.106	1 2	1 2	0 2	0 2	2 2	0 2	2 2	2 1	1 2	1 2	2 0	1 0	2 0	2 0	2 0	1 2	1 2	2 1	2 2	1 2
1216	0	23.106	23.106	1 2	1 2	0 2	0 2	2 2	0 2	2 2	2 1	1 2	1 2	2 0	1 0	2 0	2 0	2 0	1 2	1 2	2 1	2 2	1 2
12933	0	23.106	23.106	1 2	1 2	0 2	0 2	2 2	0 2	2 2	2 1	1 2	1 2	2 0	1 0	2 0	2 0	2 0	1 2	1 2	2 1	2 2	1 2
12927	0	23.106	23.106	1 2	1 2	0 2	0 2	2 2	0 2	2 2	2 1	1 2	1 2	2 0	1 0	2 0	2 0	2 0	1 2	1 2	2 1	2 2	1 2
12928	0	23.106	23.106	1 2	1 2	0 2	0 2	2 2	0 2	2 2	2 1	1 2	1 2	2 0	1 0	2 0	2 0	2 0	1 2	1 2	2 1	2 2	1 2
1225	0	23.106	23.106	1 2	1 2	0 2	0 2	2 2	0 2	2 2	2 1	1 2	1 2	2 0	1 0	2 0	2 0	2 0	1 2	1 2	2 1	2 2	1 2
12489	0	23.106	23.106	1 2	1 2	0 2	0 2	2 2	0 2	2 2	2 1	1 2	1 2	2 0	1 0	2 0	2 0	2 0	1 2	1 2	2 1	2 2	1 2
18343	0	23.106	23.106	1 2	1 2	1 2	2 2	2 2	1 2	2 2	2 1	1 2	1 2	2 0	1 0	2 0	2 0	2 0	1 2	1 2	2 1	2 2	1 2
1201	0	32.300	32.300	1 2	1 2	1 2	2 2	2 2	1 2	0 2	0 1	1 2	1 2	2 0	1 0	2 0	2 0	2 0	1 2	1 2	2 1	2 2	1 2
1203	0	32.300	32.300	1 2	1 2	1 2	2 2	2 2	1 2	0 2	0 1	1 2	1 2	2 0	1 0	2 0	2 0	2 0	1 2	1 2	2 1	2 2	1 2
12910	0	32.300	32.300	1 2	1 2	1 2	2 2	2 2	1 2	1 2	1 1	1 2	1 2	2 0	1 0	2 0	2 0	2 0	1 2	1 2	2 1	2 2	1 2
18311	0	32.300	32.300	1 2	1 2	1 2	2 2	2 2	1 2	1 2	1 1	1 2	1 2	2 0	1 0	2 0	2 0	2 0	1 2	1 2	2 1	2 2	1 2
1199	0	32.300	32.300	1 2	1 2	1 2	2 2	2 2	1 2	1 2	1 1	1 2	1 2	2 0	1 0	2 0	2 0	2 0	1 2	1 2	2 1	2 2	1 2
12848	0	32.300	32.300	1 2	1 2	1 2	2 2	2 2	1 2	1 2	1 1	1 2	1 2	2 0	1 0	2 0	2 0	2 0	1 2	1 2	2 1	2 2	1 2
15481	0	32.300	32.300	1 2	1 2	1 2	2 2	2 2	1 2	1 2	1 1	1 2	1 2	2 0	1 0	2 0	2 0	2 0	1 2	1 2	2 1	2 2	1 2
12803	0	32.300	32.300	1 2	1 2	1 2	2 2	2 2	1 2	1 2	1 1	1 2	1 2	2 0	1 0	2 0	2 0	2 0	1 2	1 2	2 1	2 2	1 2
4103	0	32.300	32.300	1 2	1 2	1 2	2 2	2 2	1 2	1 2	1 1	1 2	1 2	2 0	1 0	2 0	2 0	2 0	1 2	1 2	2 1	2 2	1 2
12890	0	32.300	32.300	1 2	1 2	1 2	2 2	2 2	1 2	1 2	1 1	1 2	1 2	2 0	1 0	2 0	2 0	2 0	1 2	1 2	2 1	2 2	1 2
12918	0	32.300	32.300	1 2	1 2	1 2	2 2	2 2	1 2	1 2	1 1	1 2	1 2	2 0	1 0	2 0	2 0	2 0	1 2	1 2	2 1	2 2	1 2
6273	0	32.300	32.300	1 2	1 2	1 2	2 2	2 2	1 2	1 2	1 1	1 2	1 2	2 0	1 0	2 0	2 0	2 0	1 2	1 2	2 1	2 2	1 2
12855	0	32.300	32.300	1 2	1 2	1 2	2 2	2 2	1 2	1 2	1 1	1 2	1 2	2 0	1 0	2 0	2 0	2 0	1 2	1 2	2 1	2 2	1 2
12900	0	32.300	32.300	1 2	1 2	1 2	2 2	2 2	1 2	1 2	1 1	1 2	1 2	2 0	1 0	2 0	2 0	2 0	1 2	1 2	2 1	2 2	1 2
12897	0	32.300	32.300	1 2	1 2	1 2	2 2	2 2	1 2	1 2	1 1	1 2	1 2	2 0	1 0	2 0	2 0	2 0	1 2	1 2	2 1	2 2	1 2
12919	0	32.300	32.300	1 2	1 2	1 2	2 2	2 2	1 2	1 2	1 1	1 2	1 2	2 0	1 0	2 0	2 0	2 0	1 2	1 2	2 1	2 2	1 2
12908	0	32.300	32.300	1 2	1 2	1 2	2 2	2 2	1 2	1 2	1 1	1 2	1 2	2 0	1 0	2 0	2 0	2 0	1 2	1 2	2 1	2 2	1 2
8504	0	32.300	32.300	1 2	1 2	1 2	2 2	2 2	1 2	1 2	1 1	1 2	1 2	2 0	1 0	2 0	2 0	2 0	1 2	1 2	2 1	2 2	1 2
10426	0	32.300	32.300	1 2	1 2	1 2	2 2	2 2	1 2	1 2	1 1	1 2	1 2	2 0	1 0	2 0	2 0	2 0	1 2	1 2	2 1	2 2	1 2
19675	0	32.300	32.300	1 2	1 2	1 2	2 2	2 2	1 2	1 2	1 1	1 2	1 2	2 0	1 0	2 0	2 0	2 0	1 2	1 2	2 1	2 2	1 2
18325	0	32.300	32.300	1 2	1 2	1 2	2 2	2 2	1 2	1 2	1 1	1 2	1 2	2 0	1 0	2 0	2 0	2 0	1 2	1 2	2 1	2 2	1 2
12879	0	32.300	32.300	1 2	1 2	1 2	2 2	2 2	1 2	1 2	1 1	1 2	1 2	2 0	1 0	2 0	2 0	2 0	1 2	1 2	2 1	2 2	1 2
1211	0	32.300	32.300	1 2	1 2	1 2	2 2	2 2	1 2	1 2	1 1	1 2	1 2	2 0	1 0	2 0	2 0	2 0	1 2	1 2	2 1	2 2	1 2
1228	0	32.300	32.300	1 2	1 2	1 2	2 2	2 2	1 2	1 2	1 1	1 2	1 2	2 0	1 0	2 0	2 0	2 0	1 2	1 2	2 1	2 2	1 2
12857	0	32.300	32.300	1 2	1 2	1 2	2 2	2 2	1 2	1 2	1 1	1 2	1 2	2 0	1 0	2 0	2 0	2 0	1 2	1 2	2 1	2 2	1 2
12798	0	32.300	32.300	1 2	1 2	1 2	2 2	2 2	1 2	1 2	1 1	1 2	1 2	2 0	1 0	2 0	2 0	2 0	1 2	1 2	2 1	2 2	1 2
12886	0	32.300	32.300	1 2	1 2	1 2	2 2	2 2	1 2	1 2	1 1	1 2	1 2	2 0	1 0	2 0	2 0	2 0	1 2	1 2	2 1	2 2	1 2
4572	0	32.300	32.300	1 2	1 2	1 2	2 2	2 2	1 2	1 2	1 1	1 2	1 2	2 0	1 0	2 0	2 0	2 0	1 2	1 2	2 1	2 2	1 2
16907	0	32.300	32.300	1 2	1 2	1 2	2 2	2 2	1 2	1 2	1 1	1 2	1 2	2 0	1 0	2 0	2 0	2 0	1 2	1 2	2 1	2 2	1 2
3591	0	32.300	32.300	1 2	1 2	1 2	2 2	2 2	1 2	1 2	1 1	1 2	1 2	2 0	1 0	2 0	2 0	2 0	1 2	1 2	2 1	2 2	1 2
12906	0	32.300	32.300	1 2	1 2	1 2	2 2	2 2	1 2	1 2	1 1	1 2	1 2	2 0	1 0	2 0	2 0	2 0	1 2	1 2	2 1	2 2	1 2
1221	0	32.300	32.300	1 2	1 2	1 2	2 2	2 2	1 2	1 2	1 1	1 2	1 2	2 0	1 0	2 0	2 0	2 0	1 2	1 2	2 1	2 2	1 2
12904	0	32.300	32.300	1 2	1 2	1 2	2 2	2 2	1 2	1 2	1 1	1 2	1 2	2 0	1 0	2 0	2 0	2 0	1 2	1 2	2 1	2 2	1 2
12934	0	32.300	32.300	1 2	1 2	1 2	2 2	2 2	1 2	1 2	1 1	1 2	1 2	2 0	1 0	2 0	2 0	2 0	1 2	1 2	2 1	2 2	1 2
12873	0	32.300	32.300	1 2	1 2	1 2	2 2	2 2	1 2	1 2	1 1	1 2	1 2	2 0	1 0	2 0	2 0	2 0	1 2	1 2	2 1	2 2	1 2
12883	0	32.300	32.300	1 2	1 2	1 2	2 2	2 2	1 2	1 2	1 1	1 2	1 2	2 0	1 0	2 0	2 0	2 0	1 2	1 2	2 1	2 2	1 2
17590	0	32.300	32.300	1 2	1 2	1 2	2 2	2 2	1 2	1 2	1 1	1 2	1 2	2 0	1 0	2 0	2 0	2 0	1 2	1 2	2 1	2 2	1 2
12956	0	32.300	32.300	1 2	1 2	1 2	2 2	2 2	1 2	1 2	1 1	1 2	1 2	2 0	1 0	2 0	2 0	2 0	1 2	1 2	2 1	2 2	1 2
1212	0	32.300	32.300	1 2	1 2	1 2	2 2	2 2	1 2	1 2	1 1	1 2	1 2	2 0	1 0	2 0	2 0	2 0	1 2	1 2	2 1	2 2	1 2
1219	0	32.300	32.300	1 2	1 2	1 2	2 2	2 2	1 2	1 2	1 1	1 2	1 2	2 0	1 0	2 0	2 0	2 0	1 2	1 2	2 1	2 2	1 2
1226	0	32.300	32.300	1 2	1 2	1 2	2 2	2 2	1 2	1 2	1 1	1 2	1 2	2 0	1 0	2 0	2 0	2 0	1 2	1 2	2 1	2 2	1 2
5286	0	32.300	32.300	1 2	1 2	1 2	2 2	2 2	1 2	1 2	1 1	1 2	1 2	2 0	1 0	2 0	2 0	2 0	1 2	1 2	2 1	2 2	1 2
19105	0	32.300	32.300	1 2	1 2	1 2	2 2	2 2	1 2	1 2	1 1	1 2	1 2	2 0	1 0	2 0	2 0	2 0	1 2	1 2	2 1	2 2	1 2
12899	0	32.300	32.300	1 2	1 2	1 2	2 2	2 2	1 2	1 2	1 1	1 2	1 2	2 0	1 0	2 0	2 0	2 0	1 2	1 2	2 1	2 2	1 2
12954	0	32.300	32.300	1 2	1 2	1 2	2 2	2 2	1 2	1 2	1 1	1 2	1 2	2 0	1 0	2 0	2 0	2 0	1 2	1 2	2 1	2 2	1 2
1009	0	32.300	32.300	1 2	1 2	1 2	2 2	2 2	1 2	1 2	1 1	1 2	1 2	2 0	1 0	2 0	2 0	2 0	1 2	1 2	2 1	2 2	1 2
12916	0	32.300	32.300	1 2	1 2	1 2	2 2	2 2	1 2	1 2	1 1	1 2	1 2	2 0	1 0	2 0	2 0	2 0	1 2	1 2	2 1	2 2	1 2
12847	0	32.300	32.300	1 2	1 2	1 2	2 2	2 2	1 2	1 2	1 1	1 2	1 2	2 0	1 0	2 0	2 0	2 0	1 2	1 2	2 1	2 2	1 2
1220	0	32.300	32.300	1 2	1 2	1 2	2 2	2 2	1 2	1 2	1 1	1 2	1 2	2 0	1 0	2 0	2 0	2 0	1 2	1 2	2 1	2 2	1 2
12876	0	32.300	32.300	1 2	1 2	1 2	2 2	2 2	1 2	1 2	1 1	1 2	1 2	2 0	1 0	2 0	2 0	2 0	1 2	1 2	2 1	2 2	1 2
12801	0	32.300	32.300	1 2	1 2	1 2	2 2	2 2	1 2	1 2	1 1	1 2	1 2	2 0	1 0	2 0	2 0	2 0	1 2	1 2	2 1	2 2	1 2
12902	0	32.300	32.300	1 2	1 2	1 2	2 2	2 2	1 2	1 2	1 1	1 2	1 2	2 0	1 0	2 0	2 0	2 0	1 2	1 2	2 1	2 2	1 2
12921	0	32.300	32.300	1 2	1 2	1 2	2 2	2 2	1 2	1 2	1 1	1 2	1 2	2 0	1 0	2 0	2 0	2 0	1 2	1 2	2 1	2 2	1 2
12853	0	32.300	32.300	1 2	1 2	1 2	2 2	2 2	1 2	1 2	1 1	1 2	1 2	2 0	1 0	2 0	2 0	2 0	1 2	1 2	2 1	2 2	1 2
12863	0	32.300	32.300	1 2	1 2	1 2	2 2	2 2	1 2	1 2	1 1	1 2	1 2	2 0	1 0	2 0	2 0	2 0	1 2	1 2	2 1	2 2	1 2
12869	0	32.300	32.300	1 2	1 2	1 2	2 2	2 2	1 2	1 2	1 1	1 2	1 2	2 0	1 0	2 0	2 0	2 0	1 2	1 2	2 1	2 2	1 2
8351	0	32.300	32.300	1 2	1 2	1 2	2 2	2 2	1 2	1 2	1 1	1 2	1 2	2 0	1 0	2 0	2 0	2 0	1 2	1 2	2 1	2 2	1 2
12868	0	32.300	32.300	1 2	1 2	1 2	2 2	2 2	1 2	1 2	1 1	1 2	1 2	2 0	1 0	2 0	2 0	2 0	1 2	1 2	2 1	2 2	1 2
18302	0	32.300	32.300	1 2	1 2	1 2	2 2	2 2	1 2	1 2	1 1	1 2	1 2	2 0	1 0	2 0	2 0	2 0	1 2	1 2	2 1	2 2	1 2
6849	0	32.300	32.300	1 2	1 2	1 2	2 2	2 2	1 2	1 2	1 1	1 2	1 2	2 0	1 0	2 0	2 0	2 0	1 2	1 2	2 1	2 2	1 2
12885	0	32.300	32.300	1 2	1 2	1 2	2 2	2 2	1 2	1 2	1 1	1 2	1 2	2 0	1 0	2 0	2 0	2 0	1 2	1 2	2 1	2 2	1 2
18365	0	32.300	32.300	1 2	1 2	1 2	2 2	2 2	1 2	1 2	1 1	1 2	1 2	2 0	1 0	2 0	2 0	2 0	1 2	1 2	2 1	2 2	1 2
10403	0	32.300	32.300	1 2	1 2	1 2	2 2	2 2	1 2	1 2	1 1	1 2	1 2	2 0	1 0	2 0	2 0	2 0	1 2	1 2	2 1	2 2	1 2
14275	0	32.300	32.300	1 2	1 2	1 2	2 2	2 2	1 2	1 2	1 1	1 2	1 2	2 0	1 0	2 0	2 0	2 0	1 2	1 2	2 1	2 2	1 2
12864	0	32.300	32.300	1 2	1 2	1 2	2 2	2 2	1 2	1 2	1 1	1 2	1 2	2 0	1 0	2 0	2 0	2 0	1 2	1 2	2 1	2 2	1 2
12931	0	32.300	32.300	1 2	1 2	1 2	2 2	2 2	1 2	1 2	1 1	1 2	1 2	2 0	1 0	2 0	2 0	2 0	1 2	1 2	2 1	2 2	1 2
12895	0	32.300	32.300	1 2	1 2	1 2	2 2	2 2	1 2	1 2	1 1	1 2	1 2	2 0	1 0	2 0	2 0	2 0	1 2	1 2	2 1	2 2	1 2
12920	0	32.300	32.300	1 2	1 2	1 2	2 2	2 2	1 2	1 2	1 1	1 2	1 2	2 0	1 0	2 0	2 0	2 0	1 2	1 2	2 1	2 2	1 2
12852	0	32.300	32.300	1 2	1 2	1 2	2 2	2 2	1 2	1 2	1 1	1 2	1 2	2 0	1 0	2 0	2 0	2 0	1 2	1 2	2 1	2 2	1 2
1196	0	32.300	32.300	1 2	1 2	1 2	2 2	2 2	1 2	1 2	1 1	1 2	1 2	2 0	1 0	2 0	2 0	2 0	1 2	1 2	2 1	2 2	1 2
12893	0	32.300	32.300	1 2	1 2	1 2	2 2	2 2	1 2	1 2	1 1	1 2	1 2	2 0	1 0	2 0	2 0	2 0	1 2	1 2	2 1	2 2	1 2
12912	0	32.300	32.300	1 2	1 2	1 2	2 2	2 2	1 2	1 2	1 1	1 2	1 2	2 0	1 0	2 0	2 0	2 0	1 2	1 2	2 1	2 2	1 2
12922	0	32.300	32.300	1 2	1 2	1 2	2 2	2 2	1 2	1 2	1 1	1 2	1 2	2 0	1 0	2 0	2 0	2 0	1 2	1 2	2 1	2 2	1 2
18264	0	32.300	32.300	1 2	1 2	1 2	2 2	2 2	1 2	1 2	1 1	1 2	1 2	2 0	1 0	2 0	2 0	2 0	1 2	1 2	2 1	2 2	1 2
12877	0	32.300	32.300	1 2	1 2	1 2	2 2	2 2	1 2	1 2	1 1	1 2	1 2	2 0	1 0	2 0	2 0	2 0	1 2	1 2	2 1	2 2	1 2
9916	0	32.300	32.300	1 2	1 2	1 2	2 2	2 2	1 2	1 2	1 1	1 2	1 2	2 0	1 0	2 0	2 0	2 0	1 2	1 2	2 1	2 2	1 2
10974	0	32.300	32.300	1 2	1 2	1 2	2 2	2 2	1 2	1 2	1 1	1 2	1 2	2 0	1 0	2 0	2 0	2 0	1 2	1 2	2 1	2 2	1 2
12889	0	32.300	32.300	1 2	1 2	1 2	2 2	2 2	1 2	1 2	1 1	1 2	1 2	2 0	1 0	2 0	2 0	2 0	1 2	1 2	2 1	2 2	1 2
20497	0	0.000	0.000	1 2	1 2	2 1	2 1	1 2	2 2	2 1	1 2	1 2	1 2	1 1	2 2	1 2	1 2	2 2	1 2	1 2	0 1	0 2	0 2
11837	0	0.000	0.000	1 2	1 2	2 1	2 1	1 2	2 2	2 1	1 2	1 2	1 2	1 1	2 2	1 2	1 2	2 2	1 2	1 2	0 1	0 2	0 2
10420	0	0.000	0.000	1 2	1 2	2 1	2 1	1 2	2 2	2 1	1 2	1 2	1 2	1 1	2 2	1 2	1 2	2 2	1 2	1 2	0 1	0 2	0 2
12016	0	0.000	0.000	1 2	1 2	2 1	2 1	1 2	2 2	2 1	1 2	1 2	1 2	1 1	2 2	1 2	1 2	2 2	1 2	1 2	0 1	0 2	0 2
20506	0	0.000	0.000	1 2	1 2	2 1	2 1	1 2	2 2	2 1	1 2	1 2	1 2	1 1	2 2	1 2	1 2	2 2	1 2	1 2	0 1	0 2	0 2
11945	0	0.000	0.000	1 2	1 2	2 1	2 1	1 2	2 2	2 1	1 2	1 2	1 2	1 1	2 2	1 2	1 2	2 2	1 2	1 2	0 1	0 2	0 2
10434	0	0.000	0.000	1 2	1 2	2 1	2 1	1 2	2 2	2 1	1 2	1 2	1 2	1 1	2 2	1 2	1 2	2 2	1 2	1 2	0 1	0 2	0 2
11843	0	0.000	0.000	1 2	1 2	2 1	2 1	1 2	2 2	2 1	1 2	1 2	1 2	1 1	2 2	1 2	1 2	2 2	1 2	1 2	0 1	0 2	0 2
13152	0	0.000	0.000	1 2	1 2	2 1	2 1	1 2	2 2	2 1	1 2	1 2	1 2	1 1	2 2	1 2	1 2	2 2	1 2	1 2	0 1	0 2	0 2
11796	0	0.000	0.000	1 2	1 2	2 1	2 1	1 2	2 2	2 1	1 2	1 2	1 2	1 1	2 2	1 2	1 2	2 2	1 2	1 2	0 1	0 2	0 2
20495	0	0.000	0.000	1 2	1 2	2 1	2 1	1 2	2 2	2 1	1 2	1 2	1 2	1 1	2 2	1 2	1 2	2 2	1 2	1 2	0 1	0 2	0 2
11882	0	0.000	0.000	1 2	1 2	2 1	2 1	1 2	2 2	2 1	1 2	1 2	1 2	1 1	2 2	1 2	1 2	2 2	1 2	1 2	0 1	0 2	0 2
20496	0	0.000	0.000	1 2	1 2	2 1	2 1	1 2	2 2	2 1	1 2	1 2	1 2	1 1	2 2	1 2	1 2	2 2	1 2	1 2	0 1	0 2	0 2
11795	0	0.000	0.000	1 2	1 2	2 1	2 1	1 2	2 2	2 1	1 2	1 2	1 2	1 1	2 2	1 2	1 2	2 2	1 2	1 2	0 1	0 2	0 2
10399	0	0.000	0.000	1 2	1 2	2 1	2 1	1 2	2 2	2 1	1 2	1 2	1 2	1 1	2 2	1 2	1 2	2 2	1 2	1 2	0 1	0 2	0 2
12042	0	0.000	0.000	1 2	1 2	2 1	2 1	1 2	2 2	2 1	1 2	1 2	1 2	1 1	2 2	1 2	1 2	2 2	1 2	1 2	0 1	0 2	0 2
11817	0	0.000	0.000	1 2	1 2	2 1	2 1	1 2	2 2	2 1	1 2	1 2	1 2	1 1	2 2	1 2	1 2	2 2	1 2	1 2	0 1	0 2	0 2
11935	0	0.000	0.000	1 2	1 2	2 1	2 1	1 2	2 2	2 1	1 2	1 2	1 2	1 1	2 2	1 2	1 2	2 2	1 2	1 2	0 1	0 2	0 2
11799	0	0.000	0.000	1 2	1 2	2 1	2 1	1 2	2 2	2 1	1 2	1 2	1 2	1 1	2 2	1 2	1 2	2 2	1 2	1 2	0 1	0 2	0 2
10391	0	0.000	0.000	1 2	1 2	2 1	2 1	1 2	2 2	2 1	1 2	1 2	1 2	1 1	2 2	1 2	1 2	2 2	1 2	1 2	0 1	0 2	0 2
13114	0	0.000	0.000	1 2	1 2	2 1	2 1	1 2	2 2	2 1	1 2	1 2	1 2	1 1	2 2	1 2	1 2	2 2	1 2	1 2	0 1	0 2	0 2
11827	0	0.000	0.000	1 2	1 2	2 1	2 1	1 2	2 2	2 1	1 2	1 2	1 2	1 1	2 2	1 2	1 2	2 2	1 2	1 2	0 1	0 2	0 2
20486	0	0.000	0.000	1 2	1 2	2 1	2 1	1 2	2 2	2 1	1 2	1 2	1 2	1 1	2 2	1 2	1 2	2 2	1 2	1 2	0 1	0 2	0 2
11937	0	0.000	0.000	1 2	1 2	2 1	2 1	1 2	2 2	2 1	1 2	1 2	1 2	1 1	2 2	1 2	1 2	2 2	1 2	1 2	0 1	0 2	0 2
11871	0	0.000	0.000	1 2	1 2	2 1	2 1	1 2	2 2	2 1	1 2	1 2	1 2	1 1	2 2	1 2	1 2	2 2	1 2	1 2	0 1	0 2	0 2
13109	0	0.000	0.000	1 2	1 2	2 1	2 1	1 2	2 2	2 1	1 2	1 2	1 2	1 1	2 2	1 2	1 2	2 2	1 2	1 2	0 1	0 2	0 2
11804	0	0.000	0.000	1 2	1 2	2 1	2 1	1 2	2 2	2 1	1 2	1 2	1 2	1 1	2 2	1 2	1 2	2 2	1 2	1 2	0 1	0 2	0 2
20509	0	0.000	0.000	1 2	1 2	2 1	2 1	1 2	2 2	2 1	1 2	1 2	1 2	1 1	2 2	1 2	1 2	2 2	1 2	1 2	0 1	0 2	0 2
11891	0	0.000	0.000	1 2	1 2	2 1	2 1	1 2	2 2	2 1	1 2	1 2	1 2	1 1	2 2	1 2	1 2	2 2	1 2	1 2	0 1	0 2	0 2
11810	0	0.000	0.000	1 2	1 2	2 1	2 1	1 2	2 2	2 1	1 2	1 2	1 2	1 1	2 2	1 2	1 2	2 2	1 2	1 2	0 1	0 2	0 2
11921	0	0.000	0.000	1 2	1 2	2 1	2 1	1 2	2 2	2 1	1 2	1 2	1 2	1 1	2 2	1 2	1 2	2 2	1 2	1 2	0 1	0 2	0 2
20508	0	0.000	0.000	1 2	1 2	2 1	2 1	1 2	2 2	2 1	1 2	1 2	1 2	1 1	2 2	1 2	1 2	2 2	1 2	1 2	0 1	0 2	0 2
11822	0	0.000	0.000	1 2	1 2	2 1	2 1	1 2	2 2	2 1	1 2	1 2	1 2	1 1	2 2	1 2	1 2	2 2	1 2	1 2	0 1	0 2	0 2
13128	0	0.000	0.000	1 2	1 2	2 1	2 1	1 2	2 2	2 1	1 2	1 2	1 2	1 1	2 2	1 2	1 2	2 2	1 2	1 2	0 1	0 2	0 2
10412	0	0.000	0.000	1 2	1 2	2 1	2 1	1 2	2 2	2 1	1 2	1 2	1 2	1 1	2 2	1 2	1 2	2 2	1 2	1 2	0 1	0 2	0 2
11919	0	0.000	0.000	1 2	1 2	2 1	2 1	1 2	2 2	2 1	1 2	1 2	1 2	1 1	2 2	1 2	1 2	2 2	1 2	1 2	0 1	0 2	0 2
11877	0	0.000	0.000	1 2	1 2	2 1	2 1	1 2	2 2	2 1	1 2	1 2	1 2	1 1	2 2	1 2	1 2	2 2	1 2	1 2	0 1	0 2	0 2
20500	0	0.000	0.000	1 2	1 2	2 1	2 1	1 2	2 2	2 1	1 2	1 2	1 2	1 1	2 2	1 2	1 2	2 2	1 2	1 2	0 1	0 2	0 2
13145	0	0.000	0.000	1 2	1 2	2 1	2 1	1 2	2 2	2 1	1 2	1 2	1 2	1 1	2 2	1 2	1 2	2 2	1 2	1 2	0 1	0 2	0 2
20491	0	0.000	0.000	1 2	1 2	2 1	2 1	1 2	2 2	2 1	1 2	1 2	1 2	1 1	2 2	1 2	1 2	2 2	1 2	1 2	0 1	0 2	0 2
20483	0	0.000	0.000	1 2	1 2	2 1	2 1	1 2	2 2	2 1	1 2	1 2	1 2	1 1	2 2	1 2	1 2	2 2	1 2	1 2	0 1	0 2	0 2
11920	0	0.000	0.000	1 2	1 2	2 1	2 1	1 2	2 2	2 1	1 2	1 2	1 2	1 1	2 2	1 2	1 2	2 2	1 2	1 2	0 1	0 2	0 2
20484	0	0.000	0.000	1 2	1 2	2 1	2 1	1 2	2 2	2 1	1 2	1 2	1 2	1 1	2 2	1 2	1 2	2 2	1 2	1 2	0 1	0 2	0 2
12230	0	0.000	0.000	1 2	1 2	2 1	2 1	1 2	2 2	2 1	1 2	1 2	1 2	1 1	2 2	1 2	1 2	2 2	1 2	1 2	0 1	0 2	0 2
11838	0	0.000	0.000	1 2	1 2	2 1	2 1	1 2	2 2	2 1	1 2	1 2	1 2	1 1	2 2	1 2	1 2	2 2	1 2	1 2	0 1	0 2	0 2
11876	0	0.000	0.000	1 2	1 2	2 1	2 1	1 2	2 2	2 1	1 2	1 2	1 2	1 1	2 2	1 2	1 2	2 2	1 2	1 2	0 1	0 2	0 2
11821	0	0.000	0.000	1 2	1 2	2 1	2 1	1 2	2 2	2 1	1 2	1 2	1 2	1 1	2 2	1 2	1 2	2 2	1 2	1 2	0 1	0 2	0 2
12967	0	0.000	0.000	1 2	1 2	2 1	2 1	1 2	2 2	2 1	1 2	1 2	1 2	1 1	2 2	1 2	1 2	2 2	1 2	1 2	0 1	0 2	0 2
11912	0	0.000	0.000	1 2	1 2	2 1	2 1	1 2	2 2	2 1	1 2	1 2	1 2	1 1	2 2	1 2	1 2	2 2	1 2	1 2	0 1	0 2	0 2
11826	0	0.000	0.000	1 2	1 2	2 1	2 1	1 2	2 2	2 1	1 2	1 2	1 2	1 1	2 2	1 2	1 2	2 2	1 2	1 2	0 1	0 2	0 2
11886	0	0.000	0.000	1 2	1 2	2 1	2 1	1 2	2 2	2 1	1 2	1 2	1 2	1 1	2 2	1 2	1 2	2 2	1 2	1 2	0 1	0 2	0 2
20520	0	0.000	0.000	1 2	1 2	2 1	2 1	1 2	2 2	2 1	1 2	1 2	1 2	1 1	2 2	1 2	1 2	2 2	1 2	1 2	0 1	0 2	0 2
10419	0	0.000	0.000	1 2	1 2	2 1	2 1	1 2	2 2	2 1	1 2	1 2	1 2	1 1	2 2	1 2	1 2	2 2	1 2	1 2	0 1	0 2	0 2
3588	0	0.000	0.000	1 2	1 2	2 1	2 1	1 2	2 2	2 1	1 2	1 2	1 2	1 1	2 2	1 2	1 2	2 2	1 2	1 2	0 1	0 2	0 2
20516	0	0.000	0.000	1 2	1 2	2 1	2 1	1 2	2 2	2 1	1 2	1 2	1 2	1 1	2 2	1 2	1 2	2 2	1 2	1 2	0 1	0 2	0 2
20548	0	0.000	0.000	1 2	1 2	2 1	2 1	1 2	2 2	2 1	1 2	1 2	1 2	1 1	2 2	1 2	1 2	2 2	1 2	1 2	0 1	0 2	0 2
11906	0	0.000	0.000	1 2	1 2	2 1	2 1	1 2	2 2	2 1	1 2	1 2	1 2	1 1	2 2	1 2	1 2	2 2	1 2	1 2	0 1	0 2	0 2
20518	0	0.000	0.000	1 2	1 2	2 1	2 1	1 2	2 2	2 1	1 2	1 2	1 2	1 1	2 2	1 2	1 2	2 2	1 2	1 2	0 1	0 2	0 2
11898	0	0.000	0.000	1 2	1 2	2 1	2 1	1 2	2 2	2 1	1 2	1 2	1 2	1 1	2 2	1 2	1 2	2 2	1 2	1 2	0 1	0 2	0 2
10451	0	0.000	0.000	1 2	1 2	2 1	2 1	1 2	2 2	2 1	1 2	1 2	1 2	1 1	2 2	1 2	1 2	2 2	1 2	1 2	0 1	0 2	0 2
11830	0	0.000	0.000	1 2	1 2	2 1	2 1	1 2	2 2	2 1	1 2	1 2	1 2	1 1	2 2	1 2	1 2	2 2	1 2	1 2	0 1	0 2	0 2
11932	0	0.000	0.000	1 2	1 2	2 1	2 1	1 2	2 2	2 1	1 2	1 2	1 2	1 1	2 2	1 2	1 2	2 2	1 2	1 2	0 1	0 2	0 2
11834	0	0.000	0.000	1 2	1 2	2 1	2 1	1 2	2 2	2 1	1 2	1 2	1 2	1 1	2 2	1 2	1 2	2 2	1 2	1 2	0 1	0 2	0 2
12965	0	0.000	0.000	1 2	1 2	2 1	2 1	1 2	2 2	2 1	1 2	1 2	1 2	1 1	2 2	1 2	1 2	2 2	1 2	1 2	0 1	0 2	0 2
13119	0	0.000	0.000	1 2	1 2	2 1	2 1	1 2	2 2	2 1	1 2	1 2	1 2	1 1	2 2	1 2	1 2	2 2	1 2	1 2	0 1	0 2	0 2
11936	0	0.000	0.000	1 2	1 2	2 1	2 1	1 2	2 2	2 1	1 2	1 2	1 2	1 1	2 2	1 2	1 2	2 2	1 2	1 2	0 1	0 2	0 2
5744	0	0.000	0.000	1 2	1 2	2 1	2 1	1 2	2 2	2 1	1 2	1 2	1 2	1 1	2 2	1 2	1 2	2 2	1 2	1 2	0 1	0 2	0 2
3374	0	0.000	0.000	1 2	1 2	2 1	2 1	1 2	2 2	2 1	1 2	1 2	1 2	1 1	2 2	1 2	1 2	2 2	1 2	1 2	0 1	0 2	0 2
13131	0	0.000	0.000	1 2	1 2	2 1	2 1	1 2	2 2	2 1	1 2	1 2	1 2	1 1	2 2	1 2	1 2	2 2	1 2	1 2	0 1	0 2	0 2
11835	0	0.000	0.000	1 2	1 2	2 1	2 1	1 2	2 2	2 1	1 2	1 2	1 2	1 1	2 2	1 2	1 2	2 2	1 2	1 2	0 1	0 2	0 2
11933	0	0.000	0.000	1 2	1 2	2 1	2 1	1 2	2 2	2 1	1 2	1 2	1 2	1 1	2 2	1 2	1 2	2 2	1 2	1 2	0 1	0 2	0 2
12926	0	0.000	0.000	1 2	1 2	2 1	2 1	1 2	2 2	2 1	1 2	1 2	1 2	1 1	2 2	1 2	1 2	2 2	1 2	1 2	0 1	0 2	0 2
11887	0	0.000	0.000	1 2	1 2	2 1	2 1	1 2	2 2	2 1	1 2	1 2	1 2	1 1	2 2	1 2	1 2	2 2	1 2	1 2	0 1	0 2	0 2
11854	0	0.000	0.000	1 2	1 2	2 1	2 1	1 2	2 2	2 1	1 2	1 2	1 2	1 1	2 2	1 2	1 2	2 2	1 2	1 2	0 1	0 2	0 2
11908	0	0.000	0.000	1 2	1 2	2 1	2 1	1 2	2 2	2 1	1 2	1 2	1 2	1 1	2 2	1 2	1 2	2 2	1 2	1 2	0 1	0 2	0 2
11853	0	0.000	0.000	1 2	1 2	2 1	2 1	1 2	2 2	2 1	1 2	1 2	1 2	1 1	2 2	1 2	1 2	2 2	1 2	1 2	0 1	0 2	0 2
11813	0	0.000	0.000	1 2	1 2	2 1	2 1	1 2	2 2	2 1	1 2	1 2	1 2	1 1	2 2	1 2	1 2	2 2	1 2	1 2	0 1	0 2	0 2
11831	0	0.000	0.000	1 2	1 2	2 1	2 1	1 2	2 2	2 1	1 2	1 2	1 2	1 1	2 2	1 2	1 2	2 2	1 2	1 2	0 1	0 2	0 2
11845	0	0.000	0.000	1 2	1 2	2 1	2 1	1 2	2 2	2 1	1 2	1 2	1 2	1 1	2 2	1 2	1 2	2 2	1 2	1 2	0 1	0 2	0 2
11814	0	0.000	0.000	1 2	1 2	2 1	2 1	1 2	2 2	2 1	1 2	1 2	1 2	1 1	2 2	1 2	1 2	2 2	1 2	1 2	0 1	0 2	0 2
13157	0	0.000	0.000	1 2	1 2	2 1	2 1	1 2	2 2	2 1	1 2	1 2	1 2	1 1	2 2	1 2	1 2	2 2	1 2	1 2	0 1	0 2	0 2
13148	0	0.000	0.000	1 2	1 2	2 1	2 1	1 2	2 2	2 1	1 2	1 2	1 2	1 1	2 2	1 2	1 2	2 2	1 2	1 2	0 1	0 2	0 2
10415	0	0.000	0.000	1 2	1 2	2 1	2 1	1 2	2 2	2 1	1 2	1 2	1 2	1 1	2 2	1 2	1 2	2 2	1 2	1 2	0 1	0 2	0 2
12044	0	0.000	0.000	1 2	1 2	2 1	2 1	1 2	2 2	2 1	1 2	1 2	1 2	1 1	2 2	1 2	1 2	2 2	1 2	1 2	0 1	0 2	0 2
20503	0	0.000	0.000	1 2	1 2	2 1	2 1	1 2	2 2	2 1	1 2	1 2	1 2	1 1	2 2	1 2	1 2	2 2	1 2	1 2	0 1	0 2	0 2
11785	0	0.000	0.000	1 2	1 2	2 1	2 1	1 2	2 2	2 1	1 2	1 2	1 2	1 1	2 2	1 2	1 2	2 2	1 2	1 2	0 1	0 2	0 2
19646	0	0.000	0.000	1 2	1 2	2 1	2 1	1 2	2 2	2 1	1 2	1 2	1 2	1 1	2 2	1 2	1 2	2 2	1 2	1 2	0 1	0 2	0 2
11915	0	0.000	0.000	1 2	1 2	2 1	2 1	1 2	2 2	2 1	1 2	1 2	1 2	1 1	2 2	1 2	1 2	2 2	1 2	1 2	0 1	0 2	0 2
11880	0	0.000	0.000	1 2	1 2	2 1	2 1	1 2	2 2	2 1	1 2	1 2	1 2	1 1	2 2	1 2	1 2	2 2	1 2	1 2	0 1	0 2	0 2
20492	0	0.000	0.000	1 2	1 2	2 1	2 1	1 2	2 2	2 1	1 2	1 2	1 2	1 1	2 2	1 2	1 2	2 2	1 2	1 2	0 1	0 2	0 2
11900	0	0.000	0.000	1 2	1 2	2 1	2 1	1 2	2 2	2 1	1 2	1 2	1 2	1 1	2 2	1 2	1 2	2 2	1 2	1 2	0 1	0 2	0 2
13150	0	0.000	0.000	1 2	1 2	2 1	2 1	1 2	2 2	2 1	1 2	1 2	1 2	1 1	2 2	1 2	1 2	2 2	1 2	1 2	0 1	0 2	0 2
2610	0	0.000	0.000	1 2	1 2	2 1	2 1	1 2	2 2	2 1	1 2	1 2	1 2	1 1	2 2	1 2	1 2	2 2	1 2	1 2	0 1	0 2	0 2
11879	0	0.000	0.000	1 2	1 2	2 1	2 1	1 2	2 2	2 1	1 2	1 2	1 2	1 1	2 2	1 2	1 2	2 2	1 2	1 2	0 1	0 2	0 2
20505	0	0.000	0.000	1 2	1 2	2 1	2 1	1 2	2 2	2 1	1 2	1 2	1 2	1 1	2 2	1 2	1 2	2 2	1 2	1 2	0 1	0 2	0 2
5720	0	0.000	0.000	1 2	1 2	2 1	2 1	1 2	2 2	2 1	1 2	1 2	1 2	1 1	2 2	1 2	1 2	2 2	1 2	1 2	0 1	0 2	0 2
11788	0	0.000	0.000	1 2	1 2	2 1	2 1	1 2	2 2	2 1	1 2	1 2	1 2	1 1	2 2	1 2	1 2	2 2	1 2	1 2	0 1	0 2	0 2
11943	0	0.000	0.000	1 2	1 2	2 1	2 1	1 2	2 2	2 1	1 2	1 2	1 2	1 1	2 2	1 2	1 2	2 2	1 2	1 2	0 1	0 2	0 2
11836	0	0.000	0.000	1 2	1 2	2 1	2 1	1 2	2 2	2 1	1 2	1 2	1 2	1 1	2 2	1 2	1 2	2 2	1 2	1 2	0 1	0 2	0 2
13125	0	0.000	0.000	1 2	1 2	2 1	2 1	1 2	2 2	2 1	1 2	1 2	1 2	1 1	2 2	1 2	1 2	2 2	1 2	1 2	0 1	0 2	0 2
3473	0	0.000	0.000	1 2	1 2	2 1	2 1	1 2	2 2	2 1	1 2	1 2	1 2	1 1	2 2	1 2	1 2	2 2	1 2	1 2	0 1	0 2	0 2
11803	0	0.000	0.000	1 2	1 2	2 1	2 1	1 2	2 2	2 1	1 2	1 2	1 2	1 1	2 2	1 2	1 2	2 2	1 2	1 2	0 1	0 2	0 2
11847	0	0.000	0.000	1 2	1 2	2 1	2 1	1 2	2 2	2 1	1 2	1 2	1 2	1 1	2 2	1 2	1 2	2 2	1 2	1 2	0 1	0 2	0 2
20517	0	0.000	0.000	1 2	1 2	2 1	2 1	1 2	2 2	2 1	1 2	1 2	1 2	1 1	2 2	1 2	1 2	2 2	1 2	1 2	0 1	0 2	0 2
13113	0	0.000	0.000	1 2	1 2	2 1	2 1	1 2	2 2	2 1	1 2	1 2	1 2	1 1	2 2	1 2	1 2	2 2	1 2	1 2	0 1	0 2	0 2
3400	0	0.000	0.000	1 2	1 2	2 1	2 1	1 2	2 2	2 1	1 2	1 2	1 2	1 1	2 2	1 2	1 2	2 2	1 2	1 2	0 1	0 2	0 2
11851	0	0.000	0.000	1 2	1 2	2 1	2 1	1 2	2 2	2 1	1 2	1 2	1 2	1 1	2 2	1 2	1 2	2 2	1 2	1 2	0 1	0 2	0 2
11800	0	0.000	0.000	1 2	1 2	2 1	2 1	1 2	2 2	2 1	1 2	1 2	1 2	1 1	2 2	1 2	1 2	2 2	1 2	1 2	0 1	0 2	0 2
11924	0	0.000	0.000	1 2	1 2	2 1	2 1	1 2	2 2	2 1	1 2	1 2	1 2	1 1	2 2	1 2	1 2	2 2	1 2	1 2	0 1	0 2	0 2
11791	0	0.000	0.000	1 2	1 2	2 1	2 1	1 2	2 2	2 1	1 2	1 2	1 2	1 1	2 2	1 2	1 2	2 2	1 2	1 2	0 1	0 2	0 2
11819	0	4.558	4.558	1 2	1 2	2 1	2 1	1 2	2 2	2 1	0 2	1 2	1 2	1 1	2 2	1 2	1 2	2 2	1 2	1 2	0 1	0 2	0 2
13155	0	4.558	4.558	1 2	1 2	2 1	2 1	1 2	2 2	2 1	0 2	1 2	1 2	1 1	2 2	1 2	1 2	2 2	1 2	1 2	0 1	0 2	0 2
11857	0	4.558	4.558	1 2	1 2	2 1	2 1	1 2	2 2	2 1	0 2	1 2	1 2	1 1	2 2	1 2	1 2	2 2	1 2	1 2	0 1	0 2	0 2
11917	0	4.558	4.558	1 2	1 2	2 1	2 1	1 2	2 2	2 1	0 2	1 2	1 2	1 1	2 2	1 2	1 2	2 2	1 2	1 2	0 1	0 2	0 2
11902	0	4.558	4.558	1 2	1 2	2 1	2 1	1 2	2 2	2 1	0 2	1 2	1 2	1 1	2 2	1 2	1 2	2 2	1 2	1 2	0 1	0 2	0 2
11824	0	4.558	4.558	1 2	1 2	2 1	2 1	1 2	2 2	2 1	0 2	1 2	1 2	1 1	2 2	1 2	1 2	2 2	1 2	1 2	0 1	0 2	0 2
12969	0	4.558	4.558	1 2	1 2	2 1	2 1	1 2	2 2	2 1	0 2	1 2	1 2	1 1	2 2	1 2	1 2	2 2	1 2	1 2	0 1	0 2	0 2
13138	0	4.558	4.558	1 2	1 2	2 1	2 1	1 2	2 2	2 1	0 2	1 2	1 2	1 1	2 2	1 2	1 2	2 2	1 2	1 2	0 1	0 2	0 2
11829	0	4.558	4.558	1 2	1 2	2 1	2 1	1 2	2 2	2 1	0 2	1 2	1 2	1 1	2 2	1 2	1 2	2 2	1 2	1 2	0 1	0 2	0 2
11790	0	4.558	4.558	1 2	1 2	2 1	2 1	1 2	2 2	2 1	0 2	1 2	1 2	1 1	2 2	1 2	1 2	2 2	1 2	1 2	0 1	0 2	0 2
10433	0	4.558	4.558	1 2	1 2	2 1	2 1	1 2	2 2	2 1	0 2	1 2	1 2	1 1	2 2	1 2	1 2	2 2	1 2	1 2	0 1	0 2	0 2
11883	0	4.558	4.558	1 2	1 2	2 1	2 1	1 2	2 2	2 1	0 2	1 2	1 2	1 1	2 2	1 2	1 2	2 2	1 2	1 2	0 1	0 2	0 2
20493	0	4.558	4.558	1 2	1 2	2 1	2 1	1 2	2 2	2 1	0 2	1 2	1 2	1 1	2 2	1 2	1 2	2 2	1 2	1 2	0 1	0 2	0 2
11896	0	4.558	4.558	1 2	1 2	2 1	2 1	1 2	2 2	2 1	0 2	1 2	1 2	1 1	2 2	1 2	1 2	2 2	1 2	1 2	0 1	0 2	0 2
13102	0	4.558	4.558	1 2	1 2	2 1	2 1	1 2	2 2	2 1	0 2	1 2	1 2	1 1	2 2	1 2	1 2	2 2	1 2	1 2	0 1	0 2	0 2
11828	0	4.558	4.558	1 2	1 2	2 1	2 1	1 2	2 2	2 1	0 2	1 2	1 2	1 1	2 2	1 2	1 2	2 2	1 2	1 2	0 1	0 2	0 2
2677	0	4.558	4.558	1 2	1 2	2 1	2 1	1 2	2 2	2 1	0 2	1 2	1 2	1 1	2 2	1 2	1 2	2 2	1 2	1 2	0 1	0 2	0 2
13147	0	4.558	4.558	1 2	1 2	2 1	2 1	1 2	2 2	2 1	0 2	1 2	1 2	1 1	2 2	1 2	1 2	2 2	1 2	1 2	0 1	0 2	0 2
10401	0	4.558	4.558	1 2	1 2	2 1	2 1	1 2	2 2	2 1	0 2	1 2	1 2	1 1	2 2	1 2	1 2	2 2	1 2	1 2	0 1	0 2	0 2
11860	0	4.558	4.558	1 2	1 2	2 1	2 1	1 2	2 2	2 1	0 2	1 2	1 2	1 1	2 2	1 2	1 2	2 2	1 2	1 2	0 1	0 2	0 2
13132	0	4.558	4.558	1 2	1 2	2 1	2 1	1 2	2 2	2 1	0 2	1 2	1 2	1 1	2 2	1 2	1 2	2 2	1 2	1 2	0 1	0 2	0 2
11806	0	4.558	4.558	1 2	1 2	2 1	2 1	1 2	2 2	2 1	0 2	1 2	1 2	1 1	2 2	1 2	1 2	2 2	1 2	1 2	0 1	0 2	0 2
20511	0	4.558	4.558	1 2	1 2	2 1	2 1	1 2	2 2	2 1	0 2	1 2	1 2	1 1	2 2	1 2	1 2	2 2	1 2	1 2	0 1	0 2	0 2
13110	0	4.558	4.558	1 2	1 2	2 1	2 1	1 2	2 2	2 1	0 2	1 2	1 2	1 1	2 2	1 2	1 2	2 2	1 2	1 2	0 1	0 2	0 2
11931	0	4.558	4.558	1 2	1 2	2 1	2 1	1 2	2 2	2 1	0 2	1 2	1 2	1 1	2 2	1 2	1 2	2 2	1 2	1 2	0 1	0 2	0 2
11928	0	4.558	4.558	1 2	1 2	2 1	2 1	1 2	2 2	2 1	0 2	1 2	1 2	1 1	2 2	1 2	1 2	2 2	1 2	1 2	0 1	0 2	0 2
13158	0	4.558	4.558	1 2	1 2	2 1	2 1	1 2	2 2	2 1	0 2	1 2	1 2	1 1	2 2	1 2	1 2	2 2	1 2	1 2	0 1	0 2	0 2
2647	0	4.558	4.558	1 2	1 2	2 1	2 1	1 2	2 2	2 1	0 2	1 2	1 2	1 1	2 2	1 2	1 2	2 2	1 2	1 2	0 1	0 2	0 2
10397	0	4.558	4.558	1 2	1 2	2 1	2 1	1 2	2 2	2 1	0 2	1 2	1 2	1 1	2 2	1 2	1 2	2 2	1 2	1 2	0 1	0 2	0 2
11792	0	4.558	4.558	1 2	1 2	2 1	2 1	1 2	2 2	2 1	0 2	1 2	1 2	1 1	2 2	1 2	1 2	2 2	1 2	1 2	0 1	0 2	0 2
11946	0	4.558	4.558	1 2	1 2	2 1	2 1	1 2	2 2	2 1	0 2	1 2	1 2	1 1	2 2	1 2	1 2	2 2	1 2	1 2	0 1	0 2	0 2
20504	0	4.558	4.558	1 2	1 2	2 1	2 1	1 2	2 2	2 1	0 2	1 2	1 2	1 1	2 2	1 2	1 2	2 2	1 2	1 2	0 1	0 2	0 2
11890	0	4.558	4.558	1 2	1 2	2 1	2 1	1 2	2 2	2 1	0 2	1 2	1 2	1 1	2 2	1 2	1 2	2 2	1 2	1 2	0 1	0 2	0 2
11922	0	4.558	4.558	1 2	1 2	2 1	2 1	1 2	2 2	2 1	0 2	1 2	1 2	1 1	2 2	1 2	1 2	2 2	1 2	1 2	0 1	0 2	0 2
11840	0	4.558	4.558	1 2	1 2	2 1	2 1	1 2	2 2	2 1	0 2	1 2	1 2	1 1	2 2	1 2	1 2	2 2	1 2	1 2	0 1	0 2	0 2
13117	0	4.558	4.558	1 2	1 2	2 1	2 1	1 2	2 2	2 1	0 2	1 2	1 2	1 1	2 2	1 2	1 2	2 2	1 2	1 2	0 1	0 2	0 2
11823	0	4.558	4.558	1 2	1 2	2 1	2 1	1 2	2 2	2 1	0 2	1 2	1 2	1 1	2 2	1 2	1 2	2 2	1 2	1 2	0 1	0 2	0 2
12968	0	4.558	4.558	1 2	1 2	2 1	2 1	1 2	2 2	2 1	0 2	1 2	1 2	1 1	2 2	1 2	1 2	2 2	1 2	1 2	0 1	0 2	0 2
13140	0	4.558	4.558	1 2	1 2	2 1	2 1	1 2	2 2	2 1	0 2	1 2	1 2	1 1	2 2	1 2	1 2	2 2	1 2	1 2	0 1	0 2	0 2
13144	0	4.558	4.558	1 2	1 2	2 1	2 1	1 2	2 2	2 1	0 2	1 2	1 2	1 1	2 2	1 2	1 2	2 2	1 2	1 2	0 1	0 2	0 2
11899	0	4.558	4.558	1 2	1 2	2 1	2 1	1 2	2 2	2 1	0 2	1 2	1 2	1 1	2 2	1 2	1 2	2 2	1 2	1 2	0 1	0 2	0 2
11786	0	4.558	4.558	1 2	1 2	2 1	2 1	1 2	2 2	2 1	0 2	1 2	1 2	1 1	2 2	1 2	1 2	2 2	1 2	1 2	0 1	0 2	0 2
11859	0	4.558	4.558	1 2	1 2	2 1	2 1	1 2	2 2	2 1	0 2	1 2	1 2	1 1	2 2	1 2	1 2	2 2	1 2	1 2	0 1	0 2	0 2
5673	0	4.558	4.558	1 2	1 2	2 1	2 1	1 2	2 2	2 1	0 2	1 2	1 2	1 1	2 2	1 2	1 2	2 2	1 2	1 2	0 1	0 2	0 2
13123	0	4.558	4.558	1 2	1 2	2 1	2 1	1 2	2 2	2 1	0 2	1 2	1 2	1 1	2 2	1 2	1 2	2 2	1 2	1 2	0 1	0 2	0 2
11818	0	4.558	4.558	1 2	1 2	2 1	2 1	1 2	2 2	2 1	0 2	1 2	1 2	1 1	2 2	1 2	1 2	2 2	1 2	1 2	0 1	0 2	0 2
11939	0	4.558	4.558	1 2	1 2	2 1	2 1	1 2	2 2	2 1	0 2	1 2	1 2	1 1	2 2	1 2	1 2	2 2	1 2	1 2	0 1	0 2	0 2
20512	0	4.558	4.558	1 2	1 2	2 1	2 1	1 2	2 2	2 1	0 2	1 2	1 2	1 1	2 2	1 2	1 2	2 2	1 2	1 2	0 1	0 2	0 2
11861	0	4.558	4.558	1 2	1 2	2 1	2 1	1 2	2 2	2 1	2 2	1 2	1 2	1 1	2 2	1 2	1 2	2 2	1 2	1 2	0 1	0 2	0 2
11904	0	4.558	4.558	1 2	1 2	2 1	2 1	1 2	2 2	2 1	2 2	1 2	1 2	1 1	2 2	1 2	1 2	2 2	1 2	1 2	0 1	0 2	0 2
20502	0	4.558	4.558	1 2	1 2	2 1	2 1	1 2	2 2	2 1	2 2	1 2	1 2	1 1	2 2	1 2	1 2	2 2	1 2	1 2	0 1	0 2	0 2
11878	0	4.558	4.558	1 2	1 2	2 1	2 1	1 2	2 2	2 1	2 2	1 2	1 2	1 1	2 2	1 2	1 2	2 2	1 2	1 2	0 1	0 2	0 2
13106	0	4.558	4.558	1 2	1 2	2 1	2 1	1 2	2 2	2 1	2 2	1 2	1 2	1 1	2 2	1 2	1 2	2 2	1 2	1 2	0 1	0 2	0 2
13104	0	4.558	4.558	1 2	1 2	2 1	2 1	1 2	2 2	2 1	2 2	1 2	1 2	1 1	2 2	1 2	1 2	2 2	1 2	1 2	0 1	0 2	0 2
13139	0	4.558	4.558	1 2	1 2	2 1	2 1	1 2	2 2	2 1	2 2	1 2	1 2	1 1	2 2	1 2	1 2	2 2	1 2	1 2	0 1	0 2	0 2
11897	0	4.558	4.558	1 2	1 2	2 1	2 1	1 2	2 2	2 1	2 2	1 2	1 2	1 1	2 2	1 2	1 2	2 2	1 2	1 2	0 1	0 2	0 2
11923	0	4.558	4.558	1 2	1 2	2 1	2 1	1 2	2 2	2 1	2 2	1 2	1 2	1 1	2 2	1 2	1 2	2 2	1 2	1 2	0 1	0 2	0 2
11875	0	4.558	4.558	1 2	1 2	2 1	2 1	1 2	2 2	2 1	2 2	1 2	1 2	1 1	2 2	1 2	1 2	2 2	1 2	1 2	0 1	0 2	0 2
11881	0	4.558	4.558	1 2	1 2	2 1	2 1	1 2	2 2	2 1	2 2	1 2	1 2	1 1	2 2	1 2	1 2	2 2	1 2	1 2	0 1	0 2	0 2
11825	0	4.558	4.558	1 2	1 2	2 1	2 1	1 2	2 2	2 1	2 2	1 2	1 2	1 1	2 2	1 2	1 2	2 2	1 2	1 2	0 1	0 2	0 2
11934	0	4.558	4.558	1 2	1 2	2 1	2 1	1 2	2 2	2 1	2 2	1 2	1 2	1 1	2 2	1 2	1 2	2 2	1 2	1 2	0 1	0 2	0 2
11980	0	4.558	4.558	1 2	1 2	2 1	2 1	1 2	2 2	2 1	2 2	1 2	1 2	1 1	2 2	1 2	1 2	2 2	1 2	1 2	0 1	0 2	0 2
11916	0	4.558	4.558	1 2	1 2	2 1	2 1	1 2	2 2	2 1	2 2	1 2	1 2	1 1	2 2	1 2	1 2	2 2	1 2	1 2	0 1	0 2	0 2
11793	0	4.558	4.558	1 2	1 2	2 1	2 1	1 2	2 2	2 1	2 2	1 2	1 2	1 1	2 2	1 2	1 2	2 2	1 2	1 2	0 1	0 2	0 2
13112	0	4.558	4.558	1 2	1 2	2 1	2 1	1 2	2 2	2 1	2 2	1 2	1 2	1 1	2 2	1 2	1 2	2 2	1 2	1 2	0 1	0 2	0 2
13141	0	4.558	4.558	1 2	1 2	2 1	2 1	1 2	2 2	2 1	2 2	1 2	1 2	1 1	2 2	1 2	1 2	2 2	1 2	1 2	0 1	0 2	0 2
13126	0	4.558	4.558	1 2	1 2	2 1	2 1	1 2	2 2	2 1	2 2	1 2	1 2	1 1	2 2	1 2	1 2	2 2	1 2	1 2	0 1	0 2	0 2
11812	0	4.558	4.558	1 2	1 2	2 1	2 1	1 2	2 2	2 1	2 2	1 2	1 2	1 1	2 2	1 2	1 2	2 2	1 2	1 2	0 1	0 2	0 2
20498	0	4.558	4.558	1 2	1 2	2 1	2 1	1 2	2 2	2 1	2 2	1 2	1 2	1 1	2 2	1 2	1 2	2 2	1 2	1 2	0 1	0 2	0 2
3160	0	4.558	4.558	1 2	1 2	2 1	2 1	1 2	2 2	2 1	2 2	1 2	1 2	1 1	2 2	1 2	1 2	2 2	1 2	1 2	0 1	0 2	0 2
11862	0	4.558	4.558	1 2	1 2	2 1	2 1	1 2	2 2	2 1	2 2	1 2	1 2	1 1	2 2	1 2	1 2	2 2	1 2	1 2	0 1	0 2	0 2
11895	0	4.558	4.558	1 2	1 2	2 1	2 1	1 2	2 2	2 1	2 2	1 2	1 2	1 1	2 2	1 2	1 2	2 2	1 2	1 2	0 1	0 2	0 2
20546	0	4.558	4.558	1 2	1 2	2 1	2 1	1 2	2 2	2 1	2 2	1 2	1 2	1 1	2 2	1 2	1 2	2 2	1 2	1 2	0 1	0 2	0 2
13149	0	4.558	4.558	1 2	1 2	2 1	2 1	1 2	2 2	2 1	2 2	1 2	1 2	1 1	2 2	1 2	1 2	2 2	1 2	1 2	0 1	0 2	0 2
2611	0	4.558	4.558	1 2	1 2	2 1	2 1	1 2	2 2	2 1	2 2	1 2	1 2	1 1	2 2	1 2	1 2	2 2	1 2	1 2	0 1	0 2	0 2
11894	0	9.116	9.116	1 2	1 2	2 1	2 1	1 2	2 2	2 1	2 2	1 2	1 2	1 1	2 2	0 2	1 2	2 2	1 2	1 2	0 1	0 2	0 2
11914	0	9.116	9.116	1 2	1 2	2 1	2 1	1 2	2 2	2 1	2 2	1 2	1 2	1 1	2 2	0 2	1 2	2 2	1 2	1 2	0 1	0 2	0 2
20547	0	9.116	9.116	1 2	1 2	2 1	2 1	1 2	2 2	2 1	2 2	1 2	1 2	1 1	2 2	0 2	1 2	2 2	1 2	1 2	0 1	0 2	0 2
11783	0	9.116	9.116	1 2	1 2	2 1	2 1	1 2	2 2	2 1	2 2	1 2	1 2	1 1	2 2	0 2	1 2	2 2	1 2	1 2	0 1	0 2	0 2
11789	0	9.116	9.116	1 2	1 2	2 1	2 1	1 2	2 2	2 1	2 2	1 2	1 2	1 1	2 2	0 2	1 2	2 2	1 2	1 2	0 1	0 2	0 2
10408	0	9.116	9.116	1 2	1 2	2 1	2 1	1 2	2 2	2 1	2 2	1 2	1 2	1 1	2 2	0 2	1 2	2 2	1 2	1 2	0 1	0 2	0 2
13103	0	18.309	18.309	1 2	1 2	0 1	2 1	1 2	2 2	0 1	2 2	1 2	1 2	1 1	2 2	0 2	1 2	2 2	1 2	1 2	0 1	0 2	0 2
11903	0	18.309	18.309	1 2	1 2	0 1	2 1	1 2	2 2	0 1	2 2	1 2	1 2	1 1	2 2	0 2	1 2	2 2	1 2	1 2	0 1	0 2	0 2
20501	0	18.309	18.309	1 2	1 2	0 1	2 1	1 2	2 2	0 1	2 2	1 2	1 2	1 1	2 2	0 2	1 2	2 2	1 2	1 2	0 1	0 2	0 2
11849	0	18.309	18.309	1 2	1 2	0 1	2 1	1 2	2 2	0 1	2 2	1 2	1 2	1 1	2 2	0 2	1 2	2 2	1 2	1 2	0 1	0 2	0 2
13130	0	18.309	18.309	1 2	1 2	0 1	2 1	1 2	2 2	0 1	2 2	1 2	1 2	1 1	2 2	0 2	1 2	2 2	1 2	1 2	0 1	0 2	0 2
11941	0	18.309	18.309	1 2	1 2	0 1	2 1	1 2	2 2	0 1	2 2	1 2	1 2	1 1	2 2	0 2	1 2	2 2	1 2	1 2	0 1	0 2	0 2
13151	0	18.309	18.309	1 2	1 2	0 1	2 1	1 2	2 2	0 1	2 2	1 2	1 2	1 1	2 2	0 2	1 2	2 2	1 2	1 2	0 1	0 2	0 2
11832	0	18.309	18.309	1 2	1 2	0 1	2 1	1 2	2 2	0 1	2 2	1 2	1 2	1 1	2 2	0 2	1 2	2 2	1 2	1 2	0 1	0 2	0 2
11873	0	18.309	18.309	1 2	1 2	0 1	2 1	1 2	2 2	0 1	2 2	1 2	1 2	1 1	2 2	0 2	1 2	2 2	1 2	1 2	0 1	0 2	0 2
11909	0	18.309	18.309	1 2	1 2	0 1	2 1	1 2	2 2	0 1	2 2	1 2	1 2	1 1	2 2	0 2	1 2	2 2	1 2	1 2	0 1	0 2	0 2
11925	0	18.309	18.309	1 2	1 2	0 1	2 1	1 2	2 2	0 1	2 2	1 2	1 2	1 1	2 2	0 2	1 2	2 2	1 2	1 2	0 1	0 2	0 2
11805	0	18.309	18.309	1 2	1 2	0 1	2 1	1 2	2 2	0 1	2 2	1 2	1 2	1 1	2 2	0 2	1 2	2 2	1 2	1 2	0 1	0 2	0 2
11855	0	18.309	18.309	1 2	1 2	0 1	2 1	1 2	2 2	0 1	2 2	1 2	1 2	1 1	2 2	0 2	1 2	2 2	1 2	1 2	0 1	0 2	0 2
11918	0	18.309	18.309	1 2	1 2	0 1	2 1	1 2	2 2	0 1	2 2	1 2	1 2	1 1	2 2	0 2	1 2	2 2	1 2	1 2	0 1	0 2	0 2
11884	0	18.309	18.309	1 2	1 2	0 1	2 1	1 2	2 2	0 1	2 2	1 2	1 2	1 1	2 2	2 2	1 2	2 2	1 2	1 2	0 1	0 2	0 2
20499	0	18.309	18.309	1 2	1 2	0 1	2 1	1 2	2 2	0 1	2 2	1 2	1 2	1 1	2 2	2 2	1 2	2 2	1 2	1 2	0 1	0 2	0 2
13122	0	18.309	18.309	1 2	1 2	0 1	2 1	1 2	2 2	0 1	2 2	1 2	1 2	1 1	2 2	2 2	1 2	2 2	1 2	1 2	0 1	0 2	0 2
20515	0	18.309	18.309	1 2	1 2	0 1	2 1	1 2	2 2	0 1	2 2	1 2	1 2	1 1	2 2	2 2	1 2	2 2	1 2	1 2	0 1	0 2	0 2
20488	0	18.309	18.309	1 2	1 2	0 1	2 1	1 2	2 2	0 1	2 2	1 2	1 2	1 1	2 2	2 2	1 2	2 2	1 2	1 2	0 1	0 2	0 2
20490	0	18.309	18.309	1 2	1 2	0 1	2 1	1 2	2 2	0 1	2 2	1 2	1 2	1 1	2 2	2 2	1 2	2 2	1 2	1 2	0 1	0 2	0 2
11938	0	18.309	18.309	1 2	1 2	0 1	2 1	1 2	2 2	0 1	2 2	1 2	1 2	1 1	2 2	2 2	1 2	2 2	1 2	1 2	0 1	0 2	0 2
13146	0	18.309	18.309	1 2	1 2	0 1	2 1	1 2	2 2	0 1	2 2	1 2	1 2	1 1	2 2	2 2	1 2	2 2	1 2	1 2	0 1	0 2	0 2
11870	0	18.309	18.309	1 2	1 2	0 1	2 1	1 2	2 2	0 1	2 2	1 2	1 2	1 1	2 2	2 2	1 2	2 2	1 2	1 2	0 1	0 2	0 2
12067	0	18.309	18.309	1 2	1 2	0 1	2 1	1 2	2 2	0 1	2 2	1 2	1 2	1 1	2 2	2 2	1 2	2 2	1 2	1 2	0 1	0 2	0 2
11926	0	18.309	18.309	1 2	1 2	0 1	2 1	1 2	2 2	0 1	2 2	1 2	1 2	1 1	2 2	2 2	1 2	2 2	1 2	1 2	0 1	0 2	0 2
13111	0	18.309	18.309	1 2	1 2	0 1	2 1	1 2	2 2	0 1	2 2	1 2	1 2	1 1	2 2	2 2	1 2	2 2	1 2	1 2	0 1	0 2	0 2
11784	0	18.309	18.309	1 2	1 2	0 1	2 1	1 2	2 2	0 1	2 2	1 2	1 2	1 1	2 2	2 2	1 2	2 2	1 2	1 2	0 1	0 2	0 2
968	0	18.309	18.309	1 2	1 2	0 1	2 1	1 2	2 2	0 1	2 2	1 2	1 2	1 1	2 2	2 2	1 2	2 2	1 2	1 2	0 1	0 2	0 2
11944	0	18.309	18.309	1 2	1 2	0 1	2 1	1 2	2 2	0 1	2 2	1 2	1 2	1 1	2 2	2 2	1 2	2 2	1 2	1 2	0 1	0 2	0 2
12144	0	18.309	18.309	1 2	1 2	0 1	2 1	1 2	2 2	0 1	2 2	1 2	1 2	1 1	2 2	2 2	1 2	2 2	1 2	1 2	0 1	0 2	0 2
11927	0	18.309	18.309	1 2	1 2	0 1	2 1	1 2	2 2	0 1	2 2	1 2	1 2	1 1	2 2	2 2	1 2	2 2	1 2	1 2	0 1	0 2	0 2
10398	0	18.309	18.309	1 2	1 2	1 1	2 1	1 2	2 2	1 1	2 2	1 2	1 2	1 1	2 2	2 2	1 2	2 2	1 2	1 2	0 1	0 2	0 2
11802	0	18.309	18.309	1 2	1 2	1 1	2 1	1 2	2 2	1 1	2 2	1 2	1 2	1 1	2 2	2 2	1 2	2 2	1 2	1 2	0 1	0 2	0 2
11846	0	18.309	18.309	1 2	1 2	1 1	2 1	1 2	2 2	1 1	2 2	1 2	1 2	1 1	2 2	2 2	1 2	2 2	1 2	1 2	0 1	0 2	0 2
12892	0	18.309	18.309	1 2	1 2	1 1	2 1	1 2	2 2	1 1	2 2	1 2	1 2	1 1	2 2	2 2	1 2	2 2	1 2	1 2	0 1	0 2	0 2
11797	0	18.309	18.309	1 2	1 2	1 1	2 1	1 2	2 2	1 1	2 2	1 2	1 2	1 1	2 2	2 2	1 2	2 2	1 2	1 2	0 1	0 2	0 2
16583	0	0.000	0.000	1 2	1 2	2 2	2 2	2 2	1 2	2 2	1 2	1 2	1 2	0 1	0 1	0 2	0 2	0 2	1 2	1 2	2 2	2 1	2 2
11017	0	0.000	0.000	1 2	1 2	2 2	2 2	2 2	1 2	2 2	1 2	1 2	1 2	0 1	0 1	0 2	0 2	0 2	1 2	1 2	2 2	2 1	2 2
19117	0	17.329	17.329	1 2	1 2	2 2	1 2	1 2	2 2	2 2	1 2	1 2	1 2	0 1	0 1	0 2	0 2	0 2	1 2	1 2	2 2	2 1	2 2
20514	0	17.329	17.329	1 2	1 2	2 2	1 2	1 2	2 2	2 2	1 2	1 2	1 2	0 1	0 1	0 2	0 2	0 2	1 2	1 2	2 2	2 1	2 2
13429	0	17.329	17.329	1 2	1 2	2 2	1 2	1 2	2 2	2 2	1 2	1 2	1 2	0 1	0 1	0 2	0 2	0 2	1 2	1 2	2 2	2 1	2 2
13514	0	17.329	17.329	1 2	1 2	2 2	1 2	1 2	2 2	2 2	1 2	1 2	1 2	0 1	0 1	0 2	0 2	0 2	1 2	1 2	2 2	2 1	2 2
6866	0	17.329	17.329	1 2	1 2	2 2	1 2	1 2	2 2	2 2	1 2	1 2	1 2	0 1	0 1	0 2	0 2	0 2	1 2	1 2	2 2	2 1	2 2
7098	0	17.329	17.329	1 2	1 2	2 2	1 2	1 2	2 2	2 2	1 2	1 2	1 2	0 1	0 1	0 2	0 2	0 2	1 2	1 2	2 2	2 1	2 2
19292	0	17.329	17.329	1 2	1 2	2 2	1 2	1 2	2 2	2 2	1 2	1 2	1 2	0 1	0 1	0 2	0 2	0 2	1 2	1 2	2 2	2 1	2 2
5353	0	34.657	34.657	1 2	1 2	0 2	1 2	1 2	2 2	0 2	0 2	1 2	1 2	0 1	0 1	0 2	0 2	0 2	1 2	1 2	2 2	2 1	2 2
13608	0	34.657	34.657	1 2	1 2	0 2	1 2	1 2	2 2	0 2	0 2	1 2	1 2	0 1	0 1	0 2	0 2	0 2	1 2	1 2	2 2	2 1	2 2
13603	0	34.657	34.657	1 2	1 2	0 2	1 2	1 2	2 2	0 2	0 2	1 2	1 2	0 1	0 1	0 2	0 2	0 2	1 2	1 2	2 2	2 1	2 2
7777	0	34.657	34.657	1 2	1 2	1 2	1 2	1 2	2 2	1 2	2 2	1 2	1 2	0 1	0 1	0 2	0 2	0 2	1 2	1 2	2 2	2 1	2 2
4528	0	34.657	34.657	1 2	1 2	1 2	1 2	1 2	2 2	1 2	2 2	1 2	1 2	0 1	0 1	0 2	0 2	0 2	1 2	1 2	2 2	2 1	2 2
13644	0	34.657	34.657	1 2	1 2	1 2	1 2	1 2	2 2	1 2	2 2	1 2	1 2	0 1	0 1	0 2	0 2	0 2	1 2	1 2	2 2	2 1	2 2
16806	0	0.000	0.000	1 2	1 2	1 1	2 1	1 2	1 1	1 1	1 2	1 2	1 2	0 2	0 2	0 1	0 2	0 2	1 2	1 2	0 1	0 1	0 2
1132	0	0.000	0.000	1 2	1 2	1 1	2 1	1 2	1 1	1 1	1 2	1 2	1 2	0 2	0 2	0 1	0 2	0 2	1 2	1 2	0 1	0 1	0 2
15750	0	0.000	0.000	1 2	1 2	1 1	2 1	1 2	1 1	1 1	1 2	1 2	1 2	0 2	0 2	0 1	0 2	0 2	1 2	1 2	0 1	0 1	0 2
20519	0	0.000	0.000	1 2	1 2	1 1	2 1	1 2	1 1	1 1	1 2	1 2	1 2	0 2	0 2	0 1	0 2	0 2	1 2	1 2	0 1	0 1	0 2
20165	0	0.000	0.000	1 2	1 2	1 1	2 1	1 2	1 1	1 1	1 2	1 2	1 2	0 2	0 2	0 1	0 2	0 2	1 2	1 2	0 1	0 1	0 2
13335	0	0.000	0.000	1 2	1 2	1 1	2 1	1 2	1 1	1 1	1 2	1 2	1 2	0 2	0 2	0 1	0 2	0 2	1 2	1 2	0 1	0 1	0 2
18801	0	0.000	0.000	1 2	1 2	1 1	2 1	1 2	1 1	1 1	1 2	1 2	1 2	0 2	0 2	0 1	0 2	0 2	1 2	1 2	0 1	0 1	0 2
1552	0	0.000	0.000	1 2	1 2	1 1	2 1	1 2	1 1	1 1	1 2	1 2	1 2	0 2	0 2	0 1	0 2	0 2	1 2	1 2	0 1	0 1	0 2
174	0	0.000	0.000	1 2	1 2	1 1	2 1	1 2	1 1	1 1	1 2	1 2	1 2	0 2	0 2	0 1	0 2	0 2	1 2	1 2	0 1	0 1	0 2
13614	0	0.000	0.000	1 2	1 2	1 1	2 1	1 2	1 1	1 1	1 2	1 2	1 2	0 2	0 2	0 1	0 2	0 2	1 2	1 2	0 1	0 1	0 2
4317	0	0.000	0.000	1 2	1 2	1 1	2 1	1 2	1 1	1 1	1 2	1 2	1 2	0 2	0 2	0 1	0 2	0 2	1 2	1 2	0 1	0 1	0 2
7206	0	0.000	0.000	1 2	1 2	1 1	2 1	1 2	1 1	1 1	1 2	1 2	1 2	0 2	0 2	0 1	0 2	0 2	1 2	1 2	0 1	0 1	0 2
13624	0	0.000	0.000	1 2	1 2	1 1	2 1	1 2	1 1	1 1	1 2	1 2	1 2	0 2	0 2	0 1	0 2	0 2	1 2	1 2	0 1	0 1	0 2
8622	0	0.000	0.000	1 2	1 2	1 1	2 1	1 2	1 1	1 1	1 2	1 2	1 2	0 2	0 2	0 1	0 2	0 2	1 2	1 2	0 1	0 1	0 2
16894	0	0.000	0.000	1 2	1 2	1 1	2 1	1 2	1 1	1 1	1 2	1 2	1 2	0 2	0 2	0 1	0 2	0 2	1 2	1 2	0 1	0 1	0 2
7213	0	0.000	0.000	1 2	1 2	1 1	2 1	1 2	1 1	1 1	1 2	1 2	1 2	0 2	0 2	0 1	0 2	0 2	1 2	1 2	0 1	0 1	0 2
13517	0	0.000	0.000	1 2	1 2	1 1	2 1	1 2	1 1	1 1	1 2	1 2	1 2	0 2	0 2	0 1	0 2	0 2	1 2	1 2	0 1	0 1	0 2
259	0	0.000	0.000	1 2	1 2	1 1	2 1	1 2	1 1	1 1	1 2	1 2	1 2	0 2	0 2	0 1	0 2	0 2	1 2	1 2	0 1	0 1	0 2
1384	0	0.000	0.000	1 2	1 2	1 2	2 1	1 1	1 1	1 2	2 1	1 2	1 2	2 0	2 0	2 0	2 0	1 0	1 2	1 2	1 0	1 0	2 0
20477	0	8.412	8.412	1 2	1 2	1 2	2 1	2 1	1 1	1 2	2 1	1 2	1 2	2 0	2 0	2 0	2 0	1 0	1 2	1 2	1 0	1 0	2 0
20373	0	8.412	8.412	1 2	1 2	1 2	2 1	2 1	1 1	1 2	2 1	1 2	1 2	2 0	2 0	2 0	2 0	1 0	1 2	1 2	1 0	1 0	2 0
20313	0	8.412	8.412	1 2	1 2	1 2	2 1	2 1	1 1	1 2	2 1	1 2	1 2	2 0	2 0	2 0	2 0	1 0	1 2	1 2	1 0	1 0	2 0
6918	0	8.412	8.412	1 2	1 2	1 2	2 1	2 1	1 1	1 2	2 1	1 2	1 2	2 0	2 0	2 0	2 0	1 0	1 2	1 2	1 0	1 0	2 0
20453	0	8.412	8.412	1 2	1 2	1 2	2 1	2 1	1 1	1 2	2 1	1 2	1 2	2 0	2 0	2 0	2 0	1 0	1 2	1 2	1 0	1 0	2 0
20028	0	25.740	25.740	1 2	1 2	0 2	2 1	2 1	2 1	1 2	2 1	1 2	1 2	2 0	2 0	2 0	2 0	1 0	1 2	1 2	1 0	1 0	2 0
20377	0	34.152	34.152	1 2	1 2	0 2	2 1	2 1	2 1	0 2	2 1	1 2	1 2	2 0	2 0	2 0	2 0	1 0	1 2	1 2	1 0	1 0	2 0
20042	0	34.152	34.152	1 2	1 2	2 2	2 1	2 1	2 1	2 2	2 1	1 2	1 2	2 0	2 0	2 0	2 0	1 0	1 2	1 2	1 0	1 0	2 0
5200	0	34.152	34.152	1 2	1 2	2 2	2 1	2 1	2 1	2 2	2 1	1 2	1 2	2 0	2 0	2 0	2 0	1 0	1 2	1 2	1 0	1 0	2 0
20383	0	34.152	34.152	1 2	1 2	2 2	2 1	2 1	2 1	2 2	2 1	1 2	1 2	2 0	2 0	2 0	2 0	1 0	1 2	1 2	1 0	1 0	2 0
20472	0	34.152	34.152	1 2	1 2	2 2	2 1	2 1	2 1	2 2	2 1	1 2	1 2	2 0	2 0	2 0	2 0	1 0	1 2	1 2	1 0	1 0	2 0
20063	0	34.152	34.152	1 2	1 2	2 2	2 1	2 1	2 1	2 2	2 1	1 2	1 2	2 0	2 0	2 0	2 0	1 0	1 2	1 2	1 0	1 0	2 0
20043	0	34.152	34.152	1 2	1 2	2 2	2 1	2 1	2 1	2 2	2 1	1 2	1 2	2 0	2 0	2 0	2 0	1 0	1 2	1 2	1 0	1 0	2 0
4542	0	0.000	0.000	1 2	1 2	0 0	0 0	0 0	0 0	0 0	0 0	1 2	1 2	1 0	2 0	2 0	2 0	2 0	1 2	1 2	2 0	1 2	1 2
12905	0	0.000	0.000	1 2	1 2	0 0	0 0	0 0	0 0	0 0	0 0	1 2	1 2	1 0	2 0	2 0	2 0	2 0	1 2	1 2	2 0	1 2	1 2
13016	0	0.000	0.000	1 2	1 2	0 0	0 0	0 0	0 0	0 0	0 0	1 2	1 2	1 0	2 0	2 0	2 0	2 0	1 2	1 2	2 0	1 2	1 2
8525	0	6.283	6.283	1 2	1 2	0 0	0 0	0 0	0 0	0 0	0 0	1 2	1 2	1 0	2 0	2 0	2 0	2 0	1 2	1 2	2 0	0 2	1 2
7162	0	6.283	6.283	1 2	1 2	0 0	0 0	0 0	0 0	0 0	0 0	1 2	1 2	1 0	2 0	2 0	2 0	2 0	1 2	1 2	2 0	0 2	1 2
13731	0	6.283	6.283	1 2	1 2	0 0	0 0	0 0	0 0	0 0	0 0	1 2	1 2	1 0	2 0	2 0	2 0	2 0	1 2	1 2	2 0	2 2	1 2
7702	0	6.283	6.283	1 2	1 2	0 0	0 0	0 0	0 0	0 0	0 0	1 2	1 2	1 0	2 0	2 0	2 0	2 0	1 2	1 2	2 0	2 2	1 2
12511	0	0.000	0.000	1 2	1 2	1 1	1 2	2 1	2 1	2 1	2 2	1 2	1 2	1 0	1 0	2 0	2 0	2 0	1 2	1 2	1 0	2 0	1 0
18932	0	0.000	0.000	1 2	1 2	1 1	1 2	2 1	2 1	2 1	2 2	1 2	1 2	1 0	1 0	2 0	2 0	2 0	1 2	1 2	1 0	2 0	1 0
8844	0	0.000	0.000	1 2	1 2	1 1	1 2	2 1	2 1	2 1	2 2	1 2	1 2	1 0	1 0	2 0	2 0	2 0	1 2	1 2	1 0	2 0	1 0
5228	0	0.000	0.000	1 2	1 2	1 1	1 2	2 1	2 1	2 1	2 2	1 2	1 2	1 0	1 0	2 0	2 0	2 0	1 2	1 2	1 0	2 0	1 0
12479	0	0.000	0.000	1 2	1 2	1 1	1 2	2 1	2 1	2 1	2 2	1 2	1 2	1 0	1 0	2 0	2 0	2 0	1 2	1 2	1 0	2 0	1 0
