#java OrderMarkers2 map=/flash/EconomoU/Nurit/lepmap/lepmap_varroa/Q40BIALLDP16HDP40mis.5Chr7.Sites_00_01/map_611.txt data=/flash/EconomoU/Nurit/lepmap/lepmap_varroa/Q40BIALLDP16HDP40mis.5Chr7.Sites_00_01/data_f.call useKosambi=1 numMergeIterations=100 sexAveraged=0 outputPhasedData=2 grandparentPhase=1 recombination1=0.01 recombination2=0 chromosome=2 randSeed=-7017325205427144021
#*** LG = 2 likelihood = -27822.6633
#marker_number	male_position	female_position	( 0.0 )[	phased data]
187	0.000	0.000	( 0 )	01000010001011001000011111111101010101000010111101011011100000000000011111000101110111111111111111100000101111111001001011010111110000100011101110101000101011110011010111011111111111000000000011110010100000000000010111111001101101111111 0 0
145	0.000	0.000	( 0 )	01000010001011001000011111111101010101000010111101011011100000000000011111000101110111111111111111100000101111111001001011010111110000100011101110101000101011110011010111011111111111000000000011110010100000000000010111111001101101111111 0 0
171	0.000	0.000	( 0 )	01000010001011001000011111111101010101000010111101011011100000000000011111000101110111111111111111100000101111111001001011010111110000100011101110101000101011110011010111011111111111000000000011110010100000000000010111111001101101111111 0 0
160	0.000	0.000	( 0 )	01000010001011001000011111111101010101000010111101011011100000000000011111000101110111111111111111100000101111111001001011010111110000100011101110101000101011110011010111011111111111000000000011110010100000000000010111111001101101111111 0 0
151	0.000	0.000	( 0 )	01000010001011001000011111111101010101000010111101011011100000000000011111000101110111111111111111100000101111111001001011010111110000100011101110101000101011110011010111011111111111000000000011110010100000000000010111111001101101111111 0 0
179	0.000	0.000	( 0 )	01000010001011001000011111111101010101000010111101011011100000000000011111000101110111111111111111100000101111111001001011010111110000100011101110101000101011110011010111011111111111000000000011110010100000000000010111111001101101111111 0 0
196	0.000	0.000	( 0 )	01000010001011001000011111111101010101000010111101011011100000000000011111000101110111111111111111100000101111111001001011010111110000100011101110101000101011110011010111011111111111000000000011110010100000000000010111111001101101111111 0 0
199	0.000	0.000	( 0 )	01000010001011001000011111111101010101000010111101011011100000000000011111000101110111111111111111100000101111111001001011010111110000100011101110101000101011110011010111011111111111000000000011110010100000000000010111111001101101111111 0 0
189	0.000	0.000	( 0 )	01000010001011001000011111111101010101000010111101011011100000000000011111000101110111111111111111100000101111111001001011010111110000100011101110101000101011110011010111011111111111000000000011110010100000000000010111111001101101111111 0 0
154	30.376	0.000	( 0 )	0100001000-011--1-101-011--10-0101010100011-1-1101--1011100000-00-00011111000-00110011111111111011100---1-111-11-01-101011010111110000100011101110101000101011110011010111011111111111000000000011110010100000000000010111111001101101111111 32 0
161	30.376	0.000	( 0 )	01000010000011111110100110010001010101000111101101101011100000100100011111000000110011111111111011100111111110110010101011010111110000100011101110101000101011110011010111011111111111000000000011110010100000000000010111111001101101111111 0 0
191	40.689	0.000	( 0 )	0100001000001111111010-1-0010001010101000-111011011010111---0-1--10001111100-0--110-1111-11-111-1--00111111110110010101011010111110000100011101110101000101011110011010111011111111111000000000011110010100000000000010111111001101101111111 12 0
194	41.536	0.000	( 0 )	0100001000001111111010-1-0010001010101000-111011011010111---0-1--10001111100-0--110-1111-11-111-1--00111111110110010101011010111110000100011101110101000101011110011010111011111111111000000000011110010100000000000010111111001101101111111 1 0
131	41.536	0.000	( 0 )	0100001000001111111010-1-0010001010101000-111011011010111---0-1--10001111100-0--110-1111-11-111-1--00111111110110010101011010111110000100011101110101000101011110011010111011111111111000000000011110010100000000000010111111001101101111111 0 0
128	42.384	0.000	( 0 )	0100001000001111111010-1-0010001010101000-111011011010111---0-1--10001111100-0--110-1111-11-111-1--00111111110110010101011010111110000100011101110101000101011110011010111011111111111000000000011110010100000000000010111111001101101111111 1 0
167	44.080	0.000	( 0 )	0100001000001111111010-1-0010001010101000-111011011010111---0-1--10001111100-0--110-1111-11-111-1--00111111110110010101011010111110000100011101110101000101011110011010111011111111111000000000011110010100000000000010111111001101101111111 2 0
158	44.927	0.000	( 0 )	0100001000001111111010-100010001010101000011101101101011111101111100011111001011110111110110111110000111111110110010101011010111110000100011101110101000101011110011010111011111111111000000000011110010100000000000010111111001101101111111 1 0
159	48.322	0.000	( 0 )	0100-01000001111-110-0-1000100010-01010000111011011010111111-111110-011111001011-1-11111011011111000011111-110110010101011010111110000100011101110101000101011110011010111011111111111000000000011110010100000000000010111111001101101111111 4 0
135	48.322	0.000	( 0 )	0100-01000001111-110-0-1000100010-01010000111011011010111111-111110-011111001011-1-11111011011111000011111-110110010101011010111110000100011101110101000101011110011010111011111111111000000000011110010100000000000010111111001101101111111 0 0
198	50.018	0.000	( 0 )	0100-01000001111-110-0-1000100010-01010000111011011010111111-111110-011111001011-1-11111011011111000011111-110110010101011010111110000100011101110101000101011110011010111011111111111000000000011110010100000000000010111111001101101111111 2 0
202	51.713	0.000	( 0 )	0100-01000001111-110-0-1000100010-01010000111011011010111111-111110-011111001011-1-11111011011111000011111-110110010101011010111110000100011101110101000101011110011010111011111111111000000000011110010100000000000010111111001101101111111 2 0
164	53.409	0.000	( 0 )	0100-01000001111-110-0-1000100010-01010000111011011010111111-111110-011111001011-1-11111011011111000011111-110110010101011010111110000100011101110101000101011110011010111011111111111000000000011110010100000000000010111111001101101111111 2 0
152	53.409	0.000	( 0 )	0100-01000001111-110-0-1000100010-01010000111011011010111111-111110-011111001011-1-11111011011111000011111-110110010101011010111110000100011101110101000101011110011010111011111111111000000000011110010100000000000010111111001101101111111 0 0
185	53.409	0.000	( 0 )	0100101000001111-110001100010001000101000011101101101011111111111101011111001011011111110110111110000111110110110010101011010111110000100011101110101000101011110011010111011111111111000000000011110010100000000000010111111001101101111111 0 0
143	63.722	0.000	( 0 )	-1-01-1000001111-1-000110001-001-00101000011101-0-101--1111111111101011111001011011111-1011-11111-0--1111101-01100-0--1011010111110000100011101110101000101011110011010111011111111111000000000011110010100000000000010111111001101101111111 12 0
192	64.570	0.000	( 0 )	-1-01-1000001111-1-000110001-001-00101000011101-0-101--1111111111101011111001011011111-1011-11111-0--1111101-01100-0--1011010111110000100011101110101000101011110011010111011111111111000000000011110010100000000000010111111001101101111111 1 0
129	66.265	0.000	( 0 )	-1-01-1000001111-1-000110001-001-00101000011101-0-101--1111111111101011111001011011111-1011-11111-0--1111101-01100-0--1011010111110000100011101110101000101011110011010111011111111111000000000011110010100000000000010111111001101101111111 2 0
126	67.113	0.000	( 0 )	-1-01-1000001111-1-000110001-001-00101000011101-0-101--1111111111101011111001011011111-1011-11111-0--1111101-01100-0--1011010111110000100011101110101000101011110011010111011111111111000000000011110010100000000000010111111001101101111111 1 0
166	67.113	0.000	( 0 )	-1-01-1000001111-1-000110001-001-00101000011101-0-101--1111111111101011111001011011111-1011-11111-0--1111101-01100-0--1011010111110000100011101110101000101011110011010111011111111111000000000011110010100000000000010111111001101101111111 0 0
155	67.960	0.000	( 0 )	-1-01-1000001111-1-000110001-001-00101000011101-0-101--1111111111101011111001011011111-1011-11111-0--1111101-01100-0--1011010111110000100011101110101000101011110011010111011111111111000000000011110010100000000000010111111001101101111111 1 0
188	67.960	0.000	( 0 )	-1-01-1000001111-1-000110001-001-00101000011101-0-101--1111111111101011111001011011111-1011-11111-0--1111101-01100-0--1011010111110000100011101110101000101011110011010111011111111111000000000011110010100000000000010111111001101101111111 0 0
140	68.808	0.000	( 0 )	-1-01-1000001111-1-000110001-001-00101000011101-0-101--1111111111101011111001011011111-1011-11111-0--1111101-01100-0--1011010111110000100011101110101000101011110011010111011111111111000000000011110010100000000000010111111001101101111111 1 0
148	68.808	0.000	( 0 )	-1-01-1000001111-1-000110001-001-00101000011101-0-101--1111111111101011111001011011111-1011-11111-0--1111101-01100-0--1011010111110000100011101110101000101011110011010111011111111111000000000011110010100000000000010111111001101101111111 0 0
170	68.808	0.000	( 0 )	-1-01-1000001111-1-000110001-001-00101000011101-0-101--1111111111101011111001011011111-1011-11111-0--1111101-01100-0--1011010111110000100011101110101000101011110011010111011111111111000000000011110010100000000000010111111001101101111111 0 0
141	68.808	0.000	( 0 )	-1-01-1000001111-1-000110001-001-00101000011101-0-101--1111111111101011111001011011111-1011-11111-0--1111101-01100-0--1011010111110000100011101110101000101011110011010111011111111111000000000011110010100000000000010111111001101101111111 0 0
136	69.655	0.000	( 0 )	-1-01-1000001111-1-000110001-001-00101000011101-0-101--1111111111101011111001011011111-1011-11111-0--1111101-01100-0--1011010111110000100011101110101000101011110011010111011111111111000000000011110010100000000000010111111001101101111111 1 0
150	69.655	0.000	( 0 )	-1-01-1000001111-1-000110001-001-00101000011101-0-101--1111111111101011111001011011111-1011-11111-0--1111101-01100-0--1011010111110000100011101110101000101011110011010111011111111111000000000011110010100000000000010111111001101101111111 0 0
173	69.655	0.000	( 0 )	-1-01-1000001111-1-000110001-001-00101000011101-0-101--1111111111101011111001011011111-1011-11111-0--1111101-01100-0--1011010111110000100011101110101000101011110011010111011111111111000000000011110010100000000000010111111001101101111111 0 0
177	69.655	0.000	( 0 )	-1-01-1000001111-1-000110001-001-00101000011101-0-101--1111111111101011111001011011111-1011-11111-0--1111101-01100-0--1011010111110000100011101110101000101011110011010111011111111111000000000011110010100000000000010111111001101101111111 0 0
123	69.655	0.000	( 0 )	-1-01-1000001111-1-000110001-001-00101000011101-0-101--1111111111101011111001011011111-1011-11111-0--1111101-01100-0--1011010111110000100011101110101000101011110011010111011111111111000000000011110010100000000000010111111001101101111111 0 0
175	69.655	0.000	( 0 )	-1-01-1000001111-1-000110001-001-00101000011101-0-101--1111111111101011111001011011111-1011-11111-0--1111101-01100-0--1011010111110000100011101110101000101011110011010111011111111111000000000011110010100000000000010111111001101101111111 0 0
200	69.655	0.000	( 0 )	-1-01-1000001111-1-000110001-001-00101000011101-0-101--1111111111101011111001011011111-1011-11111-0--1111101-01100-0--1011010111110000100011101110101000101011110011010111011111111111000000000011110010100000000000010111111001101101111111 0 0
197	69.655	0.000	( 0 )	-1-01-1000001111-1-000110001-001-00101000011101-0-101--1111111111101011111001011011111-1011-11111-0--1111101-01100-0--1011010111110000100011101110101000101011110011010111011111111111000000000011110010100000000000010111111001101101111111 0 0
163	69.655	0.000	( 0 )	11101110000011110100001100011001100101000011101000101101111111111101011111001011011111010111111111011111110100110000011011010111110000100011101110101000101011110011010111011111111111000000000011110010100000000000010111111001101101111111 0 0
180	89.244	0.000	( 0 )	1-10111---00---10100001-000-1001100--1---01110100010110--11111111101011111--10110111110-01-1111111011111-10-001-0000011011010111110000100011101110101000101011110011010111011111111111000000000011110010100000000000010111111001101101111111 22 0
138	94.346	0.000	( 0 )	--10-11---00---10100001--00-1001100--1---011101-0010110--1111111-10-011111--10110111110-01-1111111011111-10-001-0000011011010111110000100011101110101000101011110011010111011111111111000000000011110010100000000000010111111001101101111111 6 0
172	94.346	0.000	( 0 )	--10-11---00---10100001--00-1001100--1---011101-0010110--1111111-10-011111--10110111110-01-1111111011111-10-001-0000011011010111110000100011101110101000101011110011010111011111111111000000000011110010100000000000010111111001101101111111 0 0
146	94.346	0.000	( 0 )	--10-11---00---10100001--00-1001100--1---011101-0010110--1111111-10-011111--10110111110-01-1111111011111-10-001-0000011011010111110000100011101110101000101011110011010111011111111111000000000011110010100000000000010111111001101101111111 0 0
168	94.346	0.000	( 0 )	--10-11---00---10100001--00-1001100--1---011101-0010110--1111111-10-011111--10110111110-01-1111111011111-10-001-0000011011010111110000100011101110101000101011110011010111011111111111000000000011110010100000000000010111111001101101111111 0 0
184	94.346	0.000	( 0 )	--10-11---00---10100001--00-1001100--1---011101-0010110--1111111-10-011111--10110111110-01-1111111011111-10-001-0000011011010111110000100011101110101000101011110011010111011111111111000000000011110010100000000000010111111001101101111111 0 0
186	94.346	0.000	( 0 )	--10-11---00---10100001--00-1001100--1---011101-0010110--1111111-10-011111--10110111110-01-1111111011111-10-001-0000011011010111110000100011101110101000101011110011010111011111111111000000000011110010100000000000010111111001101101111111 0 0
169	94.346	0.000	( 0 )	--10-11---00---10100001--00-1001100--1---011101-0010110--1111111-10-011111--10110111110-01-1111111011111-10-001-0000011011010111110000100011101110101000101011110011010111011111111111000000000011110010100000000000010111111001101101111111 0 0
124	94.346	0.000	( 0 )	--10-11---00---10100001--00-1001100--1---011101-0010110--1111111-10-011111--10110111110-01-1111111011111-10-001-0000011011010111110000100011101110101000101011110011010111011111111111000000000011110010100000000000010111111001101101111111 0 0
133	94.346	0.000	( 0 )	--10-11---00---10100001--00-1001100--1---011101-0010110--1111111-10-011111--10110111110-01-1111111011111-10-001-0000011011010111110000100011101110101000101011110011010111011111111111000000000011110010100000000000010111111001101101111111 0 0
147	94.346	0.000	( 0 )	--10-11---00---10100001--00-1001100--1---011101-0010110--1111111-10-011111--10110111110-01-1111111011111-10-001-0000011011010111110000100011101110101000101011110011010111011111111111000000000011110010100000000000010111111001101101111111 0 0
178	94.346	0.000	( 0 )	--10-11---00---10100001--00-1001100--1---011101-0010110--1111111-10-011111--10110111110-01-1111111011111-10-001-0000011011010111110000100011101110101000101011110011010111011111111111000000000011110010100000000000010111111001101101111111 0 0
156	94.346	0.000	( 0 )	--10-11---00---10100001--00-1001100--1---011101-0010110--1111111-10-011111--10110111110-01-1111111011111-10-001-0000011011010111110000100011101110101000101011110011010111011111111111000000000011110010100000000000010111111001101101111111 0 0
132	94.346	0.000	( 0 )	--10-11---00---10100001--00-1001100--1---011101-0010110--1111111-10-011111--10110111110-01-1111111011111-10-001-0000011011010111110000100011101110101000101011110011010111011111111111000000000011110010100000000000010111111001101101111111 0 0
193	94.346	0.000	( 0 )	--10-11---00---10100001--00-1001100--1---011101-0010110--1111111-10-011111--10110111110-01-1111111011111-10-001-0000011011010111110000100011101110101000101011110011010111011111111111000000000011110010100000000000010111111001101101111111 0 0
144	94.346	0.000	( 0 )	--10-11---00---10100001--00-1001100--1---011101-0010110--1111111-10-011111--10110111110-01-1111111011111-10-001-0000011011010111110000100011101110101000101011110011010111011111111111000000000011110010100000000000010111111001101101111111 0 0
201	94.346	0.000	( 0 )	--10-11---00---10100001--00-1001100--1---011101-0010110--1111111-10-011111--10110111110-01-1111111011111-10-001-0000011011010111110000100011101110101000101011110011010111011111111111000000000011110010100000000000010111111001101101111111 0 0
183	94.346	0.000	( 0 )	--10-11---00---10100001--00-1001100--1---011101-0010110--1111111-10-011111--10110111110-01-1111111011111-10-001-0000011011010111110000100011101110101000101011110011010111011111111111000000000011110010100000000000010111111001101101111111 0 0
127	94.346	0.000	( 0 )	--10-11---00---10100001--00-1001100--1---011101-0010110--1111111-10-011111--10110111110-01-1111111011111-10-001-0000011011010111110000100011101110101000101011110011010111011111111111000000000011110010100000000000010111111001101101111111 0 0
181	94.346	0.000	( 0 )	--10-11---00---10100001--00-1001100--1---011101-0010110--1111111-10-011111--10110111110-01-1111111011111-10-001-0000011011010111110000100011101110101000101011110011010111011111111111000000000011110010100000000000010111111001101101111111 0 0
176	94.346	0.000	( 0 )	--10-11---00---10100001--00-1001100--1---011101-0010110--1111111-10-011111--10110111110-01-1111111011111-10-001-0000011011010111110000100011101110101000101011110011010111011111111111000000000011110010100000000000010111111001101101111111 0 0
130	94.346	0.000	( 0 )	--10-11---00---10100001--00-1001100--1---011101-0010110--1111111-10-011111--10110111110-01-1111111011111-10-001-0000011011010111110000100011101110101000101011110011010111011111111111000000000011110010100000000000010111111001101101111111 0 0
157	94.346	0.000	( 0 )	--10-11---00---10100001--00-1001100--1---011101-0010110--1111111-10-011111--10110111110-01-1111111011111-10-001-0000011011010111110000100011101110101000101011110011010111011111111111000000000011110010100000000000010111111001101101111111 0 0
139	94.346	0.000	( 0 )	--10-11---00---10100001--00-1001100--1---011101-0010110--1111111-10-011111--10110111110-01-1111111011111-10-001-0000011011010111110000100011101110101000101011110011010111011111111111000000000011110010100000000000010111111001101101111111 0 0
195	94.346	0.000	( 0 )	--10-11---00---10100001--00-1001100--1---011101-0010110--1111111-10-011111--10110111110-01-1111111011111-10-001-0000011011010111110000100011101110101000101011110011010111011111111111000000000011110010100000000000010111111001101101111111 0 0
153	94.346	0.000	( 0 )	--10-11---00---10100001--00-1001100--1---011101-0010110--1111111-10-011111--10110111110-01-1111111011111-10-001-0000011011010111110000100011101110101000101011110011010111011111111111000000000011110010100000000000010111111001101101111111 0 0
149	94.346	0.000	( 0 )	--10-11---00---10100001--00-1001100--1---011101-0010110--1111111-10-011111--10110111110-01-1111111011111-10-001-0000011011010111110000100011101110101000101011110011010111011111111111000000000011110010100000000000010111111001101101111111 0 0
134	94.346	0.000	( 0 )	--10-11---00---10100001--00-1001100--1---011101-0010110--1111111-10-011111--10110111110-01-1111111011111-10-001-0000011011010111110000100011101110101000101011110011010111011111111111000000000011110010100000000000010111111001101101111111 0 0
137	95.194	0.000	( 0 )	--10-11---00---10100001--00-1001100--1---011101-0010110--1111111-10-011111--10110111110-01-1111111011111-10-001-0000011011010111110000100011101110101000101011110011010111011111111111000000000011110010100000000000010111111001101101111111 1 0
182	95.194	0.000	( 0 )	--10-11---00---10100001--00-1001100--1---011101-0010110--1111111-10-011111--10110111110-01-1111111011111-10-001-0000011011010111110000100011101110101000101011110011010111011111111111000000000011110010100000000000010111111001101101111111 0 0
125	95.194	0.000	( 0 )	--10-11---00---10100001--00-1001100--1---011101-0010110--1111111-10-011111--10110111110-01-1111111011111-10-001-0000011011010111110000100011101110101000101011110011010111011111111111000000000011110010100000000000010111111001101101111111 0 0
174	95.194	0.000	( 0 )	--10-11---00---10100001--00-1001100--1---011101-0010110--1111111-10-011111--10110111110-01-1111111011111-10-001-0000011011010111110000100011101110101000101011110011010111011111111111000000000011110010100000000000010111111001101101111111 0 0
165	95.194	0.000	( 0 )	--10-11---00---10100001--00-1001100--1---011101-0010110--1111111-10-011111--10110111110-01-1111111011111-10-001-0000011011010111110000100011101110101000101011110011010111011111111111000000000011110010100000000000010111111001101101111111 0 0
190	95.194	0.000	( 0 )	--10-11---00---10100001--00-1001100--1---011101-0010110--1111111-10-011111--10110111110-01-1111111011111-10-001-0000011011010111110000100011101110101000101011110011010111011111111111000000000011110010100000000000010111111001101101111111 0 0
142	95.194	0.000	( 0 )	--10-11---00---10100001--00-1001100--1---011101-0010110--1111111-10-011111--10110111110-01-1111111011111-10-001-0000011011010111110000100011101110101000101011110011010111011111111111000000000011110010100000000000010111111001101101111111 0 0
162	95.194	0.000	( 0 )	00100111110000010100001010001001100011111011101100101100011111110100011111111011011111000101111111011111010000100000011011010111110000100011101110101000101011110011010111011111111111000000000011110010100000000000010111111001101101111111 0 0
