#java OrderMarkers2 map=/flash/EconomoU/Nurit/lepmap/lepmap_varroa/Q40BIALLDP16HDP40mis.5Chr7.Sites_00_01/map_611.txt data=/flash/EconomoU/Nurit/lepmap/lepmap_varroa/Q40BIALLDP16HDP40mis.5Chr7.Sites_00_01/data_f.call useKosambi=1 numMergeIterations=100 sexAveraged=0 outputPhasedData=2 grandparentPhase=1 recombination1=0.01 recombination2=0 chromosome=5 randSeed=6233368613810114988
#*** LG = 5 likelihood = -22823.9189
#marker_number	male_position	female_position	( 0.0 )[	phased data]
429	0.000	0.000	( 0 )	10000000010001010000000011111100111101010000111111001011111111110000111011111101111000000110110110000010000011010000000011111110000010100111000110101011001011110011011110011111111111000010000011111001000000001000000111111000101111111111 0 0
463	0.000	0.000	( 0 )	10000000010001010000000011111100111101010000111111001011111111110000111011111101111000000110110110000010000011010000000011111110000010100111000110101011001011110011011110011111111111000010000011111001000000001000000111111000101111111111 0 0
440	8.557	0.000	( 0 )	1000000001--010100000000111111001111010100001111110010011111111100001110111111011110-0000-1011011000001---00110-0000-00011111110000010100111000110101011001011110011011110011111111111000010000011111001000000001000000111111000101111111111 10 0
462	8.557	0.000	( 0 )	10000000011101010000000011111100111101010000111111001001111111110000111011111101111010000010110110000011110011000000100011111110000010100111000110101011001011110011011110011111111111000010000011111001000000001000000111111000101111111111 0 0
447	26.204	0.000	( 0 )	1000000-0111-101000000-01111110-11110101-0001111110-10-1111111-100001110-1111101111-1---001---0--0000-1111--11000000100011111110000010100111000110101011001011110011011110011111111111000010000011111001000000001000000111111000101111111111 20 0
437	26.204	0.000	( 0 )	1000000-0111-101000000-01111110-11110101-0001111110-10-1111111-100001110-1111101111-1---001---0--0000-1111--11000000100011111110000010100111000110101011001011110011011110011111111111000010000011111001000000001000000111111000101111111111 0 0
477	26.204	0.000	( 0 )	1000000-0111-101000000-01111110-11110101-0001111110-10-1111111-100001110-1111101111-1---001---0--0000-1111--11000000100011111110000010100111000110101011001011110011011110011111111111000010000011111001000000001000000111111000101111111111 0 0
421	27.052	0.000	( 0 )	1000000-0111-101000000-01111110-11110101-0001111110-10-1111111-100001110-1111101111-1---001---0--0000-1111--11000000100011111110000010100111000110101011001011110011011110011111111111000010000011111001000000001000000111111000101111111111 1 0
426	27.052	0.000	( 0 )	1000000101111101000000101111110111110101100011111101101111111101000011100111110111111111001-000000000111111111000000100011111110000010100111000110101011001011110011011110011111111111000010000011111001000000001000000111111000101111111111 0 0
473	27.052	0.000	( 0 )	1000000101111101000000101111110111110101100011111101101111111101000011100111110111111111001-000000000111111111000000100011111110000010100111000110101011001011110011011110011111111111000010000011111001000000001000000111111000101111111111 0 0
445	27.052	0.000	( 0 )	1000000101111101000000101111110111110101100011111101101111111101000011100111110111111111001-000000000111111111000000100011111110000010100111000110101011001011110011011110011111111111000010000011111001000000001000000111111000101111111111 0 0
464	27.052	0.000	( 0 )	1000000101111101000000101111110111110101100011111101101111111101000011100111110111111111001-000000000111111111000000100011111110000010100111000110101011001011110011011110011111111111000010000011111001000000001000000111111000101111111111 0 0
418	27.052	0.000	( 0 )	1000000101111101000000101111110111110101100011111101101111111101000011100111110111111111001-000000000111111111000000100011111110000010100111000110101011001011110011011110011111111111000010000011111001000000001000000111111000101111111111 0 0
448	27.052	0.000	( 0 )	1000000101111101000000101111110111110101100011111101101111111101000011100111110111111111001-000000000111111111000000100011111110000010100111000110101011001011110011011110011111111111000010000011111001000000001000000111111000101111111111 0 0
479	27.052	0.000	( 0 )	1000000101111101000000101111110111110101100011111101101111111101000011100111110111111111001-000000000111111111000000100011111110000010100111000110101011001011110011011110011111111111000010000011111001000000001000000111111000101111111111 0 0
475	27.052	0.000	( 0 )	1000000101111101000000101111110111110101100011111101101111111101000011100111110111111111001-000000000111111111000000100011111110000010100111000110101011001011110011011110011111111111000010000011111001000000001000000111111000101111111111 0 0
413	27.052	0.000	( 0 )	1000000101111101000000101111110111110101100011111101101111111101000011100111110111111111001-000000000111111111000000100011111110000010100111000110101011001011110011011110011111111111000010000011111001000000001000000111111000101111111111 0 0
422	27.052	0.000	( 0 )	1000000101111101000000101111110111110101100011111101101111111101000011100111110111111111001-000000000111111111000000100011111110000010100111000110101011001011110011011110011111111111000010000011111001000000001000000111111000101111111111 0 0
449	27.052	0.000	( 0 )	1000000101111101000000101111110111110101100011111101101111111101000011100111110111111111001-000000000111111111000000100011111110000010100111000110101011001011110011011110011111111111000010000011111001000000001000000111111000101111111111 0 0
471	27.052	0.000	( 0 )	1000000101111101000000101111110111110101100011111101101111111101000011100111110111111111001-000000000111111111000000100011111110000010100111000110101011001011110011011110011111111111000010000011111001000000001000000111111000101111111111 0 0
461	27.052	0.000	( 0 )	1000000101111101000000101111110111110101100011111101101111111101000011100111110111111111001-000000000111111111000000100011111110000010100111000110101011001011110011011110011111111111000010000011111001000000001000000111111000101111111111 0 0
441	27.052	0.000	( 0 )	1000000101111101000000101111110111110101100011111101101111111101000011100111110111111111001-000000000111111111000000100011111110000010100111000110101011001011110011011110011111111111000010000011111001000000001000000111111000101111111111 0 0
416	27.052	0.000	( 0 )	1000000101111101000000101111110111110101100011111101101111111101000011100111110111111111001-000000000111111111000000100011111110000010100111000110101011001011110011011110011111111111000010000011111001000000001000000111111000101111111111 0 0
474	27.052	0.000	( 0 )	1000000101111101000000101111110111110101100011111101101111111101000011100111110111111111001-000000000111111111000000100011111110000010100111000110101011001011110011011110011111111111000010000011111001000000001000000111111000101111111111 0 0
457	27.052	0.000	( 0 )	1000000101111101000000101111110111110101100011111101101111111101000011100111110111111111001-000000000111111111000000100011111110000010100111000110101011001011110011011110011111111111000010000011111001000000001000000111111000101111111111 0 0
432	27.052	0.000	( 0 )	1000000101111101000000101111110111110101100011111101101111111101000011100111110111111111001-000000000111111111000000100011111110000010100111000110101011001011110011011110011111111111000010000011111001000000001000000111111000101111111111 0 0
434	27.052	0.000	( 0 )	1000000101111101000000101111110111110101100011111101101111111101000011100111110111111111001-000000000111111111000000100011111110000010100111000110101011001011110011011110011111111111000010000011111001000000001000000111111000101111111111 0 0
430	27.052	0.000	( 0 )	1000000101111101000000101111110111110101100011111101101111111101000011100111110111111111001-000000000111111111000000100011111110000010100111000110101011001011110011011110011111111111000010000011111001000000001000000111111000101111111111 0 0
439	27.052	0.000	( 0 )	1000000101111101000000101111110111110101100011111101101111111101000011100111110111111111001-000000000111111111000000100011111110000010100111000110101011001011110011011110011111111111000010000011111001000000001000000111111000101111111111 0 0
419	27.052	0.000	( 0 )	1000000101111101000000101111110111110101100011111101101111111101000011100111110111111111001-000000000111111111000000100011111110000010100111000110101011001011110011011110011111111111000010000011111001000000001000000111111000101111111111 0 0
433	27.052	0.000	( 0 )	1000000101111101000000101111110111110101100011111101101111111101000011100111110111111111001-000000000111111111000000100011111110000010100111000110101011001011110011011110011111111111000010000011111001000000001000000111111000101111111111 0 0
425	27.052	0.000	( 0 )	10000001011111010000001011111101111101011000111111011011111111010000111001111101111111110011000000000111111111000000100011111110000010100111000110101011001011110011011110011111111111000010000011111001000000001000000111111000101111111111 0 0
472	48.639	0.000	( 0 )	-0000001011111-10000001---1111011-11-1-110----1----11-111111110100-0-110011111011--11111-01100-0000001-1111111000000-00011111110000010100111000110101011001011110011011110011111111111000010000011111001000000001000000111111000101111111111 24 0
420	51.184	0.000	( 0 )	-000000-011111-10000001---1111011-11-1-110----1----11-111111110100-0-110011111011--11111-011-0--00000--1111111000000-00011111110000010100111000110101011001011110011011110011111111111000010000011111001000000001000000111111000101111111111 3 0
467	51.184	0.000	( 0 )	-000000-011111-10000001---1111011-11-1-110----1----11-111111110100-0-110011111011--11111-011-0--00000--1111111000000-00011111110000010100111000110101011001011110011011110011111111111000010000011111001000000001000000111111000101111111111 0 0
468	51.184	0.000	( 0 )	-000000-011111-10000001---1111011-11-1-110----1----11-111111110100-0-110011111011--11111-011-0--00000--1111111000000-00011111110000010100111000110101011001011110011011110011111111111000010000011111001000000001000000111111000101111111111 0 0
458	51.184	0.000	( 0 )	-000000-011111-10000001---1111011-11-1-110----1----11-111111110100-0-110011111011--11111-011-0--00000--1111111000000-00011111110000010100111000110101011001011110011011110011111111111000010000011111001000000001000000111111000101111111111 0 0
414	51.184	0.000	( 0 )	-000000-011111-10000001---1111011-11-1-110----1----11-111111110100-0-110011111011--11111-011-0--00000--1111111000000-00011111110000010100111000110101011001011110011011110011111111111000010000011111001000000001000000111111000101111111111 0 0
469	51.184	0.000	( 0 )	-000000-011111-10000001---1111011-11-1-110----1----11-111111110100-0-110011111011--11111-011-0--00000--1111111000000-00011111110000010100111000110101011001011110011011110011111111111000010000011111001000000001000000111111000101111111111 0 0
417	51.184	0.000	( 0 )	-000000-011111-10000001---1111011-11-1-110----1----11-111111110100-0-110011111011--11111-011-0--00000--1111111000000-00011111110000010100111000110101011001011110011011110011111111111000010000011111001000000001000000111111000101111111111 0 0
450	51.184	0.000	( 0 )	-000000-011111-10000001---1111011-11-1-110----1----11-111111110100-0-110011111011--11111-011-0--00000--1111111000000-00011111110000010100111000110101011001011110011011110011111111111000010000011111001000000001000000111111000101111111111 0 0
466	51.184	0.000	( 0 )	-000000-011111-10000001---1111011-11-1-110----1----11-111111110100-0-110011111011--11111-011-0--00000--1111111000000-00011111110000010100111000110101011001011110011011110011111111111000010000011111001000000001000000111111000101111111111 0 0
465	52.031	0.000	( 0 )	-000000-011111-10000001---1111011-11-1-110----1----11-111111110100-0-110011111011--11111-011-0--00000--1111111000000-00011111110000010100111000110101011001011110011011110011111111111000010000011111001000000001000000111111000101111111111 1 0
454	52.031	0.000	( 0 )	-000000-011111-10000001---1111011-11-1-110----1----11-111111110100-0-110011111011--11111-011-0--00000--1111111000000-00011111110000010100111000110101011001011110011011110011111111111000010000011111001000000001000000111111000101111111111 0 0
446	52.031	0.000	( 0 )	-000000-011111-10000001---1111011-11-1-110----1----11-111111110100-0-110011111011--11111-011-0--00000--1111111000000-00011111110000010100111000110101011001011110011011110011111111111000010000011111001000000001000000111111000101111111111 0 0
476	52.031	0.000	( 0 )	-000000-011111-10000001---1111011-11-1-110----1----11-111111110100-0-110011111011--11111-011-0--00000--1111111000000-00011111110000010100111000110101011001011110011011110011111111111000010000011111001000000001000000111111000101111111111 0 0
460	52.031	0.000	( 0 )	-000000-011111-10000001---1111011-11-1-110----1----11-111111110100-0-110011111011--11111-011-0--00000--1111111000000-00011111110000010100111000110101011001011110011011110011111111111000010000011111001000000001000000111111000101111111111 0 0
452	52.031	0.000	( 0 )	-000000-011111-10000001---1111011-11-1-110----1----11-111111110100-0-110011111011--11111-011-0--00000--1111111000000-00011111110000010100111000110101011001011110011011110011111111111000010000011111001000000001000000111111000101111111111 0 0
435	52.031	0.000	( 0 )	-000000-011111-10000001---1111011-11-1-110----1----11-111111110100-0-110011111011--11111-011-0--00000--1111111000000-00011111110000010100111000110101011001011110011011110011111111111000010000011111001000000001000000111111000101111111111 0 0
444	52.031	0.000	( 0 )	-000000-011111-10000001---1111011-11-1-110----1----11-111111110100-0-110011111011--11111-011-0--00000--1111111000000-00011111110000010100111000110101011001011110011011110011111111111000010000011111001000000001000000111111000101111111111 0 0
459	52.031	0.000	( 0 )	-000000-011111-10000001---1111011-11-1-110----1----11-111111110100-0-110011111011--11111-011-0--00000--1111111000000-00011111110000010100111000110101011001011110011011110011111111111000010000011111001000000001000000111111000101111111111 0 0
431	52.031	0.000	( 0 )	-000000-011111-10000001---1111011-11-1-110----1----11-111111110100-0-110011111011--11111-011-0--00000--1111111000000-00011111110000010100111000110101011001011110011011110011111111111000010000011111001000000001000000111111000101111111111 0 0
424	52.031	0.000	( 0 )	-000000-011111-10000001---1111011-11-1-110----1----11-111111110100-0-110011111011--11111-011-0--00000--1111111000000-00011111110000010100111000110101011001011110011011110011111111111000010000011111001000000001000000111111000101111111111 0 0
478	52.879	0.000	( 0 )	-000000-011111-10000001---1111011-11-1-110----1----11-111111110100-0-110011111011--11111-011-0--00000--1111111000000-00011111110000010100111000110101011001011110011011110011111111111000010000011111001000000001000000111111000101111111111 1 0
443	52.879	0.000	( 0 )	-000000-011111-10000001---1111011-11-1-110----1----11-111111110100-0-110011111011--11111-011-0--00000--1111111000000-00011111110000010100111000110101011001011110011011110011111111111000010000011111001000000001000000111111000101111111111 0 0
423	52.879	0.000	( 0 )	-000000-011111-10000001---1111011-11-1-110----1----11-111111110100-0-110011111011--11111-011-0--00000--1111111000000-00011111110000010100111000110101011001011110011011110011111111111000010000011111001000000001000000111111000101111111111 0 0
456	52.879	0.000	( 0 )	-000000-011111-10000001---1111011-11-1-110----1----11-111111110100-0-110011111011--11111-011-0--00000--1111111000000-00011111110000010100111000110101011001011110011011110011111111111000010000011111001000000001000000111111000101111111111 0 0
442	52.879	0.000	( 0 )	-000000-011111-10000001---1111011-11-1-110----1----11-111111110100-0-110011111011--11111-011-0--00000--1111111000000-00011111110000010100111000110101011001011110011011110011111111111000010000011111001000000001000000111111000101111111111 0 0
455	52.879	0.000	( 0 )	-000000-011111-10000001---1111011-11-1-110----1----11-111111110100-0-110011111011--11111-011-0--00000--1111111000000-00011111110000010100111000110101011001011110011011110011111111111000010000011111001000000001000000111111000101111111111 0 0
436	52.879	0.000	( 0 )	-000000-011111-10000001---1111011-11-1-110----1----11-111111110100-0-110011111011--11111-011-0--00000--1111111000000-00011111110000010100111000110101011001011110011011110011111111111000010000011111001000000001000000111111000101111111111 0 0
451	52.879	0.000	( 0 )	00000000011111110000001100111101101111111011001000111111111111010010011001111101100111111011101100000001111111000000000011111110000010100111000110101011001011110011011110011111111111000010000011111001000000001000000111111000101111111111 0 0
470	52.879	0.000	( 0 )	00000000011111110000001100111101101111111011001000111111111111010010011001111101100111111011101100000001111111000000000011111110000010100111000110101011001011110011011110011111111111000010000011111001000000001000000111111000101111111111 0 0
415	52.879	0.000	( 0 )	00000000011111110000001100111101101111111011001000111111111111010010011001111101100111111011101100000001111111000000000011111110000010100111000110101011001011110011011110011111111111000010000011111001000000001000000111111000101111111111 0 0
438	52.879	0.000	( 0 )	00000000011111110000001100111101101111111011001000111111111111010010011001111101100111111011101100000001111111000000000011111110000010100111000110101011001011110011011110011111111111000010000011111001000000001000000111111000101111111111 0 0
427	52.879	0.000	( 0 )	00000000011111110000001100111101101111111011001000111111111111010010011001111101100111111011101100000001111111000000000011111110000010100111000110101011001011110011011110011111111111000010000011111001000000001000000111111000101111111111 0 0
428	52.879	0.000	( 0 )	00000000011111110000001100111101101111111011001000111111111111010010011001111101100111111011101100000001111111000000000011111110000010100111000110101011001011110011011110011111111111000010000011111001000000001000000111111000101111111111 0 0
453	52.879	0.000	( 0 )	00000000011111110000001100111101101111111011001000111111111111010010011001111101100111111011101100000001111111000000000011111110000010100111000110101011001011110011011110011111111111000010000011111001000000001000000111111000101111111111 0 0
