#java OrderMarkers2 map=/flash/EconomoU/Nurit/lepmap/lepmap_varroa/Q40BIALLDP16HDP40mis.5Chr7.Sites_00_01/map_611.txt data=/flash/EconomoU/Nurit/lepmap/lepmap_varroa/Q40BIALLDP16HDP40mis.5Chr7.Sites_00_01/data_f.call useKosambi=1 numMergeIterations=100 sexAveraged=0 outputPhasedData=2 grandparentPhase=1 recombination1=0.01 recombination2=0 chromosome=1 randSeed=3267233595163740624
#*** LG = 1 likelihood = -42293.1575
#marker_number	male_position	female_position	( 0.0 )[	phased data]
23	0.000	0.000	( 0 )	11111110000001011111111101100000111100000100111111110111111101011011111111111111011111111000000000000111111111100000101111010110000010100111111110111110011111110010000110011110111111000000000011110010000000100000000111111000111101111111 0 0
55	17.647	0.000	( 0 )	11111111000001111111110001100000111100000100011110100111111111111011111000111111001111111001000001000000101111110000101111010110000010100111111110111110011111110010000110011110111111000000000011110010000000100000000111111000111101111111 20 0
54	17.647	0.000	( 0 )	11111111000001111111110001100000111100000100011110100111111111111011111000111111001111111001000001000000101111110000101111010110000010100111111110111110011111110010000110011110111111000000000011110010000000100000000111111000111101111111 0 0
53	17.647	0.000	( 0 )	11111111000001111111110001100000111100000100011110100111111111111011111000111111001111111001000001000000101111110000101111010110000010100111111110111110011111110010000110011110111111000000000011110010000000100000000111111000111101111111 0 0
52	18.495	0.000	( 0 )	11111111000001111111110001100000111100000100011110100111111111111011111000011111001111111001000001000000101111110000101111010110000010100111111110111110011111110010000110011110111111000000000011110010000000100000000111111000111101111111 1 0
68	52.626	0.000	( 0 )	111111111111111110010010111111001111000000000111101001-1-111111100000111010010110011111111011-1111000000011111010000001111010110000010100111111110111110011111110010000110011110111111000000000011110010000000100000000111111000111101111111 35 0
69	54.321	0.000	( 0 )	111111111111111110010010111111001111000000100111101001-101111111000001110100101100111111110111111100-000011111010000001111010110000010100111111110111110011111110010000110011110111111000000000011110010000000100000000111111000111101111111 2 0
75	70.077	0.000	( 0 )	11111111011111011001001000010100111100000010011110111101000000000000011101001011001111111101111111111000001111010000001111010110000010100111111110111110011111110010000110011110111111000000000011110010000000100000000111111000111101111111 18 0
66	81.278	0.000	( 0 )	00000011011111011101000000010000111100000010001110111101000000000000011101001011001111111111111111111000001111011100001111010110000010100111111110111110011111110010000110011110111111000000000011110010000000100000000111111000111101111111 13 0
64	85.525	0.000	( 0 )	000000110111110111111000000100001111000001100011101111-1000000000000011101000011001111111111111111111000001111011100001111010110000010100111111110111110011111110010000110011110111111000000000011110010000000100000000111111000111101111111 5 0
65	87.221	0.000	( 0 )	000000110111110111111000000100001111000001100011101111-1000000000001011101000011001111111111111111111000101111011100001111010110000010100111111110111110011111110010000110011110111111000000000011110010000000100000000111111000111101111111 2 0
50	104.868	0.000	( 0 )	000000110111110111111000001100000000001011-00011101110-1000000001-1111110100000000111111-111111-111110011-1111111100001111010110000010100111111110111110011111110010000110011110111111000000000011110010000000100000000111111000111101111111 20 0
30	121.564	0.000	( 0 )	00000011111111111111100000111100000000101100001000010011100000001-1111010100000000111111011110001000-011111111110000001111010110000010100111111110111110011111110010000110011110111111000000000011110010000000100000000111111000111101111111 19 0
31	124.108	0.000	( 0 )	00000011111111111111100000111100000000101100001000010011100000001-111101010000000011111101110000000000111111111100-0001111010110000010100111111110111110011111110010000110011110111111000000000011110010000000100000000111111000111101111111 3 0
29	130.069	0.000	( 0 )	00000011111111111111100000111111000011111101001000010011100000001-11110101000000001111110111000000000011111101110010001111010110000010100111111110111110011111110010000110011110111111000000000011110010000000100000000111111000111101111111 7 0
28	137.756	0.000	( 0 )	0000-0111111111111111---001111110000111111010-1000010011100000001-111101010000-0001111110111000--00-0011111-0-11--1---1111010110000010100111111110111110011111110010000110011110111111000000000011110010000000100000000111111000111101111111 9 0
122	137.756	0.000	( 0 )	0000-0111111111111111---001111110000111111010-1000010011100000001-111101010000-0001111110111000--00-0011111-0-11--1---1111010110000010100111111110111110011111110010000110011110111111000000000011110010000000100000000111111000111101111111 0 0
4	137.756	0.000	( 0 )	0000-0111111111111111---001111110000111111010-1000010011100000001-111101010000-0001111110111000--00-0011111-0-11--1---1111010110000010100111111110111110011111110010000110011110111111000000000011110010000000100000000111111000111101111111 0 0
38	137.756	0.000	( 0 )	0000-0111111111111111---001111110000111111010-1000010011100000001-111101010000-0001111110111000--00-0011111-0-11--1---1111010110000010100111111110111110011111110010000110011110111111000000000011110010000000100000000111111000111101111111 0 0
90	137.756	0.000	( 0 )	0000-0111111111111111---001111110000111111010-1000010011100000001-111101010000-0001111110111000--00-0011111-0-11--1---1111010110000010100111111110111110011111110010000110011110111111000000000011110010000000100000000111111000111101111111 0 0
116	137.756	0.000	( 0 )	0000-0111111111111111---001111110000111111010-1000010011100000001-111101010000-0001111110111000--00-0011111-0-11--1---1111010110000010100111111110111110011111110010000110011110111111000000000011110010000000100000000111111000111101111111 0 0
67	138.603	0.000	( 0 )	0000-0111111111111111---001111110000111111010-1000010011100000001-111101010000-0001111110111000--00-0011111-0-11--1---1111010110000010100111111110111110011111110010000110011110111111000000000011110010000000100000000111111000111101111111 1 0
105	138.603	0.000	( 0 )	0000-0111111111111111---001111110000111111010-1000010011100000001-111101010000-0001111110111000--00-0011111-0-11--1---1111010110000010100111111110111110011111110010000110011110111111000000000011110010000000100000000111111000111101111111 0 0
19	138.603	0.000	( 0 )	0000-0111111111111111---001111110000111111010-1000010011100000001-111101010000-0001111110111000--00-0011111-0-11--1---1111010110000010100111111110111110011111110010000110011110111111000000000011110010000000100000000111111000111101111111 0 0
107	139.451	0.000	( 0 )	0000-0111111111111111---001111110000111111010-1000010011100000001-111101010000-0001111110111000--00-0011111-0-11--1---1111010110000010100111111110111110011111110010000110011110111111000000000011110010000000100000000111111000111101111111 1 0
97	140.298	0.000	( 0 )	0000-0111111111111111---001111110000111111010-1000010011100000001-111101010000-0001111110111000--00-0011111-0-11--1---1111010110000010100111111110111110011111110010000110011110111111000000000011110010000000100000000111111000111101111111 1 0
111	140.298	0.000	( 0 )	0000-0111111111111111---001111110000111111010-1000010011100000001-111101010000-0001111110111000--00-0011111-0-11--1---1111010110000010100111111110111110011111110010000110011110111111000000000011110010000000100000000111111000111101111111 0 0
119	140.298	0.000	( 0 )	0000-0111111111111111---001111110000111111010-1000010011100000001-111101010000-0001111110111000--00-0011111-0-11--1---1111010110000010100111111110111110011111110010000110011110111111000000000011110010000000100000000111111000111101111111 0 0
88	140.298	0.000	( 0 )	0000-0111111111111111---001111110000111111010-1000010011100000001-111101010000-0001111110111000--00-0011111-0-11--1---1111010110000010100111111110111110011111110010000110011110111111000000000011110010000000100000000111111000111101111111 0 0
113	140.298	0.000	( 0 )	0000-0111111111111111---001111110000111111010-1000010011100000001-111101010000-0001111110111000--00-0011111-0-11--1---1111010110000010100111111110111110011111110010000110011110111111000000000011110010000000100000000111111000111101111111 0 0
12	141.146	0.000	( 0 )	0000-0111111111111111---001111110000111111010-1000010011100000001-111101010000-0001111110111000--00-0011111-0-11--1---1111010110000010100111111110111110011111110010000110011110111111000000000011110010000000100000000111111000111101111111 1 0
85	141.146	0.000	( 0 )	0000-0111111111111111---001111110000111111010-1000010011100000001-111101010000-0001111110111000--00-0011111-0-11--1---1111010110000010100111111110111110011111110010000110011110111111000000000011110010000000100000000111111000111101111111 0 0
91	141.146	0.000	( 0 )	0000-0111111111111111---001111110000111111010-1000010011100000001-111101010000-0001111110111000--00-0011111-0-11--1---1111010110000010100111111110111110011111110010000110011110111111000000000011110010000000100000000111111000111101111111 0 0
120	141.146	0.000	( 0 )	0000-0111111111111111---001111110000111111010-1000010011100000001-111101010000-0001111110111000--00-0011111-0-11--1---1111010110000010100111111110111110011111110010000110011110111111000000000011110010000000100000000111111000111101111111 0 0
42	141.146	0.000	( 0 )	0000-0111111111111111---001111110000111111010-1000010011100000001-111101010000-0001111110111000--00-0011111-0-11--1---1111010110000010100111111110111110011111110010000110011110111111000000000011110010000000100000000111111000111101111111 0 0
117	141.146	0.000	( 0 )	0000-0111111111111111---001111110000111111010-1000010011100000001-111101010000-0001111110111000--00-0011111-0-11--1---1111010110000010100111111110111110011111110010000110011110111111000000000011110010000000100000000111111000111101111111 0 0
92	141.146	0.000	( 0 )	0000-0111111111111111---001111110000111111010-1000010011100000001-111101010000-0001111110111000--00-0011111-0-11--1---1111010110000010100111111110111110011111110010000110011110111111000000000011110010000000100000000111111000111101111111 0 0
25	141.146	0.000	( 0 )	0000-0111111111111111---001111110000111111010-1000010011100000001-111101010000-0001111110111000--00-0011111-0-11--1---1111010110000010100111111110111110011111110010000110011110111111000000000011110010000000100000000111111000111101111111 0 0
82	141.146	0.000	( 0 )	0000-0111111111111111---001111110000111111010-1000010011100000001-111101010000-0001111110111000--00-0011111-0-11--1---1111010110000010100111111110111110011111110010000110011110111111000000000011110010000000100000000111111000111101111111 0 0
121	141.146	0.000	( 0 )	0000-0111111111111111---001111110000111111010-1000010011100000001-111101010000-0001111110111000--00-0011111-0-11--1---1111010110000010100111111110111110011111110010000110011110111111000000000011110010000000100000000111111000111101111111 0 0
86	141.146	0.000	( 0 )	0000-0111111111111111---001111110000111111010-1000010011100000001-111101010000-0001111110111000--00-0011111-0-11--1---1111010110000010100111111110111110011111110010000110011110111111000000000011110010000000100000000111111000111101111111 0 0
71	141.146	0.000	( 0 )	0000-0111111111111111---001111110000111111010-1000010011100000001-111101010000-0001111110111000--00-0011111-0-11--1---1111010110000010100111111110111110011111110010000110011110111111000000000011110010000000100000000111111000111101111111 0 0
60	141.146	0.000	( 0 )	0000-0111111111111111---001111110000111111010-1000010011100000001-111101010000-0001111110111000--00-0011111-0-11--1---1111010110000010100111111110111110011111110010000110011110111111000000000011110010000000100000000111111000111101111111 0 0
8	141.146	0.000	( 0 )	0000-0111111111111111---001111110000111111010-1000010011100000001-111101010000-0001111110111000--00-0011111-0-11--1---1111010110000010100111111110111110011111110010000110011110111111000000000011110010000000100000000111111000111101111111 0 0
78	141.146	0.000	( 0 )	0000-0111111111111111---001111110000111111010-1000010011100000001-111101010000-0001111110111000--00-0011111-0-11--1---1111010110000010100111111110111110011111110010000110011110111111000000000011110010000000100000000111111000111101111111 0 0
109	141.993	0.000	( 0 )	0000-0111111111111111---001111110000111111010-1000010011100000001-111101010000-0001111110111000--00-0011111-0-11--1---1111010110000010100111111110111110011111110010000110011110111111000000000011110010000000100000000111111000111101111111 1 0
61	141.993	0.000	( 0 )	0000-0111111111111111---001111110000111111010-1000010011100000001-111101010000-0001111110111000--00-0011111-0-11--1---1111010110000010100111111110111110011111110010000110011110111111000000000011110010000000100000000111111000111101111111 0 0
87	142.841	0.000	( 0 )	0000-0111111111111111---001111110000111111010-1000010011100000001-111101010000-0001111110111000--00-0011111-0-11--1---1111010110000010100111111110111110011111110010000110011110111111000000000011110010000000100000000111111000111101111111 1 0
102	142.841	0.000	( 0 )	0000-0111111111111111---001111110000111111010-1000010011100000001-111101010000-0001111110111000--00-0011111-0-11--1---1111010110000010100111111110111110011111110010000110011110111111000000000011110010000000100000000111111000111101111111 0 0
115	142.841	0.000	( 0 )	0000-0111111111111111---001111110000111111010-1000010011100000001-111101010000-0001111110111000--00-0011111-0-11--1---1111010110000010100111111110111110011111110010000110011110111111000000000011110010000000100000000111111000111101111111 0 0
110	142.841	0.000	( 0 )	0000-0111111111111111---001111110000111111010-1000010011100000001-111101010000-0001111110111000--00-0011111-0-11--1---1111010110000010100111111110111110011111110010000110011110111111000000000011110010000000100000000111111000111101111111 0 0
79	142.841	0.000	( 0 )	0000-0111111111111111---001111110000111111010-1000010011100000001-111101010000-0001111110111000--00-0011111-0-11--1---1111010110000010100111111110111110011111110010000110011110111111000000000011110010000000100000000111111000111101111111 0 0
24	142.841	0.000	( 0 )	0000-0111111111111111---001111110000111111010-1000010011100000001-111101010000-0001111110111000--00-0011111-0-11--1---1111010110000010100111111110111110011111110010000110011110111111000000000011110010000000100000000111111000111101111111 0 0
62	142.841	0.000	( 0 )	0000-0111111111111111---001111110000111111010-1000010011100000001-111101010000-0001111110111000--00-0011111-0-11--1---1111010110000010100111111110111110011111110010000110011110111111000000000011110010000000100000000111111000111101111111 0 0
100	142.841	0.000	( 0 )	0000-0111111111111111---001111110000111111010-1000010011100000001-111101010000-0001111110111000--00-0011111-0-11--1---1111010110000010100111111110111110011111110010000110011110111111000000000011110010000000100000000111111000111101111111 0 0
15	142.841	0.000	( 0 )	0000-0111111111111111---001111110000111111010-1000010011100000001-111101010000-0001111110111000--00-0011111-0-11--1---1111010110000010100111111110111110011111110010000110011110111111000000000011110010000000100000000111111000111101111111 0 0
108	142.841	0.000	( 0 )	0000-0111111111111111---001111110000111111010-1000010011100000001-111101010000-0001111110111000--00-0011111-0-11--1---1111010110000010100111111110111110011111110010000110011110111111000000000011110010000000100000000111111000111101111111 0 0
45	142.841	0.000	( 0 )	0000-0111111111111111---001111110000111111010-1000010011100000001-111101010000-0001111110111000--00-0011111-0-11--1---1111010110000010100111111110111110011111110010000110011110111111000000000011110010000000100000000111111000111101111111 0 0
96	142.841	0.000	( 0 )	0000-0111111111111111---001111110000111111010-1000010011100000001-111101010000-0001111110111000--00-0011111-0-11--1---1111010110000010100111111110111110011111110010000110011110111111000000000011110010000000100000000111111000111101111111 0 0
56	142.841	0.000	( 0 )	0000-0111111111111111---001111110000111111010-1000010011100000001-111101010000-0001111110111000--00-0011111-0-11--1---1111010110000010100111111110111110011111110010000110011110111111000000000011110010000000100000000111111000111101111111 0 0
37	142.841	0.000	( 0 )	0000-0111111111111111---001111110000111111010-1000010011100000001-111101010000-0001111110111000--00-0011111-0-11--1---1111010110000010100111111110111110011111110010000110011110111111000000000011110010000000100000000111111000111101111111 0 0
77	142.841	0.000	( 0 )	0000-0111111111111111---001111110000111111010-1000010011100000001-111101010000-0001111110111000--00-0011111-0-11--1---1111010110000010100111111110111110011111110010000110011110111111000000000011110010000000100000000111111000111101111111 0 0
93	142.841	0.000	( 0 )	0000-0111111111111111---001111110000111111010-1000010011100000001-111101010000-0001111110111000--00-0011111-0-11--1---1111010110000010100111111110111110011111110010000110011110111111000000000011110010000000100000000111111000111101111111 0 0
5	142.841	0.000	( 0 )	0000-0111111111111111---001111110000111111010-1000010011100000001-111101010000-0001111110111000--00-0011111-0-11--1---1111010110000010100111111110111110011111110010000110011110111111000000000011110010000000100000000111111000111101111111 0 0
36	143.688	0.000	( 0 )	0000-0111111111111111---001111110000111111010-1000010011100000001-111101010000-0001111110111000--00-0011111-0-11--1---1111010110000010100111111110111110011111110010000110011110111111000000000011110010000000100000000111111000111101111111 1 0
76	143.688	0.000	( 0 )	0000-0111111111111111---001111110000111111010-1000010011100000001-111101010000-0001111110111000--00-0011111-0-11--1---1111010110000010100111111110111110011111110010000110011110111111000000000011110010000000100000000111111000111101111111 0 0
47	143.688	0.000	( 0 )	0000-0111111111111111---001111110000111111010-1000010011100000001-111101010000-0001111110111000--00-0011111-0-11--1---1111010110000010100111111110111110011111110010000110011110111111000000000011110010000000100000000111111000111101111111 0 0
20	143.688	0.000	( 0 )	0000-0111111111111111---001111110000111111010-1000010011100000001-111101010000-0001111110111000--00-0011111-0-11--1---1111010110000010100111111110111110011111110010000110011110111111000000000011110010000000100000000111111000111101111111 0 0
2	143.688	0.000	( 0 )	0000-0111111111111111---001111110000111111010-1000010011100000001-111101010000-0001111110111000--00-0011111-0-11--1---1111010110000010100111111110111110011111110010000110011110111111000000000011110010000000100000000111111000111101111111 0 0
112	143.688	0.000	( 0 )	0000-0111111111111111---001111110000111111010-1000010011100000001-111101010000-0001111110111000--00-0011111-0-11--1---1111010110000010100111111110111110011111110010000110011110111111000000000011110010000000100000000111111000111101111111 0 0
10	143.688	0.000	( 0 )	0000-0111111111111111---001111110000111111010-1000010011100000001-111101010000-0001111110111000--00-0011111-0-11--1---1111010110000010100111111110111110011111110010000110011110111111000000000011110010000000100000000111111000111101111111 0 0
18	143.688	0.000	( 0 )	0000-0111111111111111---001111110000111111010-1000010011100000001-111101010000-0001111110111000--00-0011111-0-11--1---1111010110000010100111111110111110011111110010000110011110111111000000000011110010000000100000000111111000111101111111 0 0
39	143.688	0.000	( 0 )	0000-0111111111111111---001111110000111111010-1000010011100000001-111101010000-0001111110111000--00-0011111-0-11--1---1111010110000010100111111110111110011111110010000110011110111111000000000011110010000000100000000111111000111101111111 0 0
58	143.688	0.000	( 0 )	0000-0111111111111111---001111110000111111010-1000010011100000001-111101010000-0001111110111000--00-0011111-0-11--1---1111010110000010100111111110111110011111110010000110011110111111000000000011110010000000100000000111111000111101111111 0 0
63	143.688	0.000	( 0 )	0000-0111111111111111---001111110000111111010-1000010011100000001-111101010000-0001111110111000--00-0011111-0-11--1---1111010110000010100111111110111110011111110010000110011110111111000000000011110010000000100000000111111000111101111111 0 0
6	143.688	0.000	( 0 )	0000-0111111111111111---001111110000111111010-1000010011100000001-111101010000-0001111110111000--00-0011111-0-11--1---1111010110000010100111111110111110011111110010000110011110111111000000000011110010000000100000000111111000111101111111 0 0
27	143.688	0.000	( 0 )	0000-0111111111111111---001111110000111111010-1000010011100000001-111101010000-0001111110111000--00-0011111-0-11--1---1111010110000010100111111110111110011111110010000110011110111111000000000011110010000000100000000111111000111101111111 0 0
103	143.688	0.000	( 0 )	0000-0111111111111111---001111110000111111010-1000010011100000001-111101010000-0001111110111000--00-0011111-0-11--1---1111010110000010100111111110111110011111110010000110011110111111000000000011110010000000100000000111111000111101111111 0 0
95	143.688	0.000	( 0 )	0000-0111111111111111---001111110000111111010-1000010011100000001-111101010000-0001111110111000--00-0011111-0-11--1---1111010110000010100111111110111110011111110010000110011110111111000000000011110010000000100000000111111000111101111111 0 0
83	143.688	0.000	( 0 )	0000-0111111111111111---001111110000111111010-1000010011100000001-111101010000-0001111110111000--00-0011111-0-11--1---1111010110000010100111111110111110011111110010000110011110111111000000000011110010000000100000000111111000111101111111 0 0
118	143.688	0.000	( 0 )	0000-0111111111111111---001111110000111111010-1000010011100000001-111101010000-0001111110111000--00-0011111-0-11--1---1111010110000010100111111110111110011111110010000110011110111111000000000011110010000000100000000111111000111101111111 0 0
104	143.688	0.000	( 0 )	0000-0111111111111111---001111110000111111010-1000010011100000001-111101010000-0001111110111000--00-0011111-0-11--1---1111010110000010100111111110111110011111110010000110011110111111000000000011110010000000100000000111111000111101111111 0 0
35	143.688	0.000	( 0 )	0000-0111111111111111---001111110000111111010-1000010011100000001-111101010000-0001111110111000--00-0011111-0-11--1---1111010110000010100111111110111110011111110010000110011110111111000000000011110010000000100000000111111000111101111111 0 0
94	143.688	0.000	( 0 )	0000-0111111111111111---001111110000111111010-1000010011100000001-111101010000-0001111110111000--00-0011111-0-11--1---1111010110000010100111111110111110011111110010000110011110111111000000000011110010000000100000000111111000111101111111 0 0
41	143.688	0.000	( 0 )	0000-0111111111111111---001111110000111111010-1000010011100000001-111101010000-0001111110111000--00-0011111-0-11--1---1111010110000010100111111110111110011111110010000110011110111111000000000011110010000000100000000111111000111101111111 0 0
98	143.688	0.000	( 0 )	0000-0111111111111111---001111110000111111010-1000010011100000001-111101010000-0001111110111000--00-0011111-0-11--1---1111010110000010100111111110111110011111110010000110011110111111000000000011110010000000100000000111111000111101111111 0 0
81	143.688	0.000	( 0 )	0000-0111111111111111---001111110000111111010-1000010011100000001-111101010000-0001111110111000--00-0011111-0-11--1---1111010110000010100111111110111110011111110010000110011110111111000000000011110010000000100000000111111000111101111111 0 0
89	143.688	0.000	( 0 )	0000-0111111111111111---001111110000111111010-1000010011100000001-111101010000-0001111110111000--00-0011111-0-11--1---1111010110000010100111111110111110011111110010000110011110111111000000000011110010000000100000000111111000111101111111 0 0
44	143.688	0.000	( 0 )	0000-0111111111111111---001111110000111111010-1000010011100000001-111101010000-0001111110111000--00-0011111-0-11--1---1111010110000010100111111110111110011111110010000110011110111111000000000011110010000000100000000111111000111101111111 0 0
101	143.688	0.000	( 0 )	0000-0111111111111111---001111110000111111010-1000010011100000001-111101010000-0001111110111000--00-0011111-0-11--1---1111010110000010100111111110111110011111110010000110011110111111000000000011110010000000100000000111111000111101111111 0 0
7	143.688	0.000	( 0 )	0000-0111111111111111---001111110000111111010-1000010011100000001-111101010000-0001111110111000--00-0011111-0-11--1---1111010110000010100111111110111110011111110010000110011110111111000000000011110010000000100000000111111000111101111111 0 0
59	143.688	0.000	( 0 )	0000-0111111111111111---001111110000111111010-1000010011100000001-111101010000-0001111110111000--00-0011111-0-11--1---1111010110000010100111111110111110011111110010000110011110111111000000000011110010000000100000000111111000111101111111 0 0
13	143.688	0.000	( 0 )	0000-0111111111111111---001111110000111111010-1000010011100000001-111101010000-0001111110111000--00-0011111-0-11--1---1111010110000010100111111110111110011111110010000110011110111111000000000011110010000000100000000111111000111101111111 0 0
74	143.688	0.000	( 0 )	0000-0111111111111111---001111110000111111010-1000010011100000001-111101010000-0001111110111000--00-0011111-0-11--1---1111010110000010100111111110111110011111110010000110011110111111000000000011110010000000100000000111111000111101111111 0 0
11	143.688	0.000	( 0 )	0000-0111111111111111---001111110000111111010-1000010011100000001-111101010000-0001111110111000--00-0011111-0-11--1---1111010110000010100111111110111110011111110010000110011110111111000000000011110010000000100000000111111000111101111111 0 0
34	143.688	0.000	( 0 )	0000-0111111111111111---001111110000111111010-1000010011100000001-111101010000-0001111110111000--00-0011111-0-11--1---1111010110000010100111111110111110011111110010000110011110111111000000000011110010000000100000000111111000111101111111 0 0
48	143.688	0.000	( 0 )	0000-0111111111111111---001111110000111111010-1000010011100000001-111101010000-0001111110111000--00-0011111-0-11--1---1111010110000010100111111110111110011111110010000110011110111111000000000011110010000000100000000111111000111101111111 0 0
80	143.688	0.000	( 0 )	0000-0111111111111111---001111110000111111010-1000010011100000001-111101010000-0001111110111000--00-0011111-0-11--1---1111010110000010100111111110111110011111110010000110011110111111000000000011110010000000100000000111111000111101111111 0 0
21	143.688	0.000	( 0 )	0000-0111111111111111---001111110000111111010-1000010011100000001-111101010000-0001111110111000--00-0011111-0-11--1---1111010110000010100111111110111110011111110010000110011110111111000000000011110010000000100000000111111000111101111111 0 0
57	143.688	0.000	( 0 )	0000-0111111111111111---001111110000111111010-1000010011100000001-111101010000-0001111110111000--00-0011111-0-11--1---1111010110000010100111111110111110011111110010000110011110111111000000000011110010000000100000000111111000111101111111 0 0
16	143.688	0.000	( 0 )	0000-0111111111111111---001111110000111111010-1000010011100000001-111101010000-0001111110111000--00-0011111-0-11--1---1111010110000010100111111110111110011111110010000110011110111111000000000011110010000000100000000111111000111101111111 0 0
84	143.688	0.000	( 0 )	0000-0111111111111111---001111110000111111010-1000010011100000001-111101010000-0001111110111000--00-0011111-0-11--1---1111010110000010100111111110111110011111110010000110011110111111000000000011110010000000100000000111111000111101111111 0 0
3	143.688	0.000	( 0 )	0000-0111111111111111---001111110000111111010-1000010011100000001-111101010000-0001111110111000--00-0011111-0-11--1---1111010110000010100111111110111110011111110010000110011110111111000000000011110010000000100000000111111000111101111111 0 0
106	143.688	0.000	( 0 )	0000-0111111111111111---001111110000111111010-1000010011100000001-111101010000-0001111110111000--00-0011111-0-11--1---1111010110000010100111111110111110011111110010000110011110111111000000000011110010000000100000000111111000111101111111 0 0
70	143.688	0.000	( 0 )	0000-0111111111111111---001111110000111111010-1000010011100000001-111101010000-0001111110111000--00-0011111-0-11--1---1111010110000010100111111110111110011111110010000110011110111111000000000011110010000000100000000111111000111101111111 0 0
72	143.688	0.000	( 0 )	0000-0111111111111111---001111110000111111010-1000010011100000001-111101010000-0001111110111000--00-0011111-0-11--1---1111010110000010100111111110111110011111110010000110011110111111000000000011110010000000100000000111111000111101111111 0 0
9	143.688	0.000	( 0 )	0000-0111111111111111---001111110000111111010-1000010011100000001-111101010000-0001111110111000--00-0011111-0-11--1---1111010110000010100111111110111110011111110010000110011110111111000000000011110010000000100000000111111000111101111111 0 0
43	143.688	0.000	( 0 )	0000-0111111111111111---001111110000111111010-1000010011100000001-111101010000-0001111110111000--00-0011111-0-11--1---1111010110000010100111111110111110011111110010000110011110111111000000000011110010000000100000000111111000111101111111 0 0
73	143.688	0.000	( 0 )	0000-0111111111111111---001111110000111111010-1000010011100000001-111101010000-0001111110111000--00-0011111-0-11--1---1111010110000010100111111110111110011111110010000110011110111111000000000011110010000000100000000111111000111101111111 0 0
49	143.688	0.000	( 0 )	0000-0111111111111111---001111110000111111010-1000010011100000001-111101010000-0001111110111000--00-0011111-0-11--1---1111010110000010100111111110111110011111110010000110011110111111000000000011110010000000100000000111111000111101111111 0 0
99	143.688	0.000	( 0 )	0000-0111111111111111---001111110000111111010-1000010011100000001-111101010000-0001111110111000--00-0011111-0-11--1---1111010110000010100111111110111110011111110010000110011110111111000000000011110010000000100000000111111000111101111111 0 0
114	143.688	0.000	( 0 )	0000-0111111111111111---001111110000111111010-1000010011100000001-111101010000-0001111110111000--00-0011111-0-11--1---1111010110000010100111111110111110011111110010000110011110111111000000000011110010000000100000000111111000111101111111 0 0
17	143.688	0.000	( 0 )	0000-0111111111111111---001111110000111111010-1000010011100000001-111101010000-0001111110111000--00-0011111-0-11--1---1111010110000010100111111110111110011111110010000110011110111111000000000011110010000000100000000111111000111101111111 0 0
22	143.688	0.000	( 0 )	0000-0111111111111111---001111110000111111010-1000010011100000001-111101010000-0001111110111000--00-0011111-0-11--1---1111010110000010100111111110111110011111110010000110011110111111000000000011110010000000100000000111111000111101111111 0 0
51	143.688	0.000	( 0 )	0000-0111111111111111---001111110000111111010-1000010011100000001-111101010000-0001111110111000--00-0011111-0-11--1---1111010110000010100111111110111110011111110010000110011110111111000000000011110010000000100000000111111000111101111111 0 0
40	143.688	0.000	( 0 )	0000-0111111111111111---001111110000111111010-1000010011100000001-111101010000-0001111110111000--00-0011111-0-11--1---1111010110000010100111111110111110011111110010000110011110111111000000000011110010000000100000000111111000111101111111 0 0
1	143.688	0.000	( 0 )	0000-0111111111111111---001111110000111111010-1000010011100000001-111101010000-0001111110111000--00-0011111-0-11--1---1111010110000010100111111110111110011111110010000110011110111111000000000011110010000000100000000111111000111101111111 0 0
46	143.688	0.000	( 0 )	0000-0111111111111111---001111110000111111010-1000010011100000001-111101010000-0001111110111000--00-0011111-0-11--1---1111010110000010100111111110111110011111110010000110011110111111000000000011110010000000100000000111111000111101111111 0 0
32	143.688	0.000	( 0 )	00001011111111111111111100111111000011111101011000010011100000001-11110101000010001111110111000110010011111000111111111111010110000010100111111110111110011111110010000110011110111111000000000011110010000000100000000111111000111101111111 0 0
33	143.688	0.000	( 0 )	00001011111111111111111100111111000011111101011000010011100000001111110101000010001111110111000110010011111000111111111111010110000010100111111110111110011111110010000110011110111111000000000011110010000000100000000111111000111101111111 0 0
14	146.233	0.000	( 0 )	0000101111111-11111111110011111100001111110101-00001001110000000111111010100001000111111011100011001001111-000111111111111010110000010100111111110111110011111110010000110011110111111000000000011110010000000100000000111111000111101111111 3 0
26	175.423	0.000	( 0 )	10001111111000011111111100110100000011111111000000010011111111111110110101000010011111111111111101111001110000101101101111010110000010100111111110111110011111110010000110011110111111000000000011110010000000100000000111111000111101111111 31 0
