#java OrderMarkers2 map=/flash/EconomoU/Nurit/lepmap/lepmap_varroa/Q40BIALLDP16HDP40mis.5Chr7.Sites_00_01/map_611.txt data=/flash/EconomoU/Nurit/lepmap/lepmap_varroa/Q40BIALLDP16HDP40mis.5Chr7.Sites_00_01/data_f.call useKosambi=1 numMergeIterations=100 sexAveraged=0 outputPhasedData=2 grandparentPhase=1 recombination1=0.01 recombination2=0 chromosome=4 randSeed=8856662624946668622
#*** LG = 4 likelihood = -26471.5231
#marker_number	male_position	female_position	( 0.0 )[	phased data]
395	0.000	0.000	( 0 )	01110110011111110000001000001001111100010011000000011011111111110010011101111011111111000100000001110001100000100100001001100110100000110111111000111000001110110011110110010110010101110110000011010010000011101000000111111000111101111111 0 0
399	0.000	0.000	( 0 )	01110110011111110000001000001001111100010011000000011011111111110010011101111011111111000100000001110001100000100100001001100110100000110111111000111000001110110011110110010110010101110110000011010010000011101000000111111000111101111111 0 0
365	0.000	0.000	( 0 )	01110110011111110000001000001001111100010011000000011011111111110010011101111011111111000100000001110001100000100100001001100110100000110111111000111000001110110011110110010110010101110110000011010010000011101000000111111000111101111111 0 0
355	0.000	0.000	( 0 )	01110110011111110000001000001001111100010011000000011011111111110010011101111011111111000100000001110001100000100100001001100110100000110111111000111000001110110011110110010110010101110110000011010010000011101000000111111000111101111111 0 0
411	0.000	0.000	( 0 )	01110110011111110000001000001001111100010011000000011011111111110010011101111011111111000100000001110001100000100100001001100110100000110111111000111000001110110011110110010110010101110110000011010010000011101000000111111000111101111111 0 0
381	0.000	0.000	( 0 )	01110110011111110000001000001001111100010011000000011011111111110010011101111011111111000100000001110001100000100100001001100110100000110111111000111000001110110011110110010110010101110110000011010010000011101000000111111000111101111111 0 0
407	0.000	0.000	( 0 )	01110110011111110000001000001001111100010011000000011011111111110010011101111011111111000100000001110001100000100100001001100110100000110111111000111000001110110011110110010110010101110110000011010010000011101000000111111000111101111111 0 0
357	0.000	0.000	( 0 )	01110110011111110000001000001001111100010011000000011011111111110010011101111011111111000100000001110001100000100100001001100110100000110111111000111000001110110011110110010110010101110110000011010010000011101000000111111000111101111111 0 0
347	0.000	0.000	( 0 )	01110110011111110000001000001001111100010011000000011011111111110010011101111011111111000100000001110001100000100100001001100110100000110111111000111000001110110011110110010110010101110110000011010010000011101000000111111000111101111111 0 0
389	0.000	0.000	( 0 )	01110110011111110000001000001001111100010011000000011011111111110010011101111011111111000100000001110001100000100100001001100110100000110111111000111000001110110011110110010110010101110110000011010010000011101000000111111000111101111111 0 0
376	18.611	0.000	( 0 )	-111011-01-111-100000-1-0-0-10011111-0-1001100-0-0011-11-111111-0010011101--1011-1111100-10-------1100011-00001-0-00001001100110100000110111111000111000001110110011110110010110010101110110000011010010000011101000000111111000111101111111 21 0
343	18.611	0.000	( 0 )	-111011-01-111-100000-1-0-0-10011111-0-1001100-0-0011-11-111111-0010011101--1011-1111100-10-------1100011-00001-0-00001001100110100000110111111000111000001110110011110110010110010101110110000011010010000011101000000111111000111101111111 0 0
379	19.459	0.000	( 0 )	-111011-01-111-100000-1-0-0-10011111-0-1001100-0-0011-11-111111-0010011101--1011-1111100-10-------1100011-00001-0-00001001100110100000110111111000111000001110110011110110010110010101110110000011010010000011101000000111111000111101111111 1 0
369	22.854	0.000	( 0 )	-111011-01-111-100000-1-0-0-10011111-0-1001100-0-0011-11-111111-0010011101--1011-1111100-10-------1100011-00001-0-00001001100110100000110111111000111000001110110011110110010110010101110110000011010010000011101000000111111000111101111111 4 0
388	25.398	0.000	( 0 )	1111011-01-11101000001110-0-100111111011001100-0-0011111-111111-0010011101001011-1111100110--1-1--110001110000110-00001001100110100000110111111000111000001110110011110110010110010101110110000011010010000011101000000111111000111101111111 3 0
352	25.398	0.000	( 0 )	11110111010111010000011101011001111110110011001010011111011111100010011101001011011111001101111110110001110000110000001001100110100000110111111000111000001110110011110110010110010101110110000011010010000011101000000111111000111101111111 0 0
367	28.793	0.000	( 0 )	-11101110101110100-0011101-110011111101100110010100111--0-1-1--00010011101001011011111001101111110--00011100001100-0001001100110100000110111111000111000001110110011110110010110010101110110000011010010000011101000000111111000111101111111 4 0
403	29.641	0.000	( 0 )	-11101110101110100-0011101-110011111101100110010100111--0-1-1--00010011101001011011111001101111110--00011100001100-0001001100110100000110111111000111000001110110011110110010110010101110110000011010010000011101000000111111000111101111111 1 0
385	29.641	0.000	( 0 )	-11101110101110100-0011101-110011111101100110010100111--0-1-1--00010011101001011011111001101111110--00011100001100-0001001100110100000110111111000111000001110110011110110010110010101110110000011010010000011101000000111111000111101111111 0 0
363	30.488	0.000	( 0 )	-11101110101110100-0011101-110011111101100110010100111--0-1-1--00010011101001011011111001101111110--00011100001100-0001001100110100000110111111000111000001110110011110110010110010101110110000011010010000011101000000111111000111101111111 1 0
351	30.488	0.000	( 0 )	-11101110101110100-0011101-110011111101100110010100111--0-1-1--00010011101001011011111001101111110--00011100001100-0001001100110100000110111111000111000001110110011110110010110010101110110000011010010000011101000000111111000111101111111 0 0
406	30.488	0.000	( 0 )	-11101110101110100-0011101-110011111101100110010100111--0-1-1--00010011101001011011111001101111110--00011100001100-0001001100110100000110111111000111000001110110011110110010110010101110110000011010010000011101000000111111000111101111111 0 0
409	30.488	0.000	( 0 )	-11101110101110100-0011101-110011111101100110010100111--0-1-1--00010011101001011011111001101111110--00011100001100-0001001100110100000110111111000111000001110110011110110010110010101110110000011010010000011101000000111111000111101111111 0 0
375	32.184	0.000	( 0 )	-11101110101110100-0011101-110011111101100110010100111--0-1-1--00010011101001011011111001101111110--00011100001100-0001001100110100000110111111000111000001110110011110110010110010101110110000011010010000011101000000111111000111101111111 2 0
373	33.031	0.000	( 0 )	-11101110101110100-0011101-110011111101100110010100111--0-1-1--00010011101001011011111001101111110--00011100001100-0001001100110100000110111111000111000001110110011110110010110010101110110000011010010000011101000000111111000111101111111 1 0
393	33.879	0.000	( 0 )	-11101110101110100-0011101-110011111101100110010100111--0-1-1--00010011101001011011111001101111110--00011100001100-0001001100110100000110111111000111000001110110011110110010110010101110110000011010010000011101000000111111000111101111111 1 0
377	33.879	0.000	( 0 )	-11101110101110100-0011101-110011111101100110010100111--0-1-1--00010011101001011011111001101111110--00011100001100-0001001100110100000110111111000111000001110110011110110010110010101110110000011010010000011101000000111111000111101111111 0 0
350	33.879	0.000	( 0 )	-11101110101110100-0011101-110011111101100110010100111--0-1-1--00010011101001011011111001101111110--00011100001100-0001001100110100000110111111000111000001110110011110110010110010101110110000011010010000011101000000111111000111101111111 0 0
394	33.879	0.000	( 0 )	-11101110101110100-0011101-110011111101100110010100111--0-1-1--00010011101001011011111001101111110--00011100001100-0001001100110100000110111111000111000001110110011110110010110010101110110000011010010000011101000000111111000111101111111 0 0
345	34.726	0.000	( 0 )	-11101110101110100-0011101-110011111101100110010100111--0-1-1--00010011101001011011111001101111110--00011100001100-0001001100110100000110111111000111000001110110011110110010110010101110110000011010010000011101000000111111000111101111111 1 0
405	35.574	0.000	( 0 )	-11101110101110100-0011101-110011111101100110010100111--0-1-1--00010011101001011011111001101111110--00011100001100-0001001100110100000110111111000111000001110110011110110010110010101110110000011010010000011101000000111111000111101111111 1 0
342	35.574	0.000	( 0 )	-11101110101110100-0011101-110011111101100110010100111--0-1-1--00010011101001011011111001101111110--00011100001100-0001001100110100000110111111000111000001110110011110110010110010101110110000011010010000011101000000111111000111101111111 0 0
349	35.574	0.000	( 0 )	-11101110101110100-0011101-110011111101100110010100111--0-1-1--00010011101001011011111001101111110--00011100001100-0001001100110100000110111111000111000001110110011110110010110010101110110000011010010000011101000000111111000111101111111 0 0
410	35.574	0.000	( 0 )	-11101110101110100-0011101-110011111101100110010100111--0-1-1--00010011101001011011111001101111110--00011100001100-0001001100110100000110111111000111000001110110011110110010110010101110110000011010010000011101000000111111000111101111111 0 0
366	35.574	0.000	( 0 )	-11101110101110100-0011101-110011111101100110010100111--0-1-1--00010011101001011011111001101111110--00011100001100-0001001100110100000110111111000111000001110110011110110010110010101110110000011010010000011101000000111111000111101111111 0 0
384	35.574	0.000	( 0 )	-11101110101110100-0011101-110011111101100110010100111--0-1-1--00010011101001011011111001101111110--00011100001100-0001001100110100000110111111000111000001110110011110110010110010101110110000011010010000011101000000111111000111101111111 0 0
371	35.574	0.000	( 0 )	-11101110101110100-0011101-110011111101100110010100111--0-1-1--00010011101001011011111001101111110--00011100001100-0001001100110100000110111111000111000001110110011110110010110010101110110000011010010000011101000000111111000111101111111 0 0
401	35.574	0.000	( 0 )	-11101110101110100-0011101-110011111101100110010100111--0-1-1--00010011101001011011111001101111110--00011100001100-0001001100110100000110111111000111000001110110011110110010110010101110110000011010010000011101000000111111000111101111111 0 0
372	35.574	0.000	( 0 )	-11101110101110100-0011101-110011111101100110010100111--0-1-1--00010011101001011011111001101111110--00011100001100-0001001100110100000110111111000111000001110110011110110010110010101110110000011010010000011101000000111111000111101111111 0 0
382	35.574	0.000	( 0 )	-11101110101110100-0011101-110011111101100110010100111--0-1-1--00010011101001011011111001101111110--00011100001100-0001001100110100000110111111000111000001110110011110110010110010101110110000011010010000011101000000111111000111101111111 0 0
387	35.574	0.000	( 0 )	01110111010111010010011101111001111110110011001010011100001-10000010011101001011011111001101111110000001110000110010001001100110100000110111111000111000001110110011110110010110010101110110000011010010000011101000000111111000111101111111 0 0
374	43.261	0.000	( 0 )	011-01110101110100100111011110011111101100110-1-1-011-00001-1000001001110100101101111100-10111111000000111-0--1-0010001001100110100000110111111000111000001110110011110110010110010101110110000011010010000011101000000111111000111101111111 9 0
346	43.261	0.000	( 0 )	011-01110101110100100111011110011111101100110-1-1-011-00001-1000001001110100101101111100-10111111000000111-0--1-0010001001100110100000110111111000111000001110110011110110010110010101110110000011010010000011101000000111111000111101111111 0 0
368	43.261	0.000	( 0 )	011-01110101110100100111011110011111101100110-1-1-011-00001-1000001001110100101101111100-10111111000000111-0--1-0010001001100110100000110111111000111000001110110011110110010110010101110110000011010010000011101000000111111000111101111111 0 0
400	43.261	0.000	( 0 )	011-01110101110100100111011110011111101100110-1-1-011-00001-1000001001110100101101111100-10111111000000111-0--1-0010001001100110100000110111111000111000001110110011110110010110010101110110000011010010000011101000000111111000111101111111 0 0
364	43.261	0.000	( 0 )	011-01110101110100100111011110011111101100110-1-1-011-00001-1000001001110100101101111100-10111111000000111-0--1-0010001001100110100000110111111000111000001110110011110110010110010101110110000011010010000011101000000111111000111101111111 0 0
360	43.261	0.000	( 0 )	011-01110101110100100111011110011111101100110-1-1-011-00001-1000001001110100101101111100-10111111000000111-0--1-0010001001100110100000110111111000111000001110110011110110010110010101110110000011010010000011101000000111111000111101111111 0 0
378	43.261	0.000	( 0 )	011-01110101110100100111011110011111101100110-1-1-011-00001-1000001001110100101101111100-10111111000000111-0--1-0010001001100110100000110111111000111000001110110011110110010110010101110110000011010010000011101000000111111000111101111111 0 0
380	43.261	0.000	( 0 )	011-01110101110100100111011110011111101100110-1-1-011-00001-1000001001110100101101111100-10111111000000111-0--1-0010001001100110100000110111111000111000001110110011110110010110010101110110000011010010000011101000000111111000111101111111 0 0
370	43.261	0.000	( 0 )	011-01110101110100100111011110011111101100110-1-1-011-00001-1000001001110100101101111100-10111111000000111-0--1-0010001001100110100000110111111000111000001110110011110110010110010101110110000011010010000011101000000111111000111101111111 0 0
398	43.261	0.000	( 0 )	011-01110101110100100111011110011111101100110-1-1-011-00001-1000001001110100101101111100-10111111000000111-0--1-0010001001100110100000110111111000111000001110110011110110010110010101110110000011010010000011101000000111111000111101111111 0 0
408	44.109	0.000	( 0 )	011-01110101110100100111011110011111101100110-1-1-011-00001-1000001001110100101101111100-10111111000000111-0--1-0010001001100110100000110111111000111000001110110011110110010110010101110110000011010010000011101000000111111000111101111111 1 0
358	44.109	0.000	( 0 )	011-01110101110100100111011110011111101100110-1-1-011-00001-1000001001110100101101111100-10111111000000111-0--1-0010001001100110100000110111111000111000001110110011110110010110010101110110000011010010000011101000000111111000111101111111 0 0
386	44.109	0.000	( 0 )	011-01110101110100100111011110011111101100110-1-1-011-00001-1000001001110100101101111100-10111111000000111-0--1-0010001001100110100000110111111000111000001110110011110110010110010101110110000011010010000011101000000111111000111101111111 0 0
353	44.109	0.000	( 0 )	011-01110101110100100111011110011111101100110-1-1-011-00001-1000001001110100101101111100-10111111000000111-0--1-0010001001100110100000110111111000111000001110110011110110010110010101110110000011010010000011101000000111111000111101111111 0 0
397	44.109	0.000	( 0 )	011-01110101110100100111011110011111101100110-1-1-011-00001-1000001001110100101101111100-10111111000000111-0--1-0010001001100110100000110111111000111000001110110011110110010110010101110110000011010010000011101000000111111000111101111111 0 0
404	44.109	0.000	( 0 )	011-01110101110100100111011110011111101100110-1-1-011-00001-1000001001110100101101111100-10111111000000111-0--1-0010001001100110100000110111111000111000001110110011110110010110010101110110000011010010000011101000000111111000111101111111 0 0
348	44.109	0.000	( 0 )	011-01110101110100100111011110011111101100110-1-1-011-00001-1000001001110100101101111100-10111111000000111-0--1-0010001001100110100000110111111000111000001110110011110110010110010101110110000011010010000011101000000111111000111101111111 0 0
359	44.109	0.000	( 0 )	011-01110101110100100111011110011111101100110-1-1-011-00001-1000001001110100101101111100-10111111000000111-0--1-0010001001100110100000110111111000111000001110110011110110010110010101110110000011010010000011101000000111111000111101111111 0 0
362	44.109	0.000	( 0 )	011-01110101110100100111011110011111101100110-1-1-011-00001-1000001001110100101101111100-10111111000000111-0--1-0010001001100110100000110111111000111000001110110011110110010110010101110110000011010010000011101000000111111000111101111111 0 0
354	44.109	0.000	( 0 )	011-01110101110100100111011110011111101100110-1-1-011-00001-1000001001110100101101111100-10111111000000111-0--1-0010001001100110100000110111111000111000001110110011110110010110010101110110000011010010000011101000000111111000111101111111 0 0
344	44.109	0.000	( 0 )	01100111010111010010011101111001111110110011011111011000001010000010011101001011011111000101111110000001111011100010001001100110100000110111111000111000001110110011110110010110010101110110000011010010000011101000000111111000111101111111 0 0
356	56.204	0.000	( 0 )	011001110101110100100111011110011-1110110011-1111101100000-0-000--1--11101--101101111100010111111000000-11101110001---1001100110100000110111111000111000001110110011110110010110010101110110000011010010000011101000000111111000111101111111 14 0
412	56.204	0.000	( 0 )	011001110101110100100111011110011-1110110011-1111101100000-0-000--1--11101--101101111100010111111000000-11101110001---1001100110100000110111111000111000001110110011110110010110010101110110000011010010000011101000000111111000111101111111 0 0
396	56.204	0.000	( 0 )	0110011101011101001001110111100110111011001111111101100000-000001111111101111011011111000101111110000000111011100011111001100110100000110111111000111000001110110011110110010110010101110110000011010010000011101000000111111000111101111111 0 0
361	63.891	0.000	( 0 )	01-00-11010111-1001001110111-0011011-011001111111101100000-000001111111101111011011111000101111110000--0--1011100011111001100110100000110111111000111000001110110011110110010110010101110110000011010010000011101000000111111000111101111111 9 0
402	63.891	0.000	( 0 )	01000011010111110010011101110001101100110011111111011000000000001111111101111011011111000101111110000110001011100011111001100110100000110111111000111000001110110011110110010110010101110110000011010010000011101000000111111000111101111111 0 0
392	81.538	0.000	( 0 )	01000011000001111110111001110001001000000111111111011000000000001111100001110010011111000111101110000110001111100011111001100110100000110111111000111000001110110011110110010110010101110110000011010010000011101000000111111000111101111111 20 0
391	94.535	0.000	( 0 )	01100011000001111111101001111101000000000110111111011000000000001111100000110010011001000011101010000110001111100010001001100110100000110111111000111000001110110011110110010110010101110110000011010010000011101000000111111000111101111111 15 0
383	97.079	0.000	( 0 )	0110001100000111111110-00111110100000000-1-0111111011000000000001111100000110010011001000011101010000110001111100010001001100110100000110111111000111000001110110011110110010110010101110110000011010010000011101000000111111000111101111111 3 0
390	99.624	0.000	( 0 )	01100011000001111111100001111101000000001100111111011000000000101111100100110010011001000011101010000110101111100010001001100110100000110111111000111000001110110011110110010110010101110110000011010010000011101000000111111000111101111111 3 0
