#java OrderMarkers2 map=/flash/EconomoU/Nurit/lepmap/lepmap_varroa/Q40BIALLDP16HDP40mis.5Chr7.Sites_00_01/map_611.txt data=/flash/EconomoU/Nurit/lepmap/lepmap_varroa/Q40BIALLDP16HDP40mis.5Chr7.Sites_00_01/data_f.call useKosambi=1 numMergeIterations=100 sexAveraged=0 outputPhasedData=2 grandparentPhase=1 recombination1=0.01 recombination2=0 chromosome=6 randSeed=1819388127185051171
#*** LG = 6 likelihood = -21511.6451
#marker_number	male_position	female_position	( 0.0 )[	phased data]
535	0.000	0.000	( 0 )	01000101000011111111111101111101101101110100000010000001000000001110010011111011111101101010100001101000001111101100001111101111111000101111111111111000001000111110110111110100111111000000000000010010000011111100000111111110111101111111 0 0
489	0.000	0.000	( 0 )	01000101000011111111111101111101101101110100000010000001000000001110010011111011111101101010100001101000001111101100001111101111111000101111111111111000001000111110110111110100111111000000000000010010000011111100000111111110111101111111 0 0
504	0.000	0.000	( 0 )	01000101000011111111111101111101101101110100000010000001000000001110010011111011111101101010100001101000001111101100001111101111111000101111111111111000001000111110110111110100111111000000000000010010000011111100000111111110111101111111 0 0
488	0.000	0.000	( 0 )	01000101000011111111111101111101101101110100000010000001000000001110010011111011111101101010100001101000001111101100001111101111111000101111111111111000001000111110110111110100111111000000000000010010000011111100000111111110111101111111 0 0
481	0.000	0.000	( 0 )	01000101000011111111111101111101101101110100000010000001000000001110010011111011111101101010100001101000001111101100001111101111111000101111111111111000001000111110110111110100111111000000000000010010000011111100000111111110111101111111 0 0
530	0.000	0.000	( 0 )	01000101000011111111111101111101101101110100000010000001000000001110010011111011111101101010100001101000001111101100001111101111111000101111111111111000001000111110110111110100111111000000000000010010000011111100000111111110111101111111 0 0
528	0.000	0.000	( 0 )	01000101000011111111111101111101101101110100000010000001000000001110010011111011111101101010100001101000001111101100001111101111111000101111111111111000001000111110110111110100111111000000000000010010000011111100000111111110111101111111 0 0
487	0.000	0.000	( 0 )	01000101000011111111111101111101101101110100000010000001000000001110010011111011111101101010100001101000001111101100001111101111111000101111111111111000001000111110110111110100111111000000000000010010000011111100000111111110111101111111 0 0
533	0.000	0.000	( 0 )	01000101000011111111111101111101101101110100000010000001000000001110010011111011111101101010100001101000001111101100001111101111111000101111111111111000001000111110110111110100111111000000000000010010000011111100000111111110111101111111 0 0
484	30.376	0.000	( 0 )	111011000---1111111110110-111101-0--0000011-000010000001000-0000-0-00100111110111111011-1-1-1--0-111111000111111--00001111101111111000101111111111111000001000111110110111110100111111000000000000010010000011111100000111111110111101111111 32 0
526	31.223	0.000	( 0 )	11101100011111111111101100111101000000000111000010000001000100000000010011111011111101111111111011111110001111110000001111101111111000101111111111111000001000111110110111110100111111000000000000010010000011111100000111111110111101111111 1 0
524	36.325	0.000	( 0 )	00001100011111111111101100-11101000000000111000010-00001000100000000010011111011011100111111111011111110001111110000001111101111111000101111111111111000001000111110110111110100111111000000000000010010000011111100000111111110111101111111 6 0
523	37.173	0.000	( 0 )	00001100011111111111101100-11101000000000111000010-00001000100000000010011111011010100111111111011111110001111110000001111101111111000101111111111111000001000111110110111110100111111000000000000010010000011111100000111111110111101111111 1 0
532	38.869	0.000	( 0 )	00001100011111111111101100-11101000000000111000010-000010001000-0000010011111011010100111111111011111110001111110000001111101111111000101111111111111000001000111110110111110100111111000000000000010010000011111100000111111110111101111111 2 0
520	38.869	0.000	( 0 )	00001100011111111111101100-11101000000000111000010-000010001000-0000010011111011010100111111111011111110001111110000001111101111111000101111111111111000001000111110110111110100111111000000000000010010000011111100000111111110111101111111 0 0
485	38.869	0.000	( 0 )	00001100011111111111101100-11101000000000111000010-000010001000-0000010011111011010100111111111011111110001111110000001111101111111000101111111111111000001000111110110111110100111111000000000000010010000011111100000111111110111101111111 0 0
513	38.869	0.000	( 0 )	00001100011111111111101100-11101000000000111000010-000010001000-0000010011111011010100111111111011111110001111110000001111101111111000101111111111111000001000111110110111110100111111000000000000010010000011111100000111111110111101111111 0 0
507	38.869	0.000	( 0 )	00001100011111111111101100-11101000000000111000010-000010001000-0000010011111011010100111111111011111110001111110000001111101111111000101111111111111000001000111110110111110100111111000000000000010010000011111100000111111110111101111111 0 0
522	38.869	0.000	( 0 )	00001100011111111111101100-11101000000000111000010-000010001000-0000010011111011010100111111111011111110001111110000001111101111111000101111111111111000001000111110110111110100111111000000000000010010000011111100000111111110111101111111 0 0
525	39.716	0.000	( 0 )	00001100011111111111101100-11101000000000111000010-0000100010-0-0000010011111011010100111111111011111110001111110000001111101111111000101111111111111000001000111110110111110100111111000000000000010010000011111100000111111110111101111111 1 0
517	46.538	0.000	( 0 )	00001100011111111111101100-1110100000-0-0111-00-1--000010001--0-0-0-0100111110110101-0111111111011111110001111110000001111101111111000101111111111111000001000111110110111110100111111000000000000010010000011111100000111111110111101111111 8 0
510	46.538	0.000	( 0 )	00001100011111111111101100-1110100000-0-0111-00-1--000010001--0-0-0-0100111110110101-0111111111011111110001111110000001111101111111000101111111111111000001000111110110111110100111111000000000000010010000011111100000111111110111101111111 0 0
483	46.538	0.000	( 0 )	00001100011111111111101100-1110100000-0-0111-00-1--000010001--0-0-0-0100111110110101-0111111111011111110001111110000001111101111111000101111111111111000001000111110110111110100111111000000000000010010000011111100000111111110111101111111 0 0
506	46.538	0.000	( 0 )	00001100011111111111101100-1110100000-0-0111-00-1--000010001--0-0-0-0100111110110101-0111111111011111110001111110000001111101111111000101111111111111000001000111110110111110100111111000000000000010010000011111100000111111110111101111111 0 0
509	46.538	0.000	( 0 )	00001100011111111111101100-1110100000-0-0111-00-1--000010001--0-0-0-0100111110110101-0111111111011111110001111110000001111101111111000101111111111111000001000111110110111110100111111000000000000010010000011111100000111111110111101111111 0 0
490	46.538	0.000	( 0 )	00001100011111111111101100-1110100000-0-0111-00-1--000010001--0-0-0-0100111110110101-0111111111011111110001111110000001111101111111000101111111111111000001000111110110111110100111111000000000000010010000011111100000111111110111101111111 0 0
511	46.538	0.000	( 0 )	00001100011111111111101100-1110100000-0-0111-00-1--000010001--0-0-0-0100111110110101-0111111111011111110001111110000001111101111111000101111111111111000001000111110110111110100111111000000000000010010000011111100000111111110111101111111 0 0
527	47.385	0.000	( 0 )	00001100011111111111101100011101000001010111100111-000010001--0-0101010011111011010110111111111011111110001111110000001111101111111000101111111111111000001000111110110111110100111111000000000000010010000011111100000111111110111101111111 1 0
518	84.218	0.000	( 0 )	0000-10-01111---11111-11-00---010000010101111001-1----0-0--1----010101--1----01-01011011111111101--------0-11---0000001111101111111000101111111111111000001000111110110111110100111111000000000000010010000011111100000111111110111101111111 37 0
498	84.218	0.000	( 0 )	000001010111100011111111100--00100000101011110010111110-0111111101010111100000100101101111111110100-0001100110000000001111101111111000101111111111111000001000111110110111110100111111000000000000010010000011111100000111111110111101111111 0 0
497	84.218	0.000	( 0 )	0000010101111000111111111000-00100000101011110010111110-011111110101011110000010010110111111111010000001100110000000001111101111111000101111111111111000001000111110110111110100111111000000000000010010000011111100000111111110111101111111 0 0
499	84.218	0.000	( 0 )	0000010101111000111111111000-00100000101011110010111110-011111110101011110000010010110111111111010000001100110000000001111101111111000101111111111111000001000111110110111110100111111000000000000010010000011111100000111111110111101111111 0 0
496	84.218	0.000	( 0 )	0000010101111000111111111000-00100000101011110010111110-011111110101011110000010010110111111111010000001100110000000001111101111111000101111111111111000001000111110110111110100111111000000000000010010000011111100000111111110111101111111 0 0
500	85.066	0.000	( 0 )	0000010101111000111111111000-00100000101011110-10111110-011111110101011110000010010110111111111010000001100110000000001111101111111000101111111111111000001000111110110111110100111111000000000000010010000011111100000111111110111101111111 1 0
501	88.461	0.000	( 0 )	000001010111100011111111100000110000011101111-11-111110-011111110101011110000010010110111111111010000001100110000000001111101111111000101111111111111000001000111110110111110100111111000000000000010010000011111100000111111110111101111111 4 0
494	88.461	0.000	( 0 )	0000010101111000111111111000001100000111011111111111110-011111110101011110000010010110111111111010000001100110000000001111101111111000101111111111111000001000111110110111110100111111000000000000010010000011111100000111111110111101111111 0 0
495	88.461	0.000	( 0 )	00000101011110001111111110000011000001110111111111111100011111110101011110000010010110111111111010000001100110000000001111101111111000101111111111111000001000111110110111110100111111000000000000010010000011111100000111111110111101111111 0 0
531	91.005	0.000	( 0 )	000001010111100011111111100000110000011101111111111111000111111101010111100000100-0--0111111111010000001100110000000-01111101111111000101111111111111000001000111110110111110100111111000000000000010010000011111100000111111110111101111111 3 0
492	91.853	0.000	( 0 )	00000101011110001111111110000011000001110111111111111100011111110101011110000010000000111111111010000001100110000000101111101111111000101111111111111000001000111110110111110100111111000000000000010010000011111100000111111110111101111111 1 0
508	95.248	0.000	( 0 )	000001010111100011-11111100000-10000011101-11111111-1100011111110101011110000010000000111111111010000001100110000000101111101111111000101111111111111000001000111110110111110100111111000000000000010010000011111100000111111110111101111111 4 0
514	95.248	0.000	( 0 )	000001010111100011-11111100000-10000011101-11111111-1100011111110101011110000010000000111111111010000001100110000000101111101111111000101111111111111000001000111110110111110100111111000000000000010010000011111100000111111110111101111111 0 0
515	95.248	0.000	( 0 )	000001010111100011-11111100000-10000011101-11111111-1100011111110101011110000010000000111111111010000001100110000000101111101111111000101111111111111000001000111110110111110100111111000000000000010010000011111100000111111110111101111111 0 0
540	95.248	0.000	( 0 )	000001010111100011-11111100000-10000011101-11111111-1100011111110101011110000010000000111111111010000001100110000000101111101111111000101111111111111000001000111110110111110100111111000000000000010010000011111100000111111110111101111111 0 0
541	95.248	0.000	( 0 )	000001010111100011-11111100000-10000011101-11111111-1100011111110101011110000010000000111111111010000001100110000000101111101111111000101111111111111000001000111110110111110100111111000000000000010010000011111100000111111110111101111111 0 0
537	95.248	0.000	( 0 )	000001010111100011-11111100000-10000011101-11111111-1100011111110101011110000010000000111111111010000001100110000000101111101111111000101111111111111000001000111110110111110100111111000000000000010010000011111100000111111110111101111111 0 0
482	95.248	0.000	( 0 )	000001010111100011-11111100000-10000011101-11111111-1100011111110101011110000010000000111111111010000001100110000000101111101111111000101111111111111000001000111110110111110100111111000000000000010010000011111100000111111110111101111111 0 0
491	95.248	0.000	( 0 )	000001010111100011-11111100000-10000011101-11111111-1100011111110101011110000010000000111111111010000001100110000000101111101111111000101111111111111000001000111110110111110100111111000000000000010010000011111100000111111110111101111111 0 0
542	95.248	0.000	( 0 )	000001010111100011-11111100000-10000011101-11111111-1100011111110101011110000010000000111111111010000001100110000000101111101111111000101111111111111000001000111110110111110100111111000000000000010010000011111100000111111110111101111111 0 0
534	95.248	0.000	( 0 )	000001010111100011-11111100000-10000011101-11111111-1100011111110101011110000010000000111111111010000001100110000000101111101111111000101111111111111000001000111110110111110100111111000000000000010010000011111100000111111110111101111111 0 0
519	95.248	0.000	( 0 )	000001010111100011-11111100000-10000011101-11111111-1100011111110101011110000010000000111111111010000001100110000000101111101111111000101111111111111000001000111110110111110100111111000000000000010010000011111100000111111110111101111111 0 0
529	95.248	0.000	( 0 )	000001010111100011-11111100000-10000011101-11111111-1100011111110101011110000010000000111111111010000001100110000000101111101111111000101111111111111000001000111110110111110100111111000000000000010010000011111100000111111110111101111111 0 0
512	95.248	0.000	( 0 )	000001010111100011-11111100000-10000011101-11111111-1100011111110101011110000010000000111111111010000001100110000000101111101111111000101111111111111000001000111110110111110100111111000000000000010010000011111100000111111110111101111111 0 0
536	95.248	0.000	( 0 )	000001010111100011-11111100000-10000011101-11111111-1100011111110101011110000010000000111111111010000001100110000000101111101111111000101111111111111000001000111110110111110100111111000000000000010010000011111100000111111110111101111111 0 0
480	95.248	0.000	( 0 )	000001010111100011-11111100000-10000011101-11111111-1100011111110101011110000010000000111111111010000001100110000000101111101111111000101111111111111000001000111110110111110100111111000000000000010010000011111100000111111110111101111111 0 0
503	95.248	0.000	( 0 )	000001010111100011-11111100000-10000011101-11111111-1100011111110101011110000010000000111111111010000001100110000000101111101111111000101111111111111000001000111110110111110100111111000000000000010010000011111100000111111110111101111111 0 0
516	95.248	0.000	( 0 )	000001010111100011-11111100000-10000011101-11111111-1100011111110101011110000010000000111111111010000001100110000000101111101111111000101111111111111000001000111110110111110100111111000000000000010010000011111100000111111110111101111111 0 0
493	95.248	0.000	( 0 )	00000101011110001101111110000001000001110101111111101100011111110101011110000010000000111111111010000001100110000000101111101111111000101111111111111000001000111110110111110100111111000000000000010010000011111100000111111110111101111111 0 0
538	110.074	0.000	( 0 )	00000-0101111000--0--11110000001-----1110-01111111101100-1111111-101-11110000010000000---11-111010000001100--00000--1-1111101111111000101111111111111000001000111110110111110100111111000000000000010010000011111100000111111110111101111111 17 0
521	125.830	0.000	( 0 )	00000000011110000000011100000001111111110001111111000001111111111101111110011010100000000110111011110001100000000011111111101111111000101111111111111000001000111110110111110100111111000000000000010010000011111100000111111110111101111111 18 0
505	125.830	0.000	( 0 )	00000000011110000000011100000001111111110001111111000001111111111101111110011010100000000110111011110001100000000011111111101111111000101111111111111000001000111110110111110100111111000000000000010010000011111100000111111110111101111111 0 0
539	125.830	0.000	( 0 )	00000000011110000000011100000001111111110001111111000001111111111101111110011010100000000110111011110001100000000011111111101111111000101111111111111000001000111110110111110100111111000000000000010010000011111100000111111110111101111111 0 0
486	125.830	0.000	( 0 )	00000000011110000000011100000001111111110001111111000001111111111101111110011010100000000110111011110001100000000011111111101111111000101111111111111000001000111110110111110100111111000000000000010010000011111100000111111110111101111111 0 0
502	125.830	0.000	( 0 )	00000000011110000000011100000001111111110001111111000001111111111101111110011010100000000110111011110001100000000011111111101111111000101111111111111000001000111110110111110100111111000000000000010010000011111100000111111110111101111111 0 0
