#java OrderMarkers2 map=/flash/EconomoU/Nurit/lepmap/lepmap_varroa/Q40BIALLDP16HDP40mis.5Chr7.Sites_00_01/map_611.txt data=/flash/EconomoU/Nurit/lepmap/lepmap_varroa/Q40BIALLDP16HDP40mis.5Chr7.Sites_00_01/data_f.call useKosambi=1 numMergeIterations=100 sexAveraged=0 outputPhasedData=2 grandparentPhase=1 recombination1=0.01 recombination2=0 chromosome=3 randSeed=7740804955568774016
#*** LG = 3 likelihood = -48648.5569
#marker_number	male_position	female_position	( 0.0 )[	phased data]
299	0.000	0.000	( 0 )	11011011100001001011110100011101111101100111111111111111100000000100010111111111100000101111000000000111101101000010000010011110100010111111100001101011001000011111111111011110000000000000000011010010100001111100000101011001101100111111 0 0
286	2.545	0.000	( 0 )	11011011100001001011110100011101111101100111111111111111100000000100010111111111100111101111000000000111101101000010000010011110100010111111100001101011001000011111111111011110000000000000000011010010100001111100000101011001101100111111 3 0
294	5.089	0.000	( 0 )	11011011100001001111110100011101111101100111111111111111100000000100010111111111100111101111000000000110001101000010000010011110100010111111100001101011001000011111111111011110000000000000000011010010100001111100000101011001101100111111 3 0
296	5.089	0.000	( 0 )	11011011100001001111110100011101111101100111111111111111100000000100010111111111100111101111000000000110001101000010000010011110100010111111100001101011001000011111111111011110000000000000000011010010100001111100000101011001101100111111 0 0
297	5.089	0.000	( 0 )	11011011100001001111110100011101111101100111111111111111100000000100010111111111100111101111000000000110001101000010000010011110100010111111100001101011001000011111111111011110000000000000000011010010100001111100000101011001101100111111 0 0
290	5.089	0.000	( 0 )	11011011100001001111110100011101111101100111111111111111100000000100010111111111100111101111000000000110001101000010000010011110100010111111100001101011001000011111111111011110000000000000000011010010100001111100000101011001101100111111 0 0
291	5.089	0.000	( 0 )	11011011100001001111110100011101111101100111111111111111100000000100010111111111100111101111000000000110001101000010000010011110100010111111100001101011001000011111111111011110000000000000000011010010100001111100000101011001101100111111 0 0
298	5.089	0.000	( 0 )	11011011100001001111110100011101111101100111111111111111100000000100010111111111100111101111000000000110001101000010000010011110100010111111100001101011001000011111111111011110000000000000000011010010100001111100000101011001101100111111 0 0
287	5.089	0.000	( 0 )	11011011100001001111110100011101111101100111111111111111100000000100010111111111100111101111000000000110001101000010000010011110100010111111100001101011001000011111111111011110000000000000000011010010100001111100000101011001101100111111 0 0
295	5.089	0.000	( 0 )	11011011100001001111110100011101111101100111111111111111100000000100010111111111100111101111000000000110001101000010000010011110100010111111100001101011001000011111111111011110000000000000000011010010100001111100000101011001101100111111 0 0
288	5.089	0.000	( 0 )	11011011100001001111110100011101111101100111111111111111100000000100010111111111100111101111000000000110001101000010000010011110100010111111100001101011001000011111111111011110000000000000000011010010100001111100000101011001101100111111 0 0
293	5.089	0.000	( 0 )	11011011100001001111110100011101111101100111111111111111100000000100010111111111100111101111000000000110001101000010000010011110100010111111100001101011001000011111111111011110000000000000000011010010100001111100000101011001101100111111 0 0
292	5.937	0.000	( 0 )	11011011110001001111110100011101111101100111111111111111100000000100010111111111100111101111000000000110001101000010000010011110100010111111100001101011001000011111111111011110000000000000000011010010100001111100000101011001101100111111 1 0
289	7.632	0.000	( 0 )	11011011110001001111110100011101111101100111111111111111100000000100010111101-11100111101111000000000110001101000010000010011110100010111111100001101011001000011111111111011110000000000000000011010010100001111100000101011001101100111111 2 0
302	12.735	0.000	( 0 )	1101101111110100111111010001110111110110011111111111111110000000010001011110101000011110111100000000011-101101000010000010011110100010111111100001101011001000011111111111011110000000000000000011010010100001111100000101011001101100111111 6 0
301	13.582	0.000	( 0 )	11011011111111001111110100011101111101100111111111111111100000000100010111101010000111101111000000000111101101000010000010011110100010111111100001101011001000011111111111011110000000000000000011010010100001111100000101011001101100111111 1 0
305	13.582	0.000	( 0 )	11011011111111001111110100011101111101100111111111111111100000000100010111101010000111101111000000000111101101000010000010011110100010111111100001101011001000011111111111011110000000000000000011010010100001111100000101011001101100111111 0 0
307	13.582	0.000	( 0 )	11011011111111001111110100011101111101100111111111111111100000000100010111101010000111101111000000000111101101000010000010011110100010111111100001101011001000011111111111011110000000000000000011010010100001111100000101011001101100111111 0 0
310	13.582	0.000	( 0 )	11011011111111001111110100011101111101100111111111111111100000000100010111101010000111101111000000000111101101000010000010011110100010111111100001101011001000011111111111011110000000000000000011010010100001111100000101011001101100111111 0 0
300	13.582	0.000	( 0 )	11011011111111001111110100011101111101100111111111111111100000000100010111101010000111101111000000000111101101000010000010011110100010111111100001101011001000011111111111011110000000000000000011010010100001111100000101011001101100111111 0 0
304	13.582	0.000	( 0 )	11011011111111001111110100011101111101100111111111111111100000000100010111101010000111101111000000000111101101000010000010011110100010111111100001101011001000011111111111011110000000000000000011010010100001111100000101011001101100111111 0 0
303	13.582	0.000	( 0 )	11011011111111001111110100011101111101100111111111111111100000000100010111101010000111101111000000000111101101000010000010011110100010111111100001101011001000011111111111011110000000000000000011010010100001111100000101011001101100111111 0 0
308	14.430	0.000	( 0 )	1101101111111-001111110100011101111101100111111111111111100000000100010111101010000111101111000000000111101101000010000010011110100010111111100001101011001000011111111111011110000000000000000011010010100001111100000101011001101100111111 1 0
313	14.430	0.000	( 0 )	11011011111110001111110100011101111101100111111111111111100000000100010111101010000111101111000000000111101101000010000010011110100010111111100001101011001000011111111111011110000000000000000011010010100001111100000101011001101100111111 0 0
306	15.277	0.000	( 0 )	110110111111100011111101000111011111011001111111111111111000000001000101111-1010000111101111000000000111101101000010000010011110100010111111100001101011001000011111111111011110000000000000000011010010100001111100000101011001101100111111 1 0
309	15.277	0.000	( 0 )	110110111111100011111101000111011111011001111111111111111000000001000101111-1010000111101111000000000111101101000010000010011110100010111111100001101011001000011111111111011110000000000000000011010010100001111100000101011001101100111111 0 0
312	16.125	0.000	( 0 )	110110111111100011111101000111011111011011111111111111111000000001000101111-1010000111101111000000000111101101000010000010011110100010111111100001101011001000011111111111011110000000000000000011010010100001111100000101011001101100111111 1 0
311	16.125	0.000	( 0 )	110110111111100011111101000111011111011011111111111111111000000001000101111-1010000111101111000000000111101101000010000010011110100010111111100001101011001000011111111111011110000000000000000011010010100001111100000101011001101100111111 0 0
285	22.946	0.000	( 0 )	110110111101100000000100000111011111011010111111111111111000000001000101111-1010000111101111000000000111101101000010000010011110100010111111100001101011001000011111111111011110000000000000000011010010100001111100000101011001101100111111 8 0
232	37.773	0.000	( 0 )	111111000101100000000110000111011111111110111111111111111000000011000111111-101001011110111100000000000110-10-100000000010011110100010111111100001101011001000011111111111011110000000000000000011010010100001111100000101011001101100111111 17 0
229	48.974	0.000	( 0 )	11111100010111010000011000011100111111111011-0000-111111100000001100011111111010010111000110000000000001100100100000010010011110100010111111100001101011001000011111111111011110000000000000000011010010100001111100000101011001101100111111 13 0
227	50.669	0.000	( 0 )	11111100010111010000011000011100111111111011-0000-111111100000001100011111111010010111000110001010000001100100100000010010011110100010111111100001101011001000011111111111011110000000000000000011010010100001111100000101011001101100111111 2 0
226	52.365	0.000	( 0 )	11111100010111010000011000011100111111111011000000111111100000101100011111111010010111000110101010000001100100100000010010011110100010111111100001101011001000011111111111011110000000000000000011010010100001111100000101011001101100111111 2 0
241	70.012	0.000	( 0 )	11011000010111010000000000011101001111111011000000010011111-11111100011111011010010111100110111110000001100100100000010010011110100010111111100001101011001000011111111111011110000000000000000011010010100001111100000101011001101100111111 20 0
214	84.839	0.000	( 0 )	110110000101110100000000---111-10011-11110110000000-00---11-1111110--111110110100101111001-011111000---11001001-00-0010010011110100010111111100001101011001000011111111111011110000000000000000011010010100001111100000101011001101100111111 17 0
222	84.839	0.000	( 0 )	110110000101110100000000---111-10011-11110110000000-00---11-1111110--111110110100101111001-011111000---11001001-00-0010010011110100010111111100001101011001000011111111111011110000000000000000011010010100001111100000101011001101100111111 0 0
339	84.839	0.000	( 0 )	110110000101110100000000---111-10011-11110110000000-00---11-1111110--111110110100101111001-011111000---11001001-00-0010010011110100010111111100001101011001000011111111111011110000000000000000011010010100001111100000101011001101100111111 0 0
251	84.839	0.000	( 0 )	110110000101110100000000---111-10011-11110110000000-00---11-1111110--111110110100101111001-011111000---11001001-00-0010010011110100010111111100001101011001000011111111111011110000000000000000011010010100001111100000101011001101100111111 0 0
259	84.839	0.000	( 0 )	110110000101110100000000---111-10011-11110110000000-00---11-1111110--111110110100101111001-011111000---11001001-00-0010010011110100010111111100001101011001000011111111111011110000000000000000011010010100001111100000101011001101100111111 0 0
215	84.839	0.000	( 0 )	110110000101110100000000---111-10011-11110110000000-00---11-1111110--111110110100101111001-011111000---11001001-00-0010010011110100010111111100001101011001000011111111111011110000000000000000011010010100001111100000101011001101100111111 0 0
220	84.839	0.000	( 0 )	110110000101110100000000---111-10011-11110110000000-00---11-1111110--111110110100101111001-011111000---11001001-00-0010010011110100010111111100001101011001000011111111111011110000000000000000011010010100001111100000101011001101100111111 0 0
273	84.839	0.000	( 0 )	110110000101110100000000---111-10011-11110110000000-00---11-1111110--111110110100101111001-011111000---11001001-00-0010010011110100010111111100001101011001000011111111111011110000000000000000011010010100001111100000101011001101100111111 0 0
224	84.839	0.000	( 0 )	110110000101110100000000---111-10011-11110110000000-00---11-1111110--111110110100101111001-011111000---11001001-00-0010010011110100010111111100001101011001000011111111111011110000000000000000011010010100001111100000101011001101100111111 0 0
319	84.839	0.000	( 0 )	110110000101110100000000---111-10011-11110110000000-00---11-1111110--111110110100101111001-011111000---11001001-00-0010010011110100010111111100001101011001000011111111111011110000000000000000011010010100001111100000101011001101100111111 0 0
272	84.839	0.000	( 0 )	110110000101110100000000---111-10011-11110110000000-00---11-1111110--111110110100101111001-011111000---11001001-00-0010010011110100010111111100001101011001000011111111111011110000000000000000011010010100001111100000101011001101100111111 0 0
261	84.839	0.000	( 0 )	110110000101110100000000---111-10011-11110110000000-00---11-1111110--111110110100101111001-011111000---11001001-00-0010010011110100010111111100001101011001000011111111111011110000000000000000011010010100001111100000101011001101100111111 0 0
267	84.839	0.000	( 0 )	110110000101110100000000---111-10011-11110110000000-00---11-1111110--111110110100101111001-011111000---11001001-00-0010010011110100010111111100001101011001000011111111111011110000000000000000011010010100001111100000101011001101100111111 0 0
278	84.839	0.000	( 0 )	110110000101110100000000---111-10011-11110110000000-00---11-1111110--111110110100101111001-011111000---11001001-00-0010010011110100010111111100001101011001000011111111111011110000000000000000011010010100001111100000101011001101100111111 0 0
337	84.839	0.000	( 0 )	110110000101110100000000---111-10011-11110110000000-00---11-1111110--111110110100101111001-011111000---11001001-00-0010010011110100010111111100001101011001000011111111111011110000000000000000011010010100001111100000101011001101100111111 0 0
249	84.839	0.000	( 0 )	110110000101110100000000---111-10011-11110110000000-00---11-1111110--111110110100101111001-011111000---11001001-00-0010010011110100010111111100001101011001000011111111111011110000000000000000011010010100001111100000101011001101100111111 0 0
258	84.839	0.000	( 0 )	110110000101110100000000---111-10011-11110110000000-00---11-1111110--111110110100101111001-011111000---11001001-00-0010010011110100010111111100001101011001000011111111111011110000000000000000011010010100001111100000101011001101100111111 0 0
274	84.839	0.000	( 0 )	110110000101110100000000---111-10011-11110110000000-00---11-1111110--111110110100101111001-011111000---11001001-00-0010010011110100010111111100001101011001000011111111111011110000000000000000011010010100001111100000101011001101100111111 0 0
216	84.839	0.000	( 0 )	110110000101110100000000---111-10011-11110110000000-00---11-1111110--111110110100101111001-011111000---11001001-00-0010010011110100010111111100001101011001000011111111111011110000000000000000011010010100001111100000101011001101100111111 0 0
269	84.839	0.000	( 0 )	110110000101110100000000---111-10011-11110110000000-00---11-1111110--111110110100101111001-011111000---11001001-00-0010010011110100010111111100001101011001000011111111111011110000000000000000011010010100001111100000101011001101100111111 0 0
221	84.839	0.000	( 0 )	110110000101110100000000---111-10011-11110110000000-00---11-1111110--111110110100101111001-011111000---11001001-00-0010010011110100010111111100001101011001000011111111111011110000000000000000011010010100001111100000101011001101100111111 0 0
248	84.839	0.000	( 0 )	110110000101110100000000---111-10011-11110110000000-00---11-1111110--111110110100101111001-011111000---11001001-00-0010010011110100010111111100001101011001000011111111111011110000000000000000011010010100001111100000101011001101100111111 0 0
233	84.839	0.000	( 0 )	110110000101110100000000---111-10011-11110110000000-00---11-1111110--111110110100101111001-011111000---11001001-00-0010010011110100010111111100001101011001000011111111111011110000000000000000011010010100001111100000101011001101100111111 0 0
271	84.839	0.000	( 0 )	110110000101110100000000---111-10011-11110110000000-00---11-1111110--111110110100101111001-011111000---11001001-00-0010010011110100010111111100001101011001000011111111111011110000000000000000011010010100001111100000101011001101100111111 0 0
266	84.839	0.000	( 0 )	110110000101110100000000---111-10011-11110110000000-00---11-1111110--111110110100101111001-011111000---11001001-00-0010010011110100010111111100001101011001000011111111111011110000000000000000011010010100001111100000101011001101100111111 0 0
234	84.839	0.000	( 0 )	110110000101110100000000---111-10011-11110110000000-00---11-1111110--111110110100101111001-011111000---11001001-00-0010010011110100010111111100001101011001000011111111111011110000000000000000011010010100001111100000101011001101100111111 0 0
210	84.839	0.000	( 0 )	110110000101110100000000---111-10011-11110110000000-00---11-1111110--111110110100101111001-011111000---11001001-00-0010010011110100010111111100001101011001000011111111111011110000000000000000011010010100001111100000101011001101100111111 0 0
244	84.839	0.000	( 0 )	110110000101110100000000---111-10011-11110110000000-00---11-1111110--111110110100101111001-011111000---11001001-00-0010010011110100010111111100001101011001000011111111111011110000000000000000011010010100001111100000101011001101100111111 0 0
245	84.839	0.000	( 0 )	110110000101110100000000---111-10011-11110110000000-00---11-1111110--111110110100101111001-011111000---11001001-00-0010010011110100010111111100001101011001000011111111111011110000000000000000011010010100001111100000101011001101100111111 0 0
332	84.839	0.000	( 0 )	110110000101110100000000---111-10011-11110110000000-00---11-1111110--111110110100101111001-011111000---11001001-00-0010010011110100010111111100001101011001000011111111111011110000000000000000011010010100001111100000101011001101100111111 0 0
223	84.839	0.000	( 0 )	110110000101110100000000---111-10011-11110110000000-00---11-1111110--111110110100101111001-011111000---11001001-00-0010010011110100010111111100001101011001000011111111111011110000000000000000011010010100001111100000101011001101100111111 0 0
333	84.839	0.000	( 0 )	110110000101110100000000---111-10011-11110110000000-00---11-1111110--111110110100101111001-011111000---11001001-00-0010010011110100010111111100001101011001000011111111111011110000000000000000011010010100001111100000101011001101100111111 0 0
209	84.839	0.000	( 0 )	110110000101110100000000---111-10011-11110110000000-00---11-1111110--111110110100101111001-011111000---11001001-00-0010010011110100010111111100001101011001000011111111111011110000000000000000011010010100001111100000101011001101100111111 0 0
281	84.839	0.000	( 0 )	110110000101110100000000---111-10011-11110110000000-00---11-1111110--111110110100101111001-011111000---11001001-00-0010010011110100010111111100001101011001000011111111111011110000000000000000011010010100001111100000101011001101100111111 0 0
322	84.839	0.000	( 0 )	110110000101110100000000---111-10011-11110110000000-00---11-1111110--111110110100101111001-011111000---11001001-00-0010010011110100010111111100001101011001000011111111111011110000000000000000011010010100001111100000101011001101100111111 0 0
323	84.839	0.000	( 0 )	110110000101110100000000---111-10011-11110110000000-00---11-1111110--111110110100101111001-011111000---11001001-00-0010010011110100010111111100001101011001000011111111111011110000000000000000011010010100001111100000101011001101100111111 0 0
236	84.839	0.000	( 0 )	110110000101110100000000---111-10011-11110110000000-00---11-1111110--111110110100101111001-011111000---11001001-00-0010010011110100010111111100001101011001000011111111111011110000000000000000011010010100001111100000101011001101100111111 0 0
260	84.839	0.000	( 0 )	110110000101110100000000---111-10011-11110110000000-00---11-1111110--111110110100101111001-011111000---11001001-00-0010010011110100010111111100001101011001000011111111111011110000000000000000011010010100001111100000101011001101100111111 0 0
207	84.839	0.000	( 0 )	110110000101110100000000---111-10011-11110110000000-00---11-1111110--111110110100101111001-011111000---11001001-00-0010010011110100010111111100001101011001000011111111111011110000000000000000011010010100001111100000101011001101100111111 0 0
250	84.839	0.000	( 0 )	110110000101110100000000---111-10011-11110110000000-00---11-1111110--111110110100101111001-011111000---11001001-00-0010010011110100010111111100001101011001000011111111111011110000000000000000011010010100001111100000101011001101100111111 0 0
252	84.839	0.000	( 0 )	110110000101110100000000---111-10011-11110110000000-00---11-1111110--111110110100101111001-011111000---11001001-00-0010010011110100010111111100001101011001000011111111111011110000000000000000011010010100001111100000101011001101100111111 0 0
235	84.839	0.000	( 0 )	110110000101110100000000---111-10011-11110110000000-00---11-1111110--111110110100101111001-011111000---11001001-00-0010010011110100010111111100001101011001000011111111111011110000000000000000011010010100001111100000101011001101100111111 0 0
225	84.839	0.000	( 0 )	110110000101110100000000---111-10011-11110110000000-00---11-1111110--111110110100101111001-011111000---11001001-00-0010010011110100010111111100001101011001000011111111111011110000000000000000011010010100001111100000101011001101100111111 0 0
217	84.839	0.000	( 0 )	110110000101110100000000---111-10011-11110110000000-00---11-1111110--111110110100101111001-011111000---11001001-00-0010010011110100010111111100001101011001000011111111111011110000000000000000011010010100001111100000101011001101100111111 0 0
329	84.839	0.000	( 0 )	110110000101110100000000---111-10011-11110110000000-00---11-1111110--111110110100101111001-011111000---11001001-00-0010010011110100010111111100001101011001000011111111111011110000000000000000011010010100001111100000101011001101100111111 0 0
341	84.839	0.000	( 0 )	110110000101110100000000---111-10011-11110110000000-00---11-1111110--111110110100101111001-011111000---11001001-00-0010010011110100010111111100001101011001000011111111111011110000000000000000011010010100001111100000101011001101100111111 0 0
276	84.839	0.000	( 0 )	110110000101110100000000---111-10011-11110110000000-00---11-1111110--111110110100101111001-011111000---11001001-00-0010010011110100010111111100001101011001000011111111111011110000000000000000011010010100001111100000101011001101100111111 0 0
327	84.839	0.000	( 0 )	110110000101110100000000---111-10011-11110110000000-00---11-1111110--111110110100101111001-011111000---11001001-00-0010010011110100010111111100001101011001000011111111111011110000000000000000011010010100001111100000101011001101100111111 0 0
212	84.839	0.000	( 0 )	110110000101110100000000---111-10011-11110110000000-00---11-1111110--111110110100101111001-011111000---11001001-00-0010010011110100010111111100001101011001000011111111111011110000000000000000011010010100001111100000101011001101100111111 0 0
270	84.839	0.000	( 0 )	110110000101110100000000---111-10011-11110110000000-00---11-1111110--111110110100101111001-011111000---11001001-00-0010010011110100010111111100001101011001000011111111111011110000000000000000011010010100001111100000101011001101100111111 0 0
340	84.839	0.000	( 0 )	110110000101110100000000---111-10011-11110110000000-00---11-1111110--111110110100101111001-011111000---11001001-00-0010010011110100010111111100001101011001000011111111111011110000000000000000011010010100001111100000101011001101100111111 0 0
256	84.839	0.000	( 0 )	110110000101110100000000---111-10011-11110110000000-00---11-1111110--111110110100101111001-011111000---11001001-00-0010010011110100010111111100001101011001000011111111111011110000000000000000011010010100001111100000101011001101100111111 0 0
280	84.839	0.000	( 0 )	110110000101110100000000---111-10011-11110110000000-00---11-1111110--111110110100101111001-011111000---11001001-00-0010010011110100010111111100001101011001000011111111111011110000000000000000011010010100001111100000101011001101100111111 0 0
320	84.839	0.000	( 0 )	110110000101110100000000---111-10011-11110110000000-00---11-1111110--111110110100101111001-011111000---11001001-00-0010010011110100010111111100001101011001000011111111111011110000000000000000011010010100001111100000101011001101100111111 0 0
204	84.839	0.000	( 0 )	110110000101110100000000---111-10011-11110110000000-00---11-1111110--111110110100101111001-011111000---11001001-00-0010010011110100010111111100001101011001000011111111111011110000000000000000011010010100001111100000101011001101100111111 0 0
237	84.839	0.000	( 0 )	110110000101110100000000---111-10011-11110110000000-00---11-1111110--111110110100101111001-011111000---11001001-00-0010010011110100010111111100001101011001000011111111111011110000000000000000011010010100001111100000101011001101100111111 0 0
247	84.839	0.000	( 0 )	110110000101110100000000---111-10011-11110110000000-00---11-1111110--111110110100101111001-011111000---11001001-00-0010010011110100010111111100001101011001000011111111111011110000000000000000011010010100001111100000101011001101100111111 0 0
218	84.839	0.000	( 0 )	110110000101110100000000---111-10011-11110110000000-00---11-1111110--111110110100101111001-011111000---11001001-00-0010010011110100010111111100001101011001000011111111111011110000000000000000011010010100001111100000101011001101100111111 0 0
242	84.839	0.000	( 0 )	110110000101110100000000---111-10011-11110110000000-00---11-1111110--111110110100101111001-011111000---11001001-00-0010010011110100010111111100001101011001000011111111111011110000000000000000011010010100001111100000101011001101100111111 0 0
238	84.839	0.000	( 0 )	110110000101110100000000---111-10011-11110110000000-00---11-1111110--111110110100101111001-011111000---11001001-00-0010010011110100010111111100001101011001000011111111111011110000000000000000011010010100001111100000101011001101100111111 0 0
213	84.839	0.000	( 0 )	110110000101110100000000---111-10011-11110110000000-00---11-1111110--111110110100101111001-011111000---11001001-00-0010010011110100010111111100001101011001000011111111111011110000000000000000011010010100001111100000101011001101100111111 0 0
326	84.839	0.000	( 0 )	110110000101110100000000---111-10011-11110110000000-00---11-1111110--111110110100101111001-011111000---11001001-00-0010010011110100010111111100001101011001000011111111111011110000000000000000011010010100001111100000101011001101100111111 0 0
283	84.839	0.000	( 0 )	110110000101110100000000---111-10011-11110110000000-00---11-1111110--111110110100101111001-011111000---11001001-00-0010010011110100010111111100001101011001000011111111111011110000000000000000011010010100001111100000101011001101100111111 0 0
243	84.839	0.000	( 0 )	110110000101110100000000---111-10011-11110110000000-00---11-1111110--111110110100101111001-011111000---11001001-00-0010010011110100010111111100001101011001000011111111111011110000000000000000011010010100001111100000101011001101100111111 0 0
275	84.839	0.000	( 0 )	110110000101110100000000---111-10011-11110110000000-00---11-1111110--111110110100101111001-011111000---11001001-00-0010010011110100010111111100001101011001000011111111111011110000000000000000011010010100001111100000101011001101100111111 0 0
284	84.839	0.000	( 0 )	110110000101110100000000---111-10011-11110110000000-00---11-1111110--111110110100101111001-011111000---11001001-00-0010010011110100010111111100001101011001000011111111111011110000000000000000011010010100001111100000101011001101100111111 0 0
277	84.839	0.000	( 0 )	110110000101110100000000---111-10011-11110110000000-00---11-1111110--111110110100101111001-011111000---11001001-00-0010010011110100010111111100001101011001000011111111111011110000000000000000011010010100001111100000101011001101100111111 0 0
335	84.839	0.000	( 0 )	110110000101110100000000---111-10011-11110110000000-00---11-1111110--111110110100101111001-011111000---11001001-00-0010010011110100010111111100001101011001000011111111111011110000000000000000011010010100001111100000101011001101100111111 0 0
265	84.839	0.000	( 0 )	110110000101110100000000---111-10011-11110110000000-00---11-1111110--111110110100101111001-011111000---11001001-00-0010010011110100010111111100001101011001000011111111111011110000000000000000011010010100001111100000101011001101100111111 0 0
279	84.839	0.000	( 0 )	110110000101110100000000---111-10011-11110110000000-00---11-1111110--111110110100101111001-011111000---11001001-00-0010010011110100010111111100001101011001000011111111111011110000000000000000011010010100001111100000101011001101100111111 0 0
331	84.839	0.000	( 0 )	110110000101110100000000---111-10011-11110110000000-00---11-1111110--111110110100101111001-011111000---11001001-00-0010010011110100010111111100001101011001000011111111111011110000000000000000011010010100001111100000101011001101100111111 0 0
263	84.839	0.000	( 0 )	110110000101110100000000---111-10011-11110110000000-00---11-1111110--111110110100101111001-011111000---11001001-00-0010010011110100010111111100001101011001000011111111111011110000000000000000011010010100001111100000101011001101100111111 0 0
239	84.839	0.000	( 0 )	110110000101110100000000---111-10011-11110110000000-00---11-1111110--111110110100101111001-011111000---11001001-00-0010010011110100010111111100001101011001000011111111111011110000000000000000011010010100001111100000101011001101100111111 0 0
211	84.839	0.000	( 0 )	110110000101110100000000---111-10011-11110110000000-00---11-1111110--111110110100101111001-011111000---11001001-00-0010010011110100010111111100001101011001000011111111111011110000000000000000011010010100001111100000101011001101100111111 0 0
219	84.839	0.000	( 0 )	110110000101110100000000---111-10011-11110110000000-00---11-1111110--111110110100101111001-011111000---11001001-00-0010010011110100010111111100001101011001000011111111111011110000000000000000011010010100001111100000101011001101100111111 0 0
240	84.839	0.000	( 0 )	110110000101110100000000---111-10011-11110110000000-00---11-1111110--111110110100101111001-011111000---11001001-00-0010010011110100010111111100001101011001000011111111111011110000000000000000011010010100001111100000101011001101100111111 0 0
246	84.839	0.000	( 0 )	110110000101110100000000---111-10011-11110110000000-00---11-1111110--111110110100101111001-011111000---11001001-00-0010010011110100010111111100001101011001000011111111111011110000000000000000011010010100001111100000101011001101100111111 0 0
254	84.839	0.000	( 0 )	110110000101110100000000---111-10011-11110110000000-00---11-1111110--111110110100101111001-011111000---11001001-00-0010010011110100010111111100001101011001000011111111111011110000000000000000011010010100001111100000101011001101100111111 0 0
268	84.839	0.000	( 0 )	110110000101110100000000---111-10011-11110110000000-00---11-1111110--111110110100101111001-011111000---11001001-00-0010010011110100010111111100001101011001000011111111111011110000000000000000011010010100001111100000101011001101100111111 0 0
262	84.839	0.000	( 0 )	110110000101110100000000---111-10011-11110110000000-00---11-1111110--111110110100101111001-011111000---11001001-00-0010010011110100010111111100001101011001000011111111111011110000000000000000011010010100001111100000101011001101100111111 0 0
257	84.839	0.000	( 0 )	110110000101110100000000---111-10011-11110110000000-00---11-1111110--111110110100101111001-011111000---11001001-00-0010010011110100010111111100001101011001000011111111111011110000000000000000011010010100001111100000101011001101100111111 0 0
330	84.839	0.000	( 0 )	110110000101110100000000---111-10011-11110110000000-00---11-1111110--111110110100101111001-011111000---11001001-00-0010010011110100010111111100001101011001000011111111111011110000000000000000011010010100001111100000101011001101100111111 0 0
282	84.839	0.000	( 0 )	110110000101110100000000---111-10011-11110110000000-00---11-1111110--111110110100101111001-011111000---11001001-00-0010010011110100010111111100001101011001000011111111111011110000000000000000011010010100001111100000101011001101100111111 0 0
338	84.839	0.000	( 0 )	110110000101110100000000---111-10011-11110110000000-00---11-1111110--111110110100101111001-011111000---11001001-00-0010010011110100010111111100001101011001000011111111111011110000000000000000011010010100001111100000101011001101100111111 0 0
253	84.839	0.000	( 0 )	110110000101110100000000---111-10011-11110110000000-00---11-1111110--111110110100101111001-011111000---11001001-00-0010010011110100010111111100001101011001000011111111111011110000000000000000011010010100001111100000101011001101100111111 0 0
321	84.839	0.000	( 0 )	110110000101110100000000---111-10011-11110110000000-00---11-1111110--111110110100101111001-011111000---11001001-00-0010010011110100010111111100001101011001000011111111111011110000000000000000011010010100001111100000101011001101100111111 0 0
334	84.839	0.000	( 0 )	110110000101110100000000---111-10011-11110110000000-00---11-1111110--111110110100101111001-011111000---11001001-00-0010010011110100010111111100001101011001000011111111111011110000000000000000011010010100001111100000101011001101100111111 0 0
325	84.839	0.000	( 0 )	110110000101110100000000---111-10011-11110110000000-00---11-1111110--111110110100101111001-011111000---11001001-00-0010010011110100010111111100001101011001000011111111111011110000000000000000011010010100001111100000101011001101100111111 0 0
208	84.839	0.000	( 0 )	110110000101110100000000---111-10011-11110110000000-00---11-1111110--111110110100101111001-011111000---11001001-00-0010010011110100010111111100001101011001000011111111111011110000000000000000011010010100001111100000101011001101100111111 0 0
324	84.839	0.000	( 0 )	110110000101110100000000---111-10011-11110110000000-00---11-1111110--111110110100101111001-011111000---11001001-00-0010010011110100010111111100001101011001000011111111111011110000000000000000011010010100001111100000101011001101100111111 0 0
205	84.839	0.000	( 0 )	110110000101110100000000---111-10011-11110110000000-00---11-1111110--111110110100101111001-011111000---11001001-00-0010010011110100010111111100001101011001000011111111111011110000000000000000011010010100001111100000101011001101100111111 0 0
255	84.839	0.000	( 0 )	110110000101110100000000---111-10011-11110110000000-00---11-1111110--111110110100101111001-011111000---11001001-00-0010010011110100010111111100001101011001000011111111111011110000000000000000011010010100001111100000101011001101100111111 0 0
264	84.839	0.000	( 0 )	110110000101110100000000---111-10011-11110110000000-00---11-1111110--111110110100101111001-011111000---11001001-00-0010010011110100010111111100001101011001000011111111111011110000000000000000011010010100001111100000101011001101100111111 0 0
328	84.839	0.000	( 0 )	110110000101110100000000---111-10011-11110110000000-00---11-1111110--111110110100101111001-011111000---11001001-00-0010010011110100010111111100001101011001000011111111111011110000000000000000011010010100001111100000101011001101100111111 0 0
231	84.839	0.000	( 0 )	110110000101110100000000---111-10011-11110110000000-00---11-1111110--111110110100101111001-011111000---11001001-00-0010010011110100010111111100001101011001000011111111111011110000000000000000011010010100001111100000101011001101100111111 0 0
230	84.839	0.000	( 0 )	110110000101110100000000---111-10011-11110110000000-00---11-1111110--111110110100101111001-011111000---11001001-00-0010010011110100010111111100001101011001000011111111111011110000000000000000011010010100001111100000101011001101100111111 0 0
206	84.839	0.000	( 0 )	11011000010111010000000011111111001101111011000000000000011111111101111111011010010111100100111110001111100100110010010010011110100010111111100001101011001000011111111111011110000000000000000011010010100001111100000101011001101100111111 0 0
315	97.835	0.000	( 0 )	11011000010011010000000111101111000001111000000000000000011111111101111111111010110111100100111111111110100100110011110010011110100010111111100001101011001000011111111111011110000000000000000011010010100001111100000101011001101100111111 15 0
336	97.835	0.000	( 0 )	11011000010011010000000111101111000001111000000000000000011111111101111111111010110111100100111111111110100100110011110010011110100010111111100001101011001000011111111111011110000000000000000011010010100001111100000101011001101100111111 0 0
317	97.835	0.000	( 0 )	11011000010011010000000111101111000001111000000000000000011111111101111111111010110111100100111111111110100100110011110010011110100010111111100001101011001000011111111111011110000000000000000011010010100001111100000101011001101100111111 0 0
314	97.835	0.000	( 0 )	11011000010011010000000111101111000001111000000000000000011111111101111111111010110111100100111111111110100100110011110010011110100010111111100001101011001000011111111111011110000000000000000011010010100001111100000101011001101100111111 0 0
318	97.835	0.000	( 0 )	11011000010011010000000111101111000001111000000000000000011111111101111111111010110111100100111111111110100100110011110010011110100010111111100001101011001000011111111111011110000000000000000011010010100001111100000101011001101100111111 0 0
316	97.835	0.000	( 0 )	11011000010011010000000111101111000001111000000000000000011111111101111111111010110111100100111111111110100100110011110010011110100010111111100001101011001000011111111111011110000000000000000011010010100001111100000101011001101100111111 0 0
203	107.268	0.000	( 0 )	--0--000010011010000000111101-11000001111000000000000000011111111-0111111111-0101101111-0-0011111111111010010011--11110010011110100010111111100001101011001000011111111111011110000000000000000011010010100001111100000101011001101100111111 11 0
228	130.921	0.000	( 0 )	00000000010111010101100000001011000001111100110111000000011111110000011111100010010111111011111111111111100100111100010010011110100010111111100001101011001000011111111111011110000000000000000011010010100001111100000101011001101100111111 26 0
