#java OrderMarkers2 map=/flash/EconomoU/Nurit/lepmap/lepmap_varroa/Q40BIALLDP16HDP40mis.5Chr7.Sites_00_01/map_611.txt data=/flash/EconomoU/Nurit/lepmap/lepmap_varroa/Q40BIALLDP16HDP40mis.5Chr7.Sites_00_01/data_f.call useKosambi=1 numMergeIterations=100 sexAveraged=0 outputPhasedData=2 grandparentPhase=1 recombination1=0.01 recombination2=0 chromosome=7 randSeed=1269929869217402226
#*** LG = 7 likelihood = -25084.3339
#marker_number	male_position	female_position	( 0.0 )[	phased data]
609	0.000	0.000	( 0 )	11011111011111101111111111110011000000000111000000001111100000001100111100000000001111010001000000000000101011001100001011100110110101111111111110110000010001111010001011111110000000000000001100010000000000000000000111111101100101110101 0 0
602	5.102	0.000	( 0 )	11011111011111101111111111110011000001100111000000001111100000001100111100000000001111000000000000000000101111101100001011100110110101111111111110110000010001111010001011111110000000000000001100010000000000000000000111111101100101110101 6 0
601	5.102	0.000	( 0 )	11011111011111101111111111110011000001100111000000001111100000001100111100000000001111000000000000000000101111101100001011100110110101111111111110110000010001111010001011111110000000000000001100010000000000000000000111111101100101110101 0 0
600	5.950	0.000	( 0 )	11011111011110101111111111110011000001100111000000001111100000001100111100000000001111000000000000000000101111101100001011100110110101111111111110110000010001111010001011111110000000000000001100010000000000000000000111111101100101110101 1 0
605	7.645	0.000	( 0 )	110111110111101011111111-1010011000001100111000000001111100000001100111100000000001111000000000000000000101111101100001011100110110101111111111110110000010001111010001011111110000000000000001100010000000000000000000111111101100101110101 2 0
608	7.645	0.000	( 0 )	11011111011110101111111101010011000001100111000000001111100000001100111100000000001111000000000000000000101111101100001011100110110101111111111110110000010001111010001011111110000000000000001100010000000000000000000111111101100101110101 0 0
607	8.493	0.000	( 0 )	11011111011110101111111101010011000001100111-00000001111100000001100111100000000001111000000000000000000101111101100001011100110110101111111111110110000010001111010001011111110000000000000001100010000000000000000000111111101100101110101 1 0
603	9.341	0.000	( 0 )	01011111011110101111111101010011000001100111-00000001111100000001100111100000000001111000000000000000000101111101100001011100110110101111111111110110000010001111010001011111110000000000000001100010000000000000000000111111101100101110101 1 0
604	11.885	0.000	( 0 )	0101-111011110101111111101010011011001100111-00000001111100000001100111100000000001111000000000000000000101111101100001011100110110101111111111110110000010001111010001011111110000000000000001100010000000000000000000111111101100101110101 3 0
593	28.581	0.000	( 0 )	00000111011110100011111101010111011001100111100010000111100000001111111100000010101111000000000000000000100100100010111011100110110101111111111110110000010001111010001011111110000000000000001100010000000000000000000111111101100101110101 19 0
554	42.488	0.000	( 0 )	00000111010000100011111101011111-1110110011110001000001110000000111111110001101-101101110001000000000110100100100010111011100110110101111111111110110000010001111010001011111110000000000000001100010000000000000000000111111101100101110101 16 0
595	55.485	0.000	( 0 )	010001110100001000111111111111111111-11011111--1100000---0000000111111110001101110100011000100000-000110100100100010101011100110110101111111111110110000010001111010001011111110000000000000001100010000000000000000000111111101100101110101 15 0
596	59.732	0.000	( 0 )	01000111010000100000011111111111111111101-11111110000000000000001111111100011011101000111001000001000110100100100010101011100110110101111111111110110000010001111010001011111110000000000000001100010000000000000000000111111101100101110101 5 0
597	63.980	0.000	( 0 )	01000111010000100000011111011111111111101011111110000000000000001111111100011011101110111-01001001000110100100100010101011100110110101111111111110110000010001111010001011111110000000000000001100010000000000000000000111111101100101110101 5 0
606	72.537	0.000	( 0 )	0100011101000010-0000111110100111111111010001111100000000000010011111111000110111-1111111101001001000110100110110010101011100110110101111111111110110000010001111010001011111110000000000000001100010000000000000000000111111101100101110101 10 0
599	73.385	0.000	( 0 )	0100011101001010-0000111110100111111111010001111100000000000010011111111000110111-1111111101001001000110100110110010101011100110110101111111111110110000010001111010001011111110000000000000001100010000000000000000000111111101100101110101 1 0
577	81.072	0.000	( 0 )	11011111010010101000001-11010001111111101000111110000000000001001101111100011011111111111101001001000010110110110010101011100110110101111111111110110000010001111010001011111110000000000000001100010000000000000000000111111101100101110101 9 0
580	87.893	0.000	( 0 )	11011111010-10101000001-1-01--0-111111101000111110----0000000100-10--11100011011111111111101001001000010110110110010101011100110110101111111111110110000010001111010001011111110000000000000001100010000000000000000000111111101100101110101 8 0
556	88.741	0.000	( 0 )	11011111010-10101000001-1-01--0-111111101000111110----0000000100-10--11100011011111111111101001001000010110110110010101011100110110101111111111110110000010001111010001011111110000000000000001100010000000000000000000111111101100101110101 1 0
594	88.741	0.000	( 0 )	11011111010-10101000001-1-01--0-111111101000111110----0000000100-10--11100011011111111111101001001000010110110110010101011100110110101111111111110110000010001111010001011111110000000000000001100010000000000000000000111111101100101110101 0 0
555	89.588	0.000	( 0 )	11011111010-10101000001-1-01--0-111111101000111110----0000000100-10--11100011011111111111101001001000010110110110010101011100110110101111111111110110000010001111010001011111110000000000000001100010000000000000000000111111101100101110101 1 0
610	89.588	0.000	( 0 )	11011111010-10101000001-1-01--0-111111101000111110----0000000100-10--11100011011111111111101001001000010110110110010101011100110110101111111111110110000010001111010001011111110000000000000001100010000000000000000000111111101100101110101 0 0
574	89.588	0.000	( 0 )	11011111010-10101000001-1-01--0-111111101000111110----0000000100-10--11100011011111111111101001001000010110110110010101011100110110101111111111110110000010001111010001011111110000000000000001100010000000000000000000111111101100101110101 0 0
551	90.436	0.000	( 0 )	11011111010-10101000001-1-01--0-111111101000111110----0000000100-10--11100011011111111111101001001000010110110110010101011100110110101111111111110110000010001111010001011111110000000000000001100010000000000000000000111111101100101110101 1 0
569	91.284	0.000	( 0 )	11011111010-10101000001-1-01--0-111111101000111110----0000000100-10--11100011011111111111101001001000010110110110010101011100110110101111111111110110000010001111010001011111110000000000000001100010000000000000000000111111101100101110101 1 0
553	91.284	0.000	( 0 )	11011111010-10101000001-1-01--0-111111101000111110----0000000100-10--11100011011111111111101001001000010110110110010101011100110110101111111111110110000010001111010001011111110000000000000001100010000000000000000000111111101100101110101 0 0
558	91.284	0.000	( 0 )	11011111010-10101000001-1-01--0-111111101000111110----0000000100-10--11100011011111111111101001001000010110110110010101011100110110101111111111110110000010001111010001011111110000000000000001100010000000000000000000111111101100101110101 0 0
563	91.284	0.000	( 0 )	11011111010-10101000001-1-01--0-111111101000111110----0000000100-10--11100011011111111111101001001000010110110110010101011100110110101111111111110110000010001111010001011111110000000000000001100010000000000000000000111111101100101110101 0 0
557	91.284	0.000	( 0 )	11011111010-10101000001-1-01--0-111111101000111110----0000000100-10--11100011011111111111101001001000010110110110010101011100110110101111111111110110000010001111010001011111110000000000000001100010000000000000000000111111101100101110101 0 0
544	91.284	0.000	( 0 )	11011111010-10101000001-1-01--0-111111101000111110----0000000100-10--11100011011111111111101001001000010110110110010101011100110110101111111111110110000010001111010001011111110000000000000001100010000000000000000000111111101100101110101 0 0
598	91.284	0.000	( 0 )	11011111010-10101000001-1-01--0-111111101000111110----0000000100-10--11100011011111111111101001001000010110110110010101011100110110101111111111110110000010001111010001011111110000000000000001100010000000000000000000111111101100101110101 0 0
591	91.284	0.000	( 0 )	11011111010-10101000001-1-01--0-111111101000111110----0000000100-10--11100011011111111111101001001000010110110110010101011100110110101111111111110110000010001111010001011111110000000000000001100010000000000000000000111111101100101110101 0 0
585	91.284	0.000	( 0 )	11011111010-10101000001-1-01--0-111111101000111110----0000000100-10--11100011011111111111101001001000010110110110010101011100110110101111111111110110000010001111010001011111110000000000000001100010000000000000000000111111101100101110101 0 0
571	91.284	0.000	( 0 )	11011111010-10101000001-1-01--0-111111101000111110----0000000100-10--11100011011111111111101001001000010110110110010101011100110110101111111111110110000010001111010001011111110000000000000001100010000000000000000000111111101100101110101 0 0
568	91.284	0.000	( 0 )	11011111010-10101000001-1-01--0-111111101000111110----0000000100-10--11100011011111111111101001001000010110110110010101011100110110101111111111110110000010001111010001011111110000000000000001100010000000000000000000111111101100101110101 0 0
587	91.284	0.000	( 0 )	11011111010-10101000001-1-01--0-111111101000111110----0000000100-10--11100011011111111111101001001000010110110110010101011100110110101111111111110110000010001111010001011111110000000000000001100010000000000000000000111111101100101110101 0 0
589	91.284	0.000	( 0 )	11011111010-10101000001-1-01--0-111111101000111110----0000000100-10--11100011011111111111101001001000010110110110010101011100110110101111111111110110000010001111010001011111110000000000000001100010000000000000000000111111101100101110101 0 0
573	91.284	0.000	( 0 )	11011111010-10101000001-1-01--0-111111101000111110----0000000100-10--11100011011111111111101001001000010110110110010101011100110110101111111111110110000010001111010001011111110000000000000001100010000000000000000000111111101100101110101 0 0
592	91.284	0.000	( 0 )	11011111010-10101000001-1-01--0-111111101000111110----0000000100-10--11100011011111111111101001001000010110110110010101011100110110101111111111110110000010001111010001011111110000000000000001100010000000000000000000111111101100101110101 0 0
566	91.284	0.000	( 0 )	11011111010-10101000001-1-01--0-111111101000111110----0000000100-10--11100011011111111111101001001000010110110110010101011100110110101111111111110110000010001111010001011111110000000000000001100010000000000000000000111111101100101110101 0 0
548	91.284	0.000	( 0 )	11011111010-10101000001-1-01--0-111111101000111110----0000000100-10--11100011011111111111101001001000010110110110010101011100110110101111111111110110000010001111010001011111110000000000000001100010000000000000000000111111101100101110101 0 0
547	91.284	0.000	( 0 )	11011111010-10101000001-1-01--0-111111101000111110----0000000100-10--11100011011111111111101001001000010110110110010101011100110110101111111111110110000010001111010001011111110000000000000001100010000000000000000000111111101100101110101 0 0
560	91.284	0.000	( 0 )	11011111010-10101000001-1-01--0-111111101000111110----0000000100-10--11100011011111111111101001001000010110110110010101011100110110101111111111110110000010001111010001011111110000000000000001100010000000000000000000111111101100101110101 0 0
575	91.284	0.000	( 0 )	11011111010-10101000001-1-01--0-111111101000111110----0000000100-10--11100011011111111111101001001000010110110110010101011100110110101111111111110110000010001111010001011111110000000000000001100010000000000000000000111111101100101110101 0 0
549	91.284	0.000	( 0 )	11011111010-10101000001-1-01--0-111111101000111110----0000000100-10--11100011011111111111101001001000010110110110010101011100110110101111111111110110000010001111010001011111110000000000000001100010000000000000000000111111101100101110101 0 0
552	91.284	0.000	( 0 )	11011111010-10101000001-1-01--0-111111101000111110----0000000100-10--11100011011111111111101001001000010110110110010101011100110110101111111111110110000010001111010001011111110000000000000001100010000000000000000000111111101100101110101 0 0
584	91.284	0.000	( 0 )	11011111010-10101000001-1-01--0-111111101000111110----0000000100-10--11100011011111111111101001001000010110110110010101011100110110101111111111110110000010001111010001011111110000000000000001100010000000000000000000111111101100101110101 0 0
545	91.284	0.000	( 0 )	11011111010-10101000001-1-01--0-111111101000111110----0000000100-10--11100011011111111111101001001000010110110110010101011100110110101111111111110110000010001111010001011111110000000000000001100010000000000000000000111111101100101110101 0 0
572	91.284	0.000	( 0 )	11011111010-10101000001-1-01--0-111111101000111110----0000000100-10--11100011011111111111101001001000010110110110010101011100110110101111111111110110000010001111010001011111110000000000000001100010000000000000000000111111101100101110101 0 0
559	91.284	0.000	( 0 )	11011111010-10101000001-1-01--0-111111101000111110----0000000100-10--11100011011111111111101001001000010110110110010101011100110110101111111111110110000010001111010001011111110000000000000001100010000000000000000000111111101100101110101 0 0
578	91.284	0.000	( 0 )	11011111010-10101000001-1-01--0-111111101000111110----0000000100-10--11100011011111111111101001001000010110110110010101011100110110101111111111110110000010001111010001011111110000000000000001100010000000000000000000111111101100101110101 0 0
562	91.284	0.000	( 0 )	11011111010-10101000001-1-01--0-111111101000111110----0000000100-10--11100011011111111111101001001000010110110110010101011100110110101111111111110110000010001111010001011111110000000000000001100010000000000000000000111111101100101110101 0 0
576	91.284	0.000	( 0 )	11011111010-10101000001-1-01--0-111111101000111110----0000000100-10--11100011011111111111101001001000010110110110010101011100110110101111111111110110000010001111010001011111110000000000000001100010000000000000000000111111101100101110101 0 0
565	91.284	0.000	( 0 )	11011111010-10101000001-1-01--0-111111101000111110----0000000100-10--11100011011111111111101001001000010110110110010101011100110110101111111111110110000010001111010001011111110000000000000001100010000000000000000000111111101100101110101 0 0
582	91.284	0.000	( 0 )	11011111010-10101000001-1-01--0-111111101000111110----0000000100-10--11100011011111111111101001001000010110110110010101011100110110101111111111110110000010001111010001011111110000000000000001100010000000000000000000111111101100101110101 0 0
564	91.284	0.000	( 0 )	11011111010-10101000001-1-01--0-111111101000111110----0000000100-10--11100011011111111111101001001000010110110110010101011100110110101111111111110110000010001111010001011111110000000000000001100010000000000000000000111111101100101110101 0 0
583	91.284	0.000	( 0 )	11011111010-10101000001-1-01--0-111111101000111110----0000000100-10--11100011011111111111101001001000010110110110010101011100110110101111111111110110000010001111010001011111110000000000000001100010000000000000000000111111101100101110101 0 0
550	91.284	0.000	( 0 )	11011111010-10101000001-1-01--0-111111101000111110----0000000100-10--11100011011111111111101001001000010110110110010101011100110110101111111111110110000010001111010001011111110000000000000001100010000000000000000000111111101100101110101 0 0
561	91.284	0.000	( 0 )	11011111010-10101000001-1-01--0-111111101000111110----0000000100-10--11100011011111111111101001001000010110110110010101011100110110101111111111110110000010001111010001011111110000000000000001100010000000000000000000111111101100101110101 0 0
588	91.284	0.000	( 0 )	11011111010-10101000001-1-01--0-111111101000111110----0000000100-10--11100011011111111111101001001000010110110110010101011100110110101111111111110110000010001111010001011111110000000000000001100010000000000000000000111111101100101110101 0 0
581	91.284	0.000	( 0 )	11011111010-10101000001-1-01--0-111111101000111110----0000000100-10--11100011011111111111101001001000010110110110010101011100110110101111111111110110000010001111010001011111110000000000000001100010000000000000000000111111101100101110101 0 0
546	91.284	0.000	( 0 )	11011111010-10101000001-1-01--0-111111101000111110----0000000100-10--11100011011111111111101001001000010110110110010101011100110110101111111111110110000010001111010001011111110000000000000001100010000000000000000000111111101100101110101 0 0
579	91.284	0.000	( 0 )	11011111010-10101000001-1-01--0-111111101000111110----0000000100-10--11100011011111111111101001001000010110110110010101011100110110101111111111110110000010001111010001011111110000000000000001100010000000000000000000111111101100101110101 0 0
611	91.284	0.000	( 0 )	11011111010-10101000001-1-01--0-111111101000111110----0000000100-10--11100011011111111111101001001000010110110110010101011100110110101111111111110110000010001111010001011111110000000000000001100010000000000000000000111111101100101110101 0 0
543	91.284	0.000	( 0 )	11011111010-10101000001-1-01--0-111111101000111110----0000000100-10--11100011011111111111101001001000010110110110010101011100110110101111111111110110000010001111010001011111110000000000000001100010000000000000000000111111101100101110101 0 0
590	91.284	0.000	( 0 )	11011111010110101000001010011100111111101000111110111100000001000100011100011011111111111101001001000010110110110010101011100110110101111111111110110000010001111010001011111110000000000000001100010000000000000000000111111101100101110101 0 0
586	98.105	0.000	( 0 )	11011111010110101000001010011100111111111000111110111100010001000000010000011011111111111101011011000011110110110010101011100110110101111111111110110000010001111010001011111110000000000000001100010000000000000000000111111101100101110101 8 0
570	106.662	0.000	( 0 )	11011111-10110-010000010100111001111111110001111101111000100-10-00000-0000-110111111111111-1-110110-001111011011001-101011100110110101111111111110110000010001111010001011111110000000000000001100010000000000000000000111111101100101110101 10 0
567	116.095	0.000	( 0 )	01000111110010001000001010011100111101111000111110111100000010010000000000111011111111111111111010010111111111110011101011100110110101111111111110110000010001111010001011111110000000000000001100010000000000000000000111111101100101110101 11 0
