#java OrderMarkers2 map=map3_3_js.txt data=data_f.call useKosambi=1 numMergeIterations=1 sexAveraged=1 outputPhasedData=2 grandparentPhase=1 recombination2=0 chromosome=4 randSeed=-3586765088653380049
#*** LG = 4 likelihood = -117.3474
#marker_number	male_position	female_position	( 0.0 )[	phased data]
7098	0.000	0.000	( 0 )	000101111111 0 0	---------- 0 0	111101 0 0
13429	0.000	0.000	( 0 )	000101111111 0 0	---------- 0 0	111101 0 0
13644	0.000	0.000	( 0 )	000101111111 0 0	---------- 0 0	111101 0 0
4528	0.000	0.000	( 0 )	000101111111 0 0	---------- 0 0	111101 0 0
13608	0.000	0.000	( 0 )	000101111111 0 0	---------- 0 0	111101 0 0
7777	0.000	0.000	( 0 )	000101111111 0 0	---------- 0 0	111101 0 0
19292	17.329	17.329	( 0 )	100110111111 3 0	---------- 0 0	111101 0 0
16583	17.329	17.329	( 0 )	100110111111 0 0	---------- 0 0	111101 0 0
6866	17.329	17.329	( 0 )	100110111111 0 0	---------- 0 0	111101 0 0
13514	17.329	17.329	( 0 )	100110111111 0 0	---------- 0 0	111101 0 0
19117	17.329	17.329	( 0 )	100110111111 0 0	---------- 0 0	111101 0 0
13603	34.657	34.657	( 0 )	1---10111111 3 0	---------- 0 0	111101 0 0
20514	34.657	34.657	( 0 )	1---10111111 0 0	---------- 0 0	111101 0 0
11017	34.657	34.657	( 0 )	111010111111 0 0	---------- 0 0	111101 0 0
