#java OrderMarkers2 map=map3_3_js.txt data=data_f.call useKosambi=1 numMergeIterations=1 sexAveraged=1 outputPhasedData=2 grandparentPhase=1 recombination2=0 chromosome=3 randSeed=-8365570560857026614
#*** LG = 3 likelihood = -305.0626
#marker_number	male_position	female_position	( 0.0 )[	phased data]
11924	0.000	0.000	( 0 )	110110001111 0 0	0110101111 0 0	---011 0 0
11896	0.000	0.000	( 0 )	110110001111 0 0	0110101111 0 0	---011 0 0
11784	0.000	0.000	( 0 )	110110001111 0 0	0110101111 0 0	---011 0 0
11855	0.000	0.000	( 0 )	110110001111 0 0	0110101111 0 0	---011 0 0
11927	0.000	0.000	( 0 )	110110001111 0 0	0110101111 0 0	---011 0 0
11843	0.000	0.000	( 0 )	110110001111 0 0	0110101111 0 0	---011 0 0
11838	0.000	0.000	( 0 )	110110001111 0 0	0110101111 0 0	---011 0 0
20492	0.000	0.000	( 0 )	110110001111 0 0	0110101111 0 0	---011 0 0
11818	0.000	0.000	( 0 )	110110001111 0 0	0110101111 0 0	---011 0 0
20501	0.000	0.000	( 0 )	110110001111 0 0	0110101111 0 0	---011 0 0
11938	0.000	0.000	( 0 )	110110001111 0 0	0110101111 0 0	---011 0 0
11906	0.000	0.000	( 0 )	110110001111 0 0	0110101111 0 0	---011 0 0
11785	0.000	0.000	( 0 )	110110001111 0 0	0110101111 0 0	---011 0 0
10420	0.000	0.000	( 0 )	110110001111 0 0	0110101111 0 0	---011 0 0
11862	0.000	0.000	( 0 )	110110001111 0 0	0110101111 0 0	---011 0 0
5673	0.000	0.000	( 0 )	110110001111 0 0	0110101111 0 0	---011 0 0
11944	0.000	0.000	( 0 )	110110001111 0 0	0110101111 0 0	---011 0 0
11909	0.000	0.000	( 0 )	110110001111 0 0	0110101111 0 0	---011 0 0
13152	0.000	0.000	( 0 )	110110001111 0 0	0110101111 0 0	---011 0 0
11847	0.000	0.000	( 0 )	110110001111 0 0	0110101111 0 0	---011 0 0
20547	0.000	0.000	( 0 )	110110001111 0 0	0110101111 0 0	---011 0 0
13128	0.000	0.000	( 0 )	110110001111 0 0	0110101111 0 0	---011 0 0
10434	0.000	0.000	( 0 )	110110001111 0 0	0110101111 0 0	---011 0 0
11887	0.000	0.000	( 0 )	110110001111 0 0	0110101111 0 0	---011 0 0
20497	0.000	0.000	( 0 )	110110001111 0 0	0110101111 0 0	---011 0 0
11829	4.558	4.558	( 0 )	11011-001111 1 0	0110101111 0 0	---011 0 0
10451	4.558	4.558	( 0 )	11011-001111 0 0	0110101111 0 0	---011 0 0
13144	4.558	4.558	( 0 )	11011-001111 0 0	0110101111 0 0	---011 0 0
11884	4.558	4.558	( 0 )	11011-001111 0 0	0110101111 0 0	---011 0 0
11921	9.116	9.116	( 0 )	11011-001111 0 0	01-0101111 1 0	---011 0 0
11797	9.116	9.116	( 0 )	11011-001111 0 0	01-0101111 0 0	---011 0 0
10419	9.116	9.116	( 0 )	11011-001111 0 0	01-0101111 0 0	---011 0 0
13155	9.116	9.116	( 0 )	11011-001111 0 0	01-0101111 0 0	---011 0 0
11935	9.116	9.116	( 0 )	11011-001111 0 0	01-0101111 0 0	---011 0 0
11845	9.116	9.116	( 0 )	11011-001111 0 0	01-0101111 0 0	---011 0 0
13117	9.116	9.116	( 0 )	11011-001111 0 0	01-0101111 0 0	---011 0 0
11824	9.116	9.116	( 0 )	11011-001111 0 0	01-0101111 0 0	---011 0 0
20498	9.116	9.116	( 0 )	11011-001111 0 0	01-0101111 0 0	---011 0 0
13126	9.116	9.116	( 0 )	11011-001111 0 0	01-0101111 0 0	---011 0 0
13119	9.116	9.116	( 0 )	11011-001111 0 0	01-0101111 0 0	---011 0 0
11919	9.116	9.116	( 0 )	11011-001111 0 0	01-0101111 0 0	---011 0 0
5720	9.116	9.116	( 0 )	11011-001111 0 0	01-0101111 0 0	---011 0 0
20490	9.116	9.116	( 0 )	11011-001111 0 0	01-0101111 0 0	---011 0 0
11817	9.116	9.116	( 0 )	11011-001111 0 0	01-0101111 0 0	---011 0 0
11825	9.116	9.116	( 0 )	11011-001111 0 0	01-0101111 0 0	---011 0 0
10415	9.116	9.116	( 0 )	11011-001111 0 0	01-0101111 0 0	---011 0 0
11822	9.116	9.116	( 0 )	11011-001111 0 0	01-0101111 0 0	---011 0 0
11980	9.116	9.116	( 0 )	11011-001111 0 0	01-0101111 0 0	---011 0 0
11795	9.116	9.116	( 0 )	11011-001111 0 0	01-0101111 0 0	---011 0 0
5744	9.116	9.116	( 0 )	11011-001111 0 0	01-0101111 0 0	---011 0 0
11840	9.116	9.116	( 0 )	11011-001111 0 0	01-0101111 0 0	---011 0 0
11881	9.116	9.116	( 0 )	110111001111 0 0	01-0101111 0 0	---011 0 0
10408	9.116	9.116	( 0 )	110111001111 0 0	01-0101111 0 0	---011 0 0
19646	9.116	9.116	( 0 )	110111001111 0 0	01-0101111 0 0	---011 0 0
11925	9.116	9.116	( 0 )	110111001111 0 0	01-0101111 0 0	---011 0 0
11891	9.116	9.116	( 0 )	110111001111 0 0	01-0101111 0 0	---011 0 0
968	9.116	9.116	( 0 )	110111001111 0 0	01-0101111 0 0	---011 0 0
12965	9.116	9.116	( 0 )	110111001111 0 0	01-0101111 0 0	---011 0 0
20486	9.116	9.116	( 0 )	110111001111 0 0	01-0101111 0 0	---011 0 0
13145	9.116	9.116	( 0 )	110111001111 0 0	01-0101111 0 0	---011 0 0
11792	9.116	9.116	( 0 )	110111001111 0 0	01-0101111 0 0	---011 0 0
11788	9.116	9.116	( 0 )	110111001111 0 0	01-0101111 0 0	---011 0 0
11878	9.116	9.116	( 0 )	110111001111 0 0	01-0101111 0 0	---011 0 0
11915	9.116	9.116	( 0 )	110111001111 0 0	01-0101111 0 0	---011 0 0
11943	9.116	9.116	( 0 )	110111001111 0 0	01-0101111 0 0	---011 0 0
11828	9.116	9.116	( 0 )	110111001111 0 0	01-0101111 0 0	---011 0 0
11882	9.116	9.116	( 0 )	110111001111 0 0	01-0101111 0 0	---011 0 0
11853	9.116	9.116	( 0 )	110111001111 0 0	01-0101111 0 0	---011 0 0
13138	9.116	9.116	( 0 )	110111001111 0 0	01-0101111 0 0	---011 0 0
20518	9.116	9.116	( 0 )	110111001111 0 0	01-0101111 0 0	---011 0 0
13147	9.116	9.116	( 0 )	110111001111 0 0	01-0101111 0 0	---011 0 0
11786	9.116	9.116	( 0 )	110111001111 0 0	01-0101111 0 0	---011 0 0
3160	9.116	9.116	( 0 )	110111001111 0 0	01-0101111 0 0	---011 0 0
11923	13.674	13.674	( 0 )	1101-1001111 1 0	01-0101111 0 0	---011 0 0
11902	13.674	13.674	( 0 )	1101-1001111 0 0	01-0101111 0 0	---011 0 0
12016	13.674	13.674	( 0 )	1101-1001111 0 0	01-0101111 0 0	---011 0 0
11916	13.674	13.674	( 0 )	110101001111 0 0	01-0101111 0 0	---011 0 0
13122	13.674	13.674	( 0 )	110101001111 0 0	01-0101111 0 0	---011 0 0
11870	13.674	13.674	( 0 )	110101001111 0 0	01-0101111 0 0	---011 0 0
11936	13.674	13.674	( 0 )	110101001111 0 0	01-0101111 0 0	---011 0 0
13113	13.674	13.674	( 0 )	110101001111 0 0	01-0101111 0 0	---011 0 0
20493	13.674	13.674	( 0 )	110101001111 0 0	01-0101111 0 0	---011 0 0
11880	13.674	13.674	( 0 )	110101001111 0 0	01-0101111 0 0	---011 0 0
13140	13.674	13.674	( 0 )	110101001111 0 0	01-0101111 0 0	---011 0 0
13111	13.674	13.674	( 0 )	110101001111 0 0	01-0101111 0 0	---011 0 0
20509	13.674	13.674	( 0 )	110101001111 0 0	01-0101111 0 0	---011 0 0
20508	13.674	13.674	( 0 )	110101001111 0 0	01-0101111 0 0	---011 0 0
20516	13.674	13.674	( 0 )	110101001111 0 0	01-0101111 0 0	---011 0 0
12044	13.674	13.674	( 0 )	110101001111 0 0	01-0101111 0 0	---011 0 0
13112	13.674	13.674	( 0 )	110101001111 0 0	01-0101111 0 0	---011 0 0
20496	13.674	13.674	( 0 )	110101001111 0 0	01-0101111 0 0	---011 0 0
11883	13.674	13.674	( 0 )	110101001111 0 0	01-0101111 0 0	---011 0 0
12968	13.674	13.674	( 0 )	110101001111 0 0	01-0101111 0 0	---011 0 0
11904	13.674	13.674	( 0 )	110101001111 0 0	01-0101111 0 0	---011 0 0
11803	13.674	13.674	( 0 )	110101001111 0 0	01-0101111 0 0	---011 0 0
11920	13.674	13.674	( 0 )	110101001111 0 0	01-0101111 0 0	---011 0 0
11796	13.674	13.674	( 0 )	110101001111 0 0	01-0101111 0 0	---011 0 0
11799	13.674	13.674	( 0 )	110101001111 0 0	01-0101111 0 0	---011 0 0
20511	13.674	13.674	( 0 )	110101001111 0 0	01-0101111 0 0	---011 0 0
11894	13.674	13.674	( 0 )	110101001111 0 0	01-0101111 0 0	---011 0 0
11914	13.674	13.674	( 0 )	110101001111 0 0	01-0101111 0 0	---011 0 0
11941	13.674	13.674	( 0 )	110101001111 0 0	01-0101111 0 0	---011 0 0
13146	13.674	13.674	( 0 )	110101001111 0 0	01-0101111 0 0	---011 0 0
13148	13.674	13.674	( 0 )	110101001111 0 0	01-0101111 0 0	---011 0 0
12926	13.674	13.674	( 0 )	110101001111 0 0	01-0101111 0 0	---011 0 0
11805	13.674	13.674	( 0 )	110101001111 0 0	01-0101111 0 0	---011 0 0
11917	13.674	13.674	( 0 )	110101001111 0 0	01-0101111 0 0	---011 0 0
11918	13.674	13.674	( 0 )	110101001111 0 0	01-0101111 0 0	---011 0 0
11814	13.674	13.674	( 0 )	110101001111 0 0	01-0101111 0 0	---011 0 0
12969	13.674	13.674	( 0 )	110101001111 0 0	01-0101111 0 0	---011 0 0
13104	13.674	13.674	( 0 )	110101001111 0 0	01-0101111 0 0	---011 0 0
11875	13.674	13.674	( 0 )	110101001111 0 0	01-0101111 0 0	---011 0 0
2677	13.674	13.674	( 0 )	110101001111 0 0	01-0101111 0 0	---011 0 0
11899	13.674	13.674	( 0 )	110101001111 0 0	01-0101111 0 0	---011 0 0
3374	13.674	13.674	( 0 )	110101001111 0 0	01-0101111 0 0	---011 0 0
11895	13.674	13.674	( 0 )	110101001111 0 0	01-0101111 0 0	---011 0 0
11873	13.674	13.674	( 0 )	110101001111 0 0	01-0101111 0 0	---011 0 0
20517	13.674	13.674	( 0 )	110101001111 0 0	01-0101111 0 0	---011 0 0
11898	13.674	13.674	( 0 )	110101001111 0 0	01-0101111 0 0	---011 0 0
12892	13.674	13.674	( 0 )	110101001111 0 0	01-0101111 0 0	---011 0 0
11932	13.674	13.674	( 0 )	110101001111 0 0	01-0101111 0 0	---011 0 0
20499	13.674	13.674	( 0 )	110101001111 0 0	01-0101111 0 0	---011 0 0
11830	13.674	13.674	( 0 )	110101001111 0 0	01-0101111 0 0	---011 0 0
11783	13.674	13.674	( 0 )	110101001111 0 0	01-0101111 0 0	---011 0 0
11793	13.674	13.674	( 0 )	110101001111 0 0	01-0101111 0 0	---011 0 0
13141	13.674	13.674	( 0 )	110101001111 0 0	01-0101111 0 0	---011 0 0
11934	13.674	13.674	( 0 )	110101001111 0 0	01-0101111 0 0	---011 0 0
11903	13.674	13.674	( 0 )	110101001111 0 0	01-0101111 0 0	---011 0 0
20548	13.674	13.674	( 0 )	110101001111 0 0	01-0101111 0 0	---011 0 0
11871	13.674	13.674	( 0 )	110101001111 0 0	01-0101111 0 0	---011 0 0
11922	13.674	13.674	( 0 )	110101001111 0 0	01-0101111 0 0	---011 0 0
11831	13.674	13.674	( 0 )	110101001111 0 0	01-0101111 0 0	---011 0 0
10391	13.674	13.674	( 0 )	110101001111 0 0	01-0101111 0 0	---011 0 0
11897	13.674	13.674	( 0 )	110101001111 0 0	01-0101111 0 0	---011 0 0
12144	13.674	13.674	( 0 )	110101001111 0 0	01-0101111 0 0	---011 0 0
11821	13.674	13.674	( 0 )	110101001111 0 0	01-0101111 0 0	---011 0 0
10397	13.674	13.674	( 0 )	110101001111 0 0	01-0101111 0 0	---011 0 0
20512	13.674	13.674	( 0 )	110101001111 0 0	01-0101111 0 0	---011 0 0
13150	13.674	13.674	( 0 )	110101001111 0 0	01-0101111 0 0	---011 0 0
12230	13.674	13.674	( 0 )	110101001111 0 0	01-0101111 0 0	---011 0 0
11860	13.674	13.674	( 0 )	110101001111 0 0	01-0101111 0 0	---011 0 0
11946	13.674	13.674	( 0 )	110101001111 0 0	01-0101111 0 0	---011 0 0
13130	13.674	13.674	( 0 )	110101001111 0 0	01-0101111 0 0	---011 0 0
13125	13.674	13.674	( 0 )	110101001111 0 0	01-0101111 0 0	---011 0 0
13114	13.674	13.674	( 0 )	110101001111 0 0	01-0101111 0 0	---011 0 0
11931	13.674	13.674	( 0 )	110101001111 0 0	01-0101111 0 0	---011 0 0
11836	13.674	13.674	( 0 )	110101001111 0 0	01-0101111 0 0	---011 0 0
11861	13.674	13.674	( 0 )	110101001111 0 0	01-0101111 0 0	---011 0 0
11791	18.232	18.232	( 0 )	110100001111 1 0	01-0101111 0 0	---011 0 0
20502	18.232	18.232	( 0 )	110100001111 0 0	01-0101111 0 0	---011 0 0
11939	18.232	18.232	( 0 )	110100001111 0 0	01-0101111 0 0	---011 0 0
11900	18.232	18.232	( 0 )	110100001111 0 0	01-0101111 0 0	---011 0 0
11859	18.232	18.232	( 0 )	110100001111 0 0	01-0101111 0 0	---011 0 0
13149	18.232	18.232	( 0 )	110100001111 0 0	01-0101111 0 0	---011 0 0
20505	18.232	18.232	( 0 )	110100001111 0 0	01-0101111 0 0	---011 0 0
20491	18.232	18.232	( 0 )	110100001111 0 0	01-0101111 0 0	---011 0 0
11804	18.232	18.232	( 0 )	110100001111 0 0	01-0101111 0 0	---011 0 0
11886	18.232	18.232	( 0 )	110100001111 0 0	01-0101111 0 0	---011 0 0
11849	18.232	18.232	( 0 )	110100001111 0 0	01-0101111 0 0	---011 0 0
13102	18.232	18.232	( 0 )	110100001111 0 0	01-0101111 0 0	---011 0 0
11819	18.232	18.232	( 0 )	110100001111 0 0	01-0101111 0 0	---011 0 0
20504	18.232	18.232	( 0 )	110100001111 0 0	01-0101111 0 0	---011 0 0
13103	18.232	18.232	( 0 )	110100001111 0 0	01-0101111 0 0	---011 0 0
11846	18.232	18.232	( 0 )	110100001111 0 0	01-0101111 0 0	---011 0 0
11806	18.232	18.232	( 0 )	110100001111 0 0	01-0101111 0 0	---011 0 0
10401	18.232	18.232	( 0 )	110100001111 0 0	01-0101111 0 0	---011 0 0
3473	18.232	18.232	( 0 )	110100001111 0 0	01-0101111 0 0	---011 0 0
2611	18.232	18.232	( 0 )	110100001111 0 0	0100101111 0 0	---011 0 0
2610	18.232	18.232	( 0 )	110100001111 0 0	0100101111 0 0	---011 0 0
11826	18.232	18.232	( 0 )	110100001111 0 0	0100101111 0 0	---011 0 0
13132	18.232	18.232	( 0 )	110100001111 0 0	0100101111 0 0	---011 0 0
13131	18.232	18.232	( 0 )	110100001111 0 0	0100101111 0 0	---011 0 0
10433	18.232	18.232	( 0 )	110100001111 0 0	0100101111 0 0	---011 0 0
11926	18.232	18.232	( 0 )	110100001111 0 0	0100101111 0 0	---011 0 0
20500	18.232	18.232	( 0 )	110100001111 0 0	0100101111 0 0	---011 0 0
12042	18.232	18.232	( 0 )	110100001111 0 0	0100101111 0 0	---011 0 0
11813	18.232	18.232	( 0 )	110100001111 0 0	0100101111 0 0	---011 0 0
10399	18.232	18.232	( 0 )	110100001111 0 0	0100101111 0 0	---011 0 0
11908	18.232	18.232	( 0 )	110100001111 0 0	0100101111 0 0	---011 0 0
11854	18.232	18.232	( 0 )	110100001111 0 0	0100101111 0 0	---011 0 0
13139	18.232	18.232	( 0 )	110100001111 0 0	0100101111 0 0	---011 0 0
11857	18.232	18.232	( 0 )	110100001111 0 0	0100101111 0 0	---011 0 0
11790	18.232	18.232	( 0 )	110100001111 0 0	0100101111 0 0	---011 0 0
20506	18.232	18.232	( 0 )	110100001111 0 0	0100101111 0 0	---011 0 0
11851	18.232	18.232	( 0 )	110100001111 0 0	0100101111 0 0	---011 0 0
11812	18.232	18.232	( 0 )	110100001111 0 0	0100101111 0 0	---011 0 0
13157	18.232	18.232	( 0 )	110100001111 0 0	0100101111 0 0	---011 0 0
20495	18.232	18.232	( 0 )	110100001111 0 0	0100101111 0 0	---011 0 0
11933	18.232	18.232	( 0 )	110100001111 0 0	0100101111 0 0	---011 0 0
11928	18.232	18.232	( 0 )	110100001111 0 0	0100101111 0 0	---011 0 0
20546	18.232	18.232	( 0 )	110100001111 0 0	0100101111 0 0	---011 0 0
13123	18.232	18.232	( 0 )	110100001111 0 0	0100101111 0 0	---011 0 0
13151	18.232	18.232	( 0 )	110100001111 0 0	0100101111 0 0	---011 0 0
11876	18.232	18.232	( 0 )	110100001111 0 0	0100101111 0 0	---011 0 0
13110	18.232	18.232	( 0 )	110100001111 0 0	0100101111 0 0	---011 0 0
11827	18.232	18.232	( 0 )	110100001111 0 0	0100101111 0 0	---011 0 0
11912	18.232	18.232	( 0 )	110100001111 0 0	0100101111 0 0	---011 0 0
11802	18.232	18.232	( 0 )	110100001111 0 0	0100101111 0 0	---011 0 0
11823	18.232	18.232	( 0 )	110100001111 0 0	0100101111 0 0	---011 0 0
20520	18.232	18.232	( 0 )	110100001111 0 0	0100101111 0 0	---011 0 0
10412	18.232	18.232	( 0 )	110100001111 0 0	0100101111 0 0	---011 0 0
11810	18.232	18.232	( 0 )	110100001111 0 0	0100101111 0 0	---011 0 0
12967	18.232	18.232	( 0 )	110100001111 0 0	0100101111 0 0	---011 0 0
11879	18.232	18.232	( 0 )	110100001111 0 0	0100101111 0 0	---011 0 0
11832	18.232	18.232	( 0 )	110100001111 0 0	0100101111 0 0	---011 0 0
11837	18.232	18.232	( 0 )	110100001111 0 0	0100101111 0 0	---011 0 0
13109	18.232	18.232	( 0 )	110100001111 0 0	0100101111 0 0	---011 0 0
11835	18.232	18.232	( 0 )	110100001111 0 0	0100101111 0 0	---011 0 0
10398	26.644	26.644	( 0 )	010100001111 1 0	0100101111 0 0	---011 0 0
3400	26.644	26.644	( 0 )	010100001111 0 0	0100101111 0 0	---011 0 0
3588	26.644	26.644	( 0 )	010100001111 0 0	0100101111 0 0	---011 0 0
11789	26.644	26.644	( 0 )	010100001111 0 0	0100101111 0 0	---011 0 0
13106	26.644	26.644	( 0 )	010100001111 0 0	0100101111 0 0	---011 0 0
20483	26.644	26.644	( 0 )	010100001111 0 0	0100101111 0 0	---011 0 0
11937	26.644	26.644	( 0 )	010100001111 0 0	0100101111 0 0	---011 0 0
12067	26.644	26.644	( 0 )	010100001111 0 0	0100101111 0 0	---011 0 0
20488	26.644	26.644	( 0 )	010100001111 0 0	0100101111 0 0	---011 0 0
13158	26.644	26.644	( 0 )	010100001111 0 0	0100101111 0 0	---011 0 0
11890	26.644	26.644	( 0 )	010100001111 0 0	0100101111 0 0	---011 0 0
2647	26.644	26.644	( 0 )	010100001111 0 0	0100101111 0 0	---011 0 0
11945	26.644	26.644	( 0 )	010100001111 0 0	0100101111 0 0	---011 0 0
11800	26.644	26.644	( 0 )	010100001111 0 0	0100101111 0 0	---011 0 0
20484	26.644	26.644	( 0 )	010100001111 0 0	0100101111 0 0	---011 0 0
11834	26.644	26.644	( 0 )	010100001111 0 0	0100101111 0 0	---011 0 0
11877	26.644	26.644	( 0 )	010100001111 0 0	0100101111 0 0	---011 0 0
20515	26.644	26.644	( 0 )	010100001111 0 0	0100101111 0 0	---011 0 0
20503	26.644	26.644	( 0 )	010100001111 0 0	0100101111 0 0	---011 0 0
