#java OrderMarkers2 map=map3_3_js.txt data=data_f.call useKosambi=1 numMergeIterations=1 sexAveraged=1 outputPhasedData=2 grandparentPhase=1 recombination2=0 chromosome=5 randSeed=5473734876524046817
#*** LG = 5 likelihood = -69.5124
#marker_number	male_position	female_position	( 0.0 )[	phased data]
13624	0.000	0.000	( 0 )	010000001001 0 0	-----11011 0 0	---001 0 0
174	0.000	0.000	( 0 )	010000001001 0 0	-----11011 0 0	---001 0 0
4317	0.000	0.000	( 0 )	010000001001 0 0	-----11011 0 0	---001 0 0
7206	0.000	0.000	( 0 )	010000001001 0 0	-----11011 0 0	---001 0 0
1552	0.000	0.000	( 0 )	010000001001 0 0	-----11011 0 0	---001 0 0
15750	0.000	0.000	( 0 )	010000001001 0 0	-----11011 0 0	---001 0 0
18801	0.000	0.000	( 0 )	010000001001 0 0	-----11011 0 0	---001 0 0
16806	0.000	0.000	( 0 )	010000001001 0 0	-----11011 0 0	---001 0 0
8622	0.000	0.000	( 0 )	010000001001 0 0	-----11011 0 0	---001 0 0
13614	0.000	0.000	( 0 )	010000001001 0 0	-----11011 0 0	---001 0 0
20519	0.000	0.000	( 0 )	010000001001 0 0	-----11011 0 0	---001 0 0
13335	0.000	0.000	( 0 )	010000001001 0 0	-----11011 0 0	---001 0 0
13517	0.000	0.000	( 0 )	010000001001 0 0	-----11011 0 0	---001 0 0
20165	0.000	0.000	( 0 )	010000001001 0 0	-----11011 0 0	---001 0 0
16894	0.000	0.000	( 0 )	010000001001 0 0	-----11011 0 0	---001 0 0
259	0.000	0.000	( 0 )	010000001001 0 0	-----11011 0 0	---001 0 0
1132	0.000	0.000	( 0 )	010000001001 0 0	-----11011 0 0	---001 0 0
7213	0.000	0.000	( 0 )	010000001001 0 0	-----11011 0 0	---001 0 0
