#java OrderMarkers2 map=map3_3_js.txt data=data_f.call useKosambi=1 numMergeIterations=1 sexAveraged=1 outputPhasedData=2 grandparentPhase=1 recombination2=0 chromosome=2 randSeed=-7803382824811300451
#*** LG = 2 likelihood = -634.582
#marker_number	male_position	female_position	( 0.0 )[	phased data]
12923	0.000	0.000	( 0 )	011000111110 0 0	10011----- 0 0	110011 0 0
12931	0.000	0.000	( 0 )	011000111110 0 0	10011----- 0 0	110011 0 0
12865	10.137	10.137	( 0 )	011000111110 0 0	10-11----- 1 0	110011 0 0
6849	10.137	10.137	( 0 )	011000111110 0 0	10111----- 0 0	110011 0 0
12844	10.137	10.137	( 0 )	011000111110 0 0	10111----- 0 0	110011 0 0
12912	10.137	10.137	( 0 )	011000111110 0 0	10111----- 0 0	110011 0 0
12928	10.137	10.137	( 0 )	011000111110 0 0	10111----- 0 0	110011 0 0
12858	10.137	10.137	( 0 )	011000111110 0 0	10111----- 0 0	110011 0 0
12870	10.137	10.137	( 0 )	011000111110 0 0	10111----- 0 0	110011 0 0
12911	10.137	10.137	( 0 )	011000111110 0 0	10111----- 0 0	110011 0 0
12873	10.137	10.137	( 0 )	011000111110 0 0	10111----- 0 0	110011 0 0
12885	10.137	10.137	( 0 )	011000111110 0 0	10111----- 0 0	110011 0 0
1208	10.137	10.137	( 0 )	011000111110 0 0	10111----- 0 0	110011 0 0
12896	10.137	10.137	( 0 )	011000111110 0 0	10111----- 0 0	110011 0 0
12895	10.137	10.137	( 0 )	011000111110 0 0	10111----- 0 0	110011 0 0
1229	10.137	10.137	( 0 )	011000111110 0 0	10111----- 0 0	110011 0 0
1220	10.137	10.137	( 0 )	011000111110 0 0	10111----- 0 0	110011 0 0
1211	10.137	10.137	( 0 )	011000111110 0 0	10111----- 0 0	110011 0 0
1225	10.137	10.137	( 0 )	011000111110 0 0	10111----- 0 0	110011 0 0
12897	10.137	10.137	( 0 )	011000111110 0 0	10111----- 0 0	110011 0 0
12874	10.137	10.137	( 0 )	011000111110 0 0	10111----- 0 0	110011 0 0
12803	10.137	10.137	( 0 )	011000111110 0 0	10111----- 0 0	110011 0 0
12802	10.137	10.137	( 0 )	011000111110 0 0	10111----- 0 0	110011 0 0
12875	10.137	10.137	( 0 )	011000111110 0 0	10111----- 0 0	110011 0 0
12883	10.137	10.137	( 0 )	011000111110 0 0	10111----- 0 0	110011 0 0
12869	10.137	10.137	( 0 )	011000111110 0 0	10111----- 0 0	110011 0 0
19675	10.137	10.137	( 0 )	011000111110 0 0	10111----- 0 0	110011 0 0
12887	10.137	10.137	( 0 )	011000111110 0 0	10111----- 0 0	110011 0 0
12927	10.137	10.137	( 0 )	011000111110 0 0	10111----- 0 0	110011 0 0
1227	10.137	10.137	( 0 )	011000111110 0 0	10111----- 0 0	110011 0 0
12859	10.137	10.137	( 0 )	011000111110 0 0	10111----- 0 0	110011 0 0
1200	10.137	10.137	( 0 )	011000111110 0 0	10111----- 0 0	110011 0 0
19105	10.137	10.137	( 0 )	011000111110 0 0	10111----- 0 0	110011 0 0
12934	10.137	10.137	( 0 )	011000111110 0 0	10111----- 0 0	110011 0 0
12868	10.137	10.137	( 0 )	011000111110 0 0	10111----- 0 0	110011 0 0
12890	10.137	10.137	( 0 )	011000111110 0 0	10111----- 0 0	110011 0 0
4170	10.137	10.137	( 0 )	011000111110 0 0	10111----- 0 0	110011 0 0
12903	10.137	10.137	( 0 )	011000111110 0 0	10111----- 0 0	110011 0 0
12846	10.137	10.137	( 0 )	011000111110 0 0	10111----- 0 0	110011 0 0
1198	10.137	10.137	( 0 )	011000111110 0 0	10111----- 0 0	110011 0 0
17282	10.137	10.137	( 0 )	011000111110 0 0	10111----- 0 0	110011 0 0
12916	10.137	10.137	( 0 )	011000111110 0 0	10111----- 0 0	110011 0 0
1216	10.137	10.137	( 0 )	011000111110 0 0	10111----- 0 0	110011 0 0
12848	10.137	10.137	( 0 )	011000111110 0 0	10111----- 0 0	110011 0 0
12953	10.137	10.137	( 0 )	011000111110 0 0	10111----- 0 0	110011 0 0
1009	10.137	10.137	( 0 )	011000111110 0 0	10111----- 0 0	110011 0 0
12921	10.137	10.137	( 0 )	011000111110 0 0	10111----- 0 0	110011 0 0
4103	10.137	10.137	( 0 )	011000111110 0 0	10111----- 0 0	110011 0 0
8351	10.137	10.137	( 0 )	011000111110 0 0	10111----- 0 0	110011 0 0
12954	10.137	10.137	( 0 )	011000111110 0 0	10111----- 0 0	110011 0 0
12910	10.137	10.137	( 0 )	011000111110 0 0	10111----- 0 0	110011 0 0
10426	10.137	10.137	( 0 )	011000111110 0 0	10111----- 0 0	110011 0 0
18311	10.137	10.137	( 0 )	011000111110 0 0	10111----- 0 0	110011 0 0
1218	10.137	10.137	( 0 )	011000111110 0 0	10111----- 0 0	110011 0 0
12853	10.137	10.137	( 0 )	011000111110 0 0	10111----- 0 0	110011 0 0
12901	10.137	10.137	( 0 )	011000111110 0 0	10111----- 0 0	110011 0 0
18325	10.137	10.137	( 0 )	011000111110 0 0	10111----- 0 0	110011 0 0
12907	10.137	10.137	( 0 )	011000111110 0 0	10111----- 0 0	110011 0 0
1228	10.137	10.137	( 0 )	011000111110 0 0	10111----- 0 0	110011 0 0
12915	10.137	10.137	( 0 )	011000111110 0 0	10111----- 0 0	110011 0 0
18302	10.137	10.137	( 0 )	011000111110 0 0	10111----- 0 0	110011 0 0
18264	10.137	10.137	( 0 )	011000111110 0 0	10111----- 0 0	110011 0 0
8504	10.137	10.137	( 0 )	011000111110 0 0	10111----- 0 0	110011 0 0
1221	10.137	10.137	( 0 )	011000111110 0 0	10111----- 0 0	110011 0 0
12489	10.137	10.137	( 0 )	011000111110 0 0	10111----- 0 0	110011 0 0
12877	10.137	10.137	( 0 )	011000111110 0 0	10111----- 0 0	110011 0 0
18343	19.330	19.330	( 0 )	011011111110 2 0	10111----- 0 0	110011 0 0
12958	33.320	33.320	( 0 )	--1-11111110 3 0	10111----- 0 0	110011 0 0
12882	33.320	33.320	( 0 )	--1-11111110 0 0	10111----- 0 0	110011 0 0
12904	33.320	33.320	( 0 )	--1-11111110 0 0	10111----- 0 0	110011 0 0
11545	33.320	33.320	( 0 )	--1-11111110 0 0	10111----- 0 0	110011 0 0
3604	33.320	33.320	( 0 )	--1-11111110 0 0	10111----- 0 0	110011 0 0
12899	33.320	33.320	( 0 )	--1-11111110 0 0	10111----- 0 0	110011 0 0
12957	33.320	33.320	( 0 )	--1-11111110 0 0	10111----- 0 0	110011 0 0
12862	33.320	33.320	( 0 )	--1-11111110 0 0	10111----- 0 0	110011 0 0
12919	33.320	33.320	( 0 )	--1-11111110 0 0	10111----- 0 0	110011 0 0
12893	33.320	33.320	( 0 )	--1-11111110 0 0	10111----- 0 0	110011 0 0
1234	33.320	33.320	( 0 )	--1-11111110 0 0	10111----- 0 0	110011 0 0
3591	33.320	33.320	( 0 )	--1-11111110 0 0	10111----- 0 0	110011 0 0
12922	33.320	33.320	( 0 )	--1-11111110 0 0	10111----- 0 0	110011 0 0
12857	33.320	33.320	( 0 )	--1-11111110 0 0	10111----- 0 0	110011 0 0
12876	33.320	33.320	( 0 )	--1-11111110 0 0	10111----- 0 0	110011 0 0
5286	33.320	33.320	( 0 )	--1-11111110 0 0	10111----- 0 0	110011 0 0
12936	33.320	33.320	( 0 )	--1-11111110 0 0	10111----- 0 0	110011 0 0
12849	33.320	33.320	( 0 )	--1-11111110 0 0	10111----- 0 0	110011 0 0
12909	33.320	33.320	( 0 )	--1-11111110 0 0	10111----- 0 0	110011 0 0
12938	33.320	33.320	( 0 )	--1-11111110 0 0	10111----- 0 0	110011 0 0
4326	33.320	33.320	( 0 )	--1-11111110 0 0	10111----- 0 0	110011 0 0
12872	33.320	33.320	( 0 )	--1-11111110 0 0	10111----- 0 0	110011 0 0
864	33.320	33.320	( 0 )	--1-11111110 0 0	10111----- 0 0	110011 0 0
15481	33.320	33.320	( 0 )	--1-11111110 0 0	10111----- 0 0	110011 0 0
1213	33.320	33.320	( 0 )	--1-11111110 0 0	10111----- 0 0	110011 0 0
10974	33.320	33.320	( 0 )	--1-11111110 0 0	10111----- 0 0	110011 0 0
12917	33.320	33.320	( 0 )	--1-11111110 0 0	10111----- 0 0	110011 0 0
1199	33.320	33.320	( 0 )	--1-11111110 0 0	10111----- 0 0	110011 0 0
12956	33.320	33.320	( 0 )	--1-11111110 0 0	10111----- 0 0	110011 0 0
12888	33.320	33.320	( 0 )	--1-11111110 0 0	10111----- 0 0	110011 0 0
1226	33.320	33.320	( 0 )	--1-11111110 0 0	10111----- 0 0	110011 0 0
15015	33.320	33.320	( 0 )	101111111110 0 0	10111----- 0 0	110011 0 0
12392	33.320	33.320	( 0 )	101111111110 0 0	10111----- 0 0	110011 0 0
18263	33.320	33.320	( 0 )	101111111110 0 0	10111----- 0 0	110011 0 0
1219	33.320	33.320	( 0 )	101111111110 0 0	10111----- 0 0	110011 0 0
9176	33.320	33.320	( 0 )	101111111110 0 0	10111----- 0 0	110011 0 0
1201	36.898	36.898	( 0 )	10-111111110 1 0	10111----- 0 0	110011 0 0
7590	36.898	36.898	( 0 )	10-111111110 0 0	10111----- 0 0	110011 0 0
1209	36.898	36.898	( 0 )	10-111111110 0 0	10111----- 0 0	110011 0 0
12929	36.898	36.898	( 0 )	10-111111110 0 0	10111----- 0 0	110011 0 0
12879	36.898	36.898	( 0 )	10-111111110 0 0	10111----- 0 0	110011 0 0
1203	36.898	36.898	( 0 )	10-111111110 0 0	10111----- 0 0	110011 0 0
12932	36.898	36.898	( 0 )	10-111111110 0 0	10111----- 0 0	110011 0 0
19466	36.898	36.898	( 0 )	10-111111110 0 0	10111----- 0 0	110011 0 0
12855	36.898	36.898	( 0 )	10-111111110 0 0	10111----- 0 0	110011 0 0
18360	36.898	36.898	( 0 )	100111111110 0 0	10111----- 0 0	110011 0 0
12889	36.898	36.898	( 0 )	100111111110 0 0	10111----- 0 0	110011 0 0
12856	36.898	36.898	( 0 )	100111111110 0 0	10111----- 0 0	110011 0 0
12847	36.898	36.898	( 0 )	100111111110 0 0	10111----- 0 0	110011 0 0
12864	36.898	36.898	( 0 )	100111111110 0 0	10111----- 0 0	110011 0 0
12894	36.898	36.898	( 0 )	100111111110 0 0	10111----- 0 0	110011 0 0
17824	36.898	36.898	( 0 )	100111111110 0 0	10111----- 0 0	110011 0 0
12800	36.898	36.898	( 0 )	100111111110 0 0	10111----- 0 0	110011 0 0
12918	36.898	36.898	( 0 )	100111111110 0 0	10111----- 0 0	110011 0 0
1233	36.898	36.898	( 0 )	100111111110 0 0	10111----- 0 0	110011 0 0
12861	36.898	36.898	( 0 )	100111111110 0 0	10111----- 0 0	110011 0 0
1222	36.898	36.898	( 0 )	100111111110 0 0	10111----- 0 0	110011 0 0
8483	36.898	36.898	( 0 )	100111111110 0 0	10111----- 0 0	110011 0 0
19243	36.898	36.898	( 0 )	100111111110 0 0	10111----- 0 0	110011 0 0
17953	36.898	36.898	( 0 )	100111111110 0 0	10111----- 0 0	110011 0 0
12852	36.898	36.898	( 0 )	100111111110 0 0	10111----- 0 0	110011 0 0
1202	36.898	36.898	( 0 )	100111111110 0 0	10111----- 0 0	110011 0 0
8220	36.898	36.898	( 0 )	100111111110 0 0	10111----- 0 0	110011 0 0
2719	36.898	36.898	( 0 )	100111111110 0 0	10111----- 0 0	110011 0 0
17972	36.898	36.898	( 0 )	100111111110 0 0	10111----- 0 0	110011 0 0
12799	36.898	36.898	( 0 )	100111111110 0 0	10111----- 0 0	110011 0 0
10178	36.898	36.898	( 0 )	100111111110 0 0	10111----- 0 0	110011 0 0
12920	36.898	36.898	( 0 )	100111111110 0 0	10111----- 0 0	110011 0 0
843	36.898	36.898	( 0 )	100111111110 0 0	10111----- 0 0	110011 0 0
12851	36.898	36.898	( 0 )	100111111110 0 0	10111----- 0 0	110011 0 0
12801	36.898	36.898	( 0 )	100111111110 0 0	10111----- 0 0	110011 0 0
12193	36.898	36.898	( 0 )	100111111110 0 0	10111----- 0 0	110011 0 0
1212	36.898	36.898	( 0 )	100111111110 0 0	10111----- 0 0	110011 0 0
12902	36.898	36.898	( 0 )	100111111110 0 0	10111----- 0 0	110011 0 0
18308	36.898	36.898	( 0 )	100111111110 0 0	10111----- 0 0	110011 0 0
12886	36.898	36.898	( 0 )	100111111110 0 0	10111----- 0 0	110011 0 0
8354	36.898	36.898	( 0 )	100111111110 0 0	10111----- 0 0	110011 0 0
1232	36.898	36.898	( 0 )	100111111110 0 0	10111----- 0 0	110011 0 0
12925	36.898	36.898	( 0 )	100111111110 0 0	10111----- 0 0	110011 0 0
16907	36.898	36.898	( 0 )	100111111110 0 0	10111----- 0 0	110011 0 0
12871	36.898	36.898	( 0 )	100111111110 0 0	10111----- 0 0	110011 0 0
12908	36.898	36.898	( 0 )	100111111110 0 0	10111----- 0 0	110011 0 0
17590	36.898	36.898	( 0 )	100111111110 0 0	10111----- 0 0	110011 0 0
18363	36.898	36.898	( 0 )	100111111110 0 0	10111----- 0 0	110011 0 0
20384	36.898	36.898	( 0 )	100111111110 0 0	10111----- 0 0	110011 0 0
17977	36.898	36.898	( 0 )	100111111110 0 0	10111----- 0 0	110011 0 0
1939	36.898	36.898	( 0 )	100111111110 0 0	10111----- 0 0	110011 0 0
12863	36.898	36.898	( 0 )	100111111110 0 0	10111----- 0 0	110011 0 0
1223	36.898	36.898	( 0 )	100111111110 0 0	10111----- 0 0	110011 0 0
4572	36.898	36.898	( 0 )	100111111110 0 0	10111----- 0 0	110011 0 0
12798	36.898	36.898	( 0 )	100111111110 0 0	10111----- 0 0	110011 0 0
12854	36.898	36.898	( 0 )	100111111110 0 0	10111----- 0 0	110011 0 0
1210	36.898	36.898	( 0 )	100111111110 0 0	10111----- 0 0	110011 0 0
6273	36.898	36.898	( 0 )	100111111110 0 0	10111----- 0 0	110011 0 0
12878	36.898	36.898	( 0 )	100111111110 0 0	10111----- 0 0	110011 0 0
1196	36.898	36.898	( 0 )	100111111110 0 0	10111----- 0 0	110011 0 0
12933	36.898	36.898	( 0 )	100111111110 0 0	10111----- 0 0	110011 0 0
12906	36.898	36.898	( 0 )	100111111110 0 0	10111----- 0 0	110011 0 0
17954	36.898	36.898	( 0 )	100111111110 0 0	10111----- 0 0	110011 0 0
18365	36.898	36.898	( 0 )	100111111110 0 0	10111----- 0 0	110011 0 0
18370	36.898	36.898	( 0 )	100111111110 0 0	10111----- 0 0	110011 0 0
14275	36.898	36.898	( 0 )	100111111110 0 0	10111----- 0 0	110011 0 0
20163	36.898	36.898	( 0 )	100111111110 0 0	10111----- 0 0	110011 0 0
1230	36.898	36.898	( 0 )	100111111110 0 0	10111----- 0 0	110011 0 0
9916	36.898	36.898	( 0 )	100111111110 0 0	10111----- 0 0	110011 0 0
13137	36.898	36.898	( 0 )	100111111110 0 0	10111----- 0 0	110011 0 0
10403	47.034	47.034	( 0 )	100111111110 0 0	00111----- 1 0	110011 0 0
12900	47.034	47.034	( 0 )	100111111110 0 0	00111----- 0 0	110011 0 0
