#java OrderMarkers2 map=map3_3_js.txt data=data_f.call useKosambi=1 numMergeIterations=1 sexAveraged=1 outputPhasedData=2 grandparentPhase=1 recombination2=0 chromosome=6 randSeed=3714672613630219343
#*** LG = 6 likelihood = -153.1965
#marker_number	male_position	female_position	( 0.0 )[	phased data]
1384	0.000	0.000	( 0 )	010001100010 0 0	11110----- 0 0	------ 0 0
20453	8.412	8.412	( 0 )	011001100010 1 0	11110----- 0 0	------ 0 0
20373	8.412	8.412	( 0 )	011001100010 0 0	11110----- 0 0	------ 0 0
6918	8.412	8.412	( 0 )	011001100010 0 0	11110----- 0 0	------ 0 0
20313	8.412	8.412	( 0 )	011001100010 0 0	11110----- 0 0	------ 0 0
20477	8.412	8.412	( 0 )	011001100010 0 0	11110----- 0 0	------ 0 0
20028	25.740	25.740	( 0 )	-11101100010 2 0	11110----- 0 0	------ 0 0
20377	34.152	34.152	( 0 )	-111-1100010 1 0	11110----- 0 0	------ 0 0
20042	34.152	34.152	( 0 )	111111100010 0 0	11110----- 0 0	------ 0 0
20063	34.152	34.152	( 0 )	111111100010 0 0	11110----- 0 0	------ 0 0
20383	34.152	34.152	( 0 )	111111100010 0 0	11110----- 0 0	------ 0 0
20043	34.152	34.152	( 0 )	111111100010 0 0	11110----- 0 0	------ 0 0
20472	34.152	34.152	( 0 )	111111100010 0 0	11110----- 0 0	------ 0 0
