#java OrderMarkers2 map=map3_3_js.txt data=data_f.call useKosambi=1 numMergeIterations=1 sexAveraged=1 outputPhasedData=2 grandparentPhase=1 recombination2=0 chromosome=1 randSeed=-8651067558331760307
#*** LG = 1 likelihood = -2367.1974
#marker_number	male_position	female_position	( 0.0 )[	phased data]
20293	0.000	0.000	( 0 )	101110100111 0 0	1101110111 0 0	101001 0 0
7758	0.000	0.000	( 0 )	101110100111 0 0	1101110111 0 0	101001 0 0
19332	0.000	0.000	( 0 )	101110100111 0 0	1101110111 0 0	101001 0 0
2905	8.412	8.412	( 0 )	101111100111 1 0	1101110111 0 0	101001 0 0
10336	8.412	8.412	( 0 )	101111100111 0 0	1101110111 0 0	101001 0 0
851	8.412	8.412	( 0 )	101111100111 0 0	1101110111 0 0	101001 0 0
17362	16.824	16.824	( 0 )	1-1111100111 1 0	1101110111 0 0	101001 0 0
13597	16.824	16.824	( 0 )	1-1111100111 0 0	1101110111 0 0	101001 0 0
11745	16.824	16.824	( 0 )	1-1111100111 0 0	1101110111 0 0	101001 0 0
16284	16.824	16.824	( 0 )	1-1111100111 0 0	1101110111 0 0	101001 0 0
11629	16.824	16.824	( 0 )	1-1111100111 0 0	1101110111 0 0	101001 0 0
13651	16.824	16.824	( 0 )	1-1111100111 0 0	1101110111 0 0	101001 0 0
2914	16.824	16.824	( 0 )	1-1111100111 0 0	1101110111 0 0	101001 0 0
11749	16.824	16.824	( 0 )	1-1111100111 0 0	1101110111 0 0	101001 0 0
866	16.824	16.824	( 0 )	1-1111100111 0 0	1101110111 0 0	101001 0 0
11661	16.824	16.824	( 0 )	1-1111100111 0 0	1101110111 0 0	101001 0 0
13595	16.824	16.824	( 0 )	1-1111100111 0 0	1101110111 0 0	101001 0 0
849	16.824	16.824	( 0 )	1-1111100111 0 0	1101110111 0 0	101001 0 0
17223	16.824	16.824	( 0 )	1-1111100111 0 0	1101110111 0 0	101001 0 0
13584	16.824	16.824	( 0 )	1-1111100111 0 0	1101110111 0 0	101001 0 0
2971	16.824	16.824	( 0 )	1-1111100111 0 0	1101110111 0 0	101001 0 0
5214	16.824	16.824	( 0 )	111111100111 0 0	1101110111 0 0	101001 0 0
13612	16.824	16.824	( 0 )	111111100111 0 0	1101110111 0 0	101001 0 0
17330	16.824	16.824	( 0 )	111111100111 0 0	1101110111 0 0	101001 0 0
13650	16.824	16.824	( 0 )	111111100111 0 0	1101110111 0 0	101001 0 0
13647	16.824	16.824	( 0 )	111111100111 0 0	1101110111 0 0	101001 0 0
941	16.824	16.824	( 0 )	111111100111 0 0	1101110111 0 0	101001 0 0
11740	16.824	16.824	( 0 )	111111100111 0 0	1101110111 0 0	101001 0 0
964	16.824	16.824	( 0 )	111111100111 0 0	1101110111 0 0	101001 0 0
13579	16.824	16.824	( 0 )	111111100111 0 0	1101110111 0 0	101001 0 0
879	16.824	16.824	( 0 )	111111100111 0 0	1101110111 0 0	101001 0 0
857	16.824	16.824	( 0 )	111111100111 0 0	1101110111 0 0	101001 0 0
13602	16.824	16.824	( 0 )	111111100111 0 0	1101110111 0 0	101001 0 0
1001	16.824	16.824	( 0 )	111111100111 0 0	1101110111 0 0	101001 0 0
942	16.824	16.824	( 0 )	111111100111 0 0	1101110111 0 0	101001 0 0
13655	16.824	16.824	( 0 )	111111100111 0 0	1101110111 0 0	101001 0 0
940	16.824	16.824	( 0 )	111111100111 0 0	1101110111 0 0	101001 0 0
858	16.824	16.824	( 0 )	111111100111 0 0	1101110111 0 0	101001 0 0
13638	16.824	16.824	( 0 )	111111100111 0 0	1101110111 0 0	101001 0 0
13619	16.824	16.824	( 0 )	111111100111 0 0	1101110111 0 0	101001 0 0
2957	16.824	16.824	( 0 )	111111100111 0 0	1101110111 0 0	101001 0 0
17289	16.824	16.824	( 0 )	111111100111 0 0	1101110111 0 0	101001 0 0
2964	16.824	16.824	( 0 )	111111100111 0 0	1101110111 0 0	101001 0 0
13641	16.824	16.824	( 0 )	111111100111 0 0	1101110111 0 0	101001 0 0
861	16.824	16.824	( 0 )	111111100111 0 0	1101110111 0 0	101001 0 0
13637	16.824	16.824	( 0 )	111111100111 0 0	1101110111 0 0	101001 0 0
3101	16.824	16.824	( 0 )	111111100111 0 0	1101110111 0 0	101001 0 0
2936	16.824	16.824	( 0 )	111111100111 0 0	1101110111 0 0	101001 0 0
13588	16.824	16.824	( 0 )	111111100111 0 0	1101110111 0 0	101001 0 0
13338	16.824	16.824	( 0 )	111111100111 0 0	1101110111 0 0	101001 0 0
971	16.824	16.824	( 0 )	111111100111 0 0	1101110111 0 0	101001 0 0
17427	16.824	16.824	( 0 )	111111100111 0 0	1101110111 0 0	101001 0 0
850	16.824	16.824	( 0 )	111111100111 0 0	1101110111 0 0	101001 0 0
846	16.824	16.824	( 0 )	111111100111 0 0	1101110111 0 0	101001 0 0
17368	16.824	16.824	( 0 )	111111100111 0 0	1101110111 0 0	101001 0 0
2856	16.824	16.824	( 0 )	111111100111 0 0	1101110111 0 0	101001 0 0
16292	16.824	16.824	( 0 )	111111100111 0 0	1101110111 0 0	101001 0 0
963	16.824	16.824	( 0 )	111111100111 0 0	1101110111 0 0	101001 0 0
1005	16.824	16.824	( 0 )	111111100111 0 0	1101110111 0 0	101001 0 0
2911	16.824	16.824	( 0 )	111111100111 0 0	1101110111 0 0	101001 0 0
13666	16.824	16.824	( 0 )	111111100111 0 0	1101110111 0 0	101001 0 0
844	16.824	16.824	( 0 )	111111100111 0 0	1101110111 0 0	101001 0 0
946	16.824	16.824	( 0 )	111111100111 0 0	1101110111 0 0	101001 0 0
13658	16.824	16.824	( 0 )	111111100111 0 0	1101110111 0 0	101001 0 0
13607	16.824	16.824	( 0 )	111111100111 0 0	1101110111 0 0	101001 0 0
11750	16.824	16.824	( 0 )	111111100111 0 0	1101110111 0 0	101001 0 0
11766	16.824	16.824	( 0 )	111111100111 0 0	1101110111 0 0	101001 0 0
13581	16.824	16.824	( 0 )	111111100111 0 0	1101110111 0 0	101001 0 0
845	16.824	16.824	( 0 )	111111100111 0 0	1101110111 0 0	101001 0 0
11760	16.824	16.824	( 0 )	111111100111 0 0	1101110111 0 0	101001 0 0
2917	16.824	16.824	( 0 )	111111100111 0 0	1101110111 0 0	101001 0 0
2921	16.824	16.824	( 0 )	111111100111 0 0	1101110111 0 0	101001 0 0
2967	16.824	16.824	( 0 )	111111100111 0 0	1101110111 0 0	101001 0 0
2919	16.824	16.824	( 0 )	111111100111 0 0	1101110111 0 0	101001 0 0
13587	16.824	16.824	( 0 )	111111100111 0 0	1101110111 0 0	101001 0 0
16281	16.824	16.824	( 0 )	111111100111 0 0	1101110111 0 0	101001 0 0
13630	16.824	16.824	( 0 )	111111100111 0 0	1101110111 0 0	101001 0 0
17357	16.824	16.824	( 0 )	111111100111 0 0	1101110111 0 0	101001 0 0
13470	16.824	16.824	( 0 )	111111100111 0 0	1101110111 0 0	101001 0 0
13575	16.824	16.824	( 0 )	111111100111 0 0	1101110111 0 0	101001 0 0
17345	16.824	16.824	( 0 )	111111100111 0 0	1101110111 0 0	101001 0 0
2963	16.824	16.824	( 0 )	111111100111 0 0	1101110111 0 0	101001 0 0
2925	16.824	16.824	( 0 )	111111100111 0 0	1101110111 0 0	101001 0 0
1000	16.824	16.824	( 0 )	111111100111 0 0	1101110111 0 0	101001 0 0
939	16.824	16.824	( 0 )	111111100111 0 0	1101110111 0 0	101001 0 0
2926	16.824	16.824	( 0 )	111111100111 0 0	1101110111 0 0	101001 0 0
20437	16.824	16.824	( 0 )	111111100111 0 0	1101110111 0 0	101001 0 0
17318	16.824	16.824	( 0 )	111111100111 0 0	1101110111 0 0	101001 0 0
17447	16.824	16.824	( 0 )	111111100111 0 0	1101110111 0 0	101001 0 0
13623	16.824	16.824	( 0 )	111111100111 0 0	1101110111 0 0	101001 0 0
2633	16.824	16.824	( 0 )	111111100111 0 0	1101110111 0 0	101001 0 0
854	16.824	16.824	( 0 )	111111100111 0 0	1101110111 0 0	101001 0 0
13583	16.824	16.824	( 0 )	111111100111 0 0	1101110111 0 0	101001 0 0
13616	16.824	16.824	( 0 )	111111100111 0 0	1101110111 0 0	101001 0 0
13336	16.824	16.824	( 0 )	111111100111 0 0	1101110111 0 0	101001 0 0
17339	16.824	16.824	( 0 )	111111100111 0 0	1101110111 0 0	101001 0 0
869	16.824	16.824	( 0 )	111111100111 0 0	1101110111 0 0	101001 0 0
2930	16.824	16.824	( 0 )	111111100111 0 0	1101110111 0 0	101001 0 0
13660	16.824	16.824	( 0 )	111111100111 0 0	1101110111 0 0	101001 0 0
10462	16.824	16.824	( 0 )	111111100111 0 0	1101110111 0 0	101001 0 0
2946	16.824	16.824	( 0 )	111111100111 0 0	1101110111 0 0	101001 0 0
17310	16.824	16.824	( 0 )	111111100111 0 0	1101110111 0 0	101001 0 0
4031	16.824	16.824	( 0 )	111111100111 0 0	1101110111 0 0	101001 0 0
2951	16.824	16.824	( 0 )	111111100111 0 0	1101110111 0 0	101001 0 0
11739	16.824	16.824	( 0 )	111111100111 0 0	1101110111 0 0	101001 0 0
13626	16.824	16.824	( 0 )	111111100111 0 0	1101110111 0 0	101001 0 0
2958	16.824	16.824	( 0 )	111111100111 0 0	1101110111 0 0	101001 0 0
11471	16.824	16.824	( 0 )	111111100111 0 0	1101110111 0 0	101001 0 0
874	16.824	16.824	( 0 )	111111100111 0 0	1101110111 0 0	101001 0 0
13663	16.824	16.824	( 0 )	111111100111 0 0	1101110111 0 0	101001 0 0
13634	16.824	16.824	( 0 )	111111100111 0 0	1101110111 0 0	101001 0 0
13645	16.824	16.824	( 0 )	111111100111 0 0	1101110111 0 0	101001 0 0
13604	16.824	16.824	( 0 )	111111100111 0 0	1101110111 0 0	101001 0 0
868	16.824	16.824	( 0 )	111111100111 0 0	1101110111 0 0	101001 0 0
1008	16.824	16.824	( 0 )	111111100111 0 0	1101110111 0 0	101001 0 0
770	16.824	16.824	( 0 )	111111100111 0 0	1101110111 0 0	101001 0 0
779	16.824	16.824	( 0 )	111111100111 0 0	1101110111 0 0	101001 0 0
13662	16.824	16.824	( 0 )	111111100111 0 0	1101110111 0 0	101001 0 0
11675	16.824	16.824	( 0 )	111111100111 0 0	1101110111 0 0	101001 0 0
2965	16.824	16.824	( 0 )	111111100111 0 0	1101110111 0 0	101001 0 0
2953	16.824	16.824	( 0 )	111111100111 0 0	1101110111 0 0	101001 0 0
13339	16.824	16.824	( 0 )	111111100111 0 0	1101110111 0 0	101001 0 0
17303	16.824	16.824	( 0 )	111111100111 0 0	1101110111 0 0	101001 0 0
13631	16.824	16.824	( 0 )	111111100111 0 0	1101110111 0 0	101001 0 0
13577	16.824	16.824	( 0 )	111111100111 0 0	1101110111 0 0	101001 0 0
966	16.824	16.824	( 0 )	111111100111 0 0	1101110111 0 0	101001 0 0
13576	16.824	16.824	( 0 )	111111100111 0 0	1101110111 0 0	101001 0 0
965	16.824	16.824	( 0 )	111111100111 0 0	1101110111 0 0	101001 0 0
16294	16.824	16.824	( 0 )	111111100111 0 0	1101110111 0 0	101001 0 0
948	16.824	16.824	( 0 )	111111100111 0 0	1101110111 0 0	101001 0 0
17376	16.824	16.824	( 0 )	111111100111 0 0	1101110111 0 0	101001 0 0
17315	16.824	16.824	( 0 )	111111100111 0 0	1101110111 0 0	101001 0 0
17295	16.824	16.824	( 0 )	111111100111 0 0	1101110111 0 0	101001 0 0
11772	16.824	16.824	( 0 )	111111100111 0 0	1101110111 0 0	101001 0 0
871	16.824	16.824	( 0 )	111111100111 0 0	1101110111 0 0	101001 0 0
16175	16.824	16.824	( 0 )	111111100111 0 0	1101110111 0 0	101001 0 0
13639	16.824	16.824	( 0 )	111111100111 0 0	1101110111 0 0	101001 0 0
2903	16.824	16.824	( 0 )	111111100111 0 0	1101110111 0 0	101001 0 0
870	16.824	16.824	( 0 )	111111100111 0 0	1101110111 0 0	101001 0 0
930	16.824	16.824	( 0 )	111111100111 0 0	1101110111 0 0	101001 0 0
13599	16.824	16.824	( 0 )	111111100111 0 0	1101110111 0 0	101001 0 0
11768	16.824	16.824	( 0 )	111111100111 0 0	1101110111 0 0	101001 0 0
13665	16.824	16.824	( 0 )	111111100111 0 0	1101110111 0 0	101001 0 0
13582	16.824	16.824	( 0 )	111111100111 0 0	1101110111 0 0	101001 0 0
13627	16.824	16.824	( 0 )	111111100111 0 0	1101110111 0 0	101001 0 0
13632	16.824	16.824	( 0 )	111111100111 0 0	1101110111 0 0	101001 0 0
945	16.824	16.824	( 0 )	111111100111 0 0	1101110111 0 0	101001 0 0
17382	16.824	16.824	( 0 )	111111100111 0 0	1101110111 0 0	101001 0 0
873	16.824	16.824	( 0 )	111111100111 0 0	1101110111 0 0	101001 0 0
2923	16.824	16.824	( 0 )	111111100111 0 0	1101110111 0 0	101001 0 0
13659	16.824	16.824	( 0 )	111111100111 0 0	1101110111 0 0	101001 0 0
17358	16.824	16.824	( 0 )	111111100111 0 0	1101110111 0 0	101001 0 0
13598	16.824	16.824	( 0 )	111111100111 0 0	1101110111 0 0	101001 0 0
13573	16.824	16.824	( 0 )	111111100111 0 0	1101110111 0 0	101001 0 0
951	16.824	16.824	( 0 )	111111100111 0 0	1101110111 0 0	101001 0 0
2912	16.824	16.824	( 0 )	111111100111 0 0	1101110111 0 0	101001 0 0
999	16.824	16.824	( 0 )	111111100111 0 0	1101110111 0 0	101001 0 0
11762	16.824	16.824	( 0 )	111111100111 0 0	1101110111 0 0	101001 0 0
2948	16.824	16.824	( 0 )	111111100111 0 0	1101110111 0 0	101001 0 0
2902	16.824	16.824	( 0 )	111111100111 0 0	1101110111 0 0	101001 0 0
13628	16.824	16.824	( 0 )	111111100111 0 0	1101110111 0 0	101001 0 0
2932	16.824	16.824	( 0 )	111111100111 0 0	1101110111 0 0	101001 0 0
13601	16.824	16.824	( 0 )	111111100111 0 0	1101110111 0 0	101001 0 0
17342	16.824	16.824	( 0 )	111111100111 0 0	1101110111 0 0	101001 0 0
2962	16.824	16.824	( 0 )	111111100111 0 0	1101110111 0 0	101001 0 0
16290	16.824	16.824	( 0 )	111111100111 0 0	1101110111 0 0	101001 0 0
2961	16.824	16.824	( 0 )	111111100111 0 0	1101110111 0 0	101001 0 0
13609	16.824	16.824	( 0 )	111111100111 0 0	1101110111 0 0	101001 0 0
17354	16.824	16.824	( 0 )	111111100111 0 0	1101110111 0 0	101001 0 0
848	16.824	16.824	( 0 )	111111100111 0 0	1101110111 0 0	101001 0 0
16291	16.824	16.824	( 0 )	111111100111 0 0	1101110111 0 0	101001 0 0
11757	16.824	16.824	( 0 )	111111100111 0 0	1101110111 0 0	101001 0 0
17353	16.824	16.824	( 0 )	111111100111 0 0	1101110111 0 0	101001 0 0
13653	16.824	16.824	( 0 )	111111100111 0 0	1101110111 0 0	101001 0 0
13643	16.824	16.824	( 0 )	111111100111 0 0	1101110111 0 0	101001 0 0
352	16.824	16.824	( 0 )	111111100111 0 0	1101110111 0 0	101001 0 0
13580	16.824	16.824	( 0 )	111111100111 0 0	1101110111 0 0	101001 0 0
11752	16.824	16.824	( 0 )	111111100111 0 0	1101110111 0 0	101001 0 0
773	16.824	16.824	( 0 )	111111100111 0 0	1101110111 0 0	101001 0 0
17294	16.824	16.824	( 0 )	111111100111 0 0	1101110111 0 0	101001 0 0
998	16.824	16.824	( 0 )	111111100111 0 0	1101110111 0 0	101001 0 0
768	16.824	16.824	( 0 )	111111100111 0 0	1101110111 0 0	101001 0 0
778	16.824	16.824	( 0 )	111111100111 0 0	1101110111 0 0	101001 0 0
13622	16.824	16.824	( 0 )	111111100111 0 0	1101110111 0 0	101001 0 0
2924	16.824	16.824	( 0 )	111111100111 0 0	1101110111 0 0	101001 0 0
780	16.824	16.824	( 0 )	111111100111 0 0	1101110111 0 0	101001 0 0
13646	16.824	16.824	( 0 )	111111100111 0 0	1101110111 0 0	101001 0 0
17380	16.824	16.824	( 0 )	111111100111 0 0	1101110111 0 0	101001 0 0
13656	16.824	16.824	( 0 )	111111100111 0 0	1101110111 0 0	101001 0 0
13613	16.824	16.824	( 0 )	111111100111 0 0	1101110111 0 0	101001 0 0
13571	16.824	16.824	( 0 )	111111100111 0 0	1101110111 0 0	101001 0 0
13661	16.824	16.824	( 0 )	111111100111 0 0	1101110111 0 0	101001 0 0
2928	16.824	16.824	( 0 )	111111100111 0 0	1101110111 0 0	101001 0 0
949	16.824	16.824	( 0 )	111111100111 0 0	1101110111 0 0	101001 0 0
2904	16.824	16.824	( 0 )	111111100111 0 0	1101110111 0 0	101001 0 0
16295	16.824	16.824	( 0 )	111111100111 0 0	1101110111 0 0	101001 0 0
17323	16.824	16.824	( 0 )	111111100111 0 0	1101110111 0 0	101001 0 0
13585	16.824	16.824	( 0 )	111111100111 0 0	1101110111 0 0	101001 0 0
11741	16.824	16.824	( 0 )	111111100111 0 0	1101110111 0 0	101001 0 0
16278	16.824	16.824	( 0 )	111111100111 0 0	1101110111 0 0	101001 0 0
928	16.824	16.824	( 0 )	111111100111 0 0	1101110111 0 0	101001 0 0
16273	16.824	16.824	( 0 )	111111100111 0 0	1101110111 0 0	101001 0 0
13625	16.824	16.824	( 0 )	111111100111 0 0	1101110111 0 0	101001 0 0
17381	16.824	16.824	( 0 )	111111100111 0 0	1101110111 0 0	101001 0 0
13621	16.824	16.824	( 0 )	111111100111 0 0	1101110111 0 0	101001 0 0
11641	16.824	16.824	( 0 )	111111100111 0 0	1101110111 0 0	101001 0 0
2801	16.824	16.824	( 0 )	111111100111 0 0	1101110111 0 0	101001 0 0
13669	16.824	16.824	( 0 )	111111100111 0 0	1101110111 0 0	101001 0 0
17325	16.824	16.824	( 0 )	111111100111 0 0	1101110111 0 0	101001 0 0
986	16.824	16.824	( 0 )	111111100111 0 0	1101110111 0 0	101001 0 0
17311	16.824	16.824	( 0 )	111111100111 0 0	1101110111 0 0	101001 0 0
947	16.824	16.824	( 0 )	111111100111 0 0	1101110111 0 0	101001 0 0
2913	16.824	16.824	( 0 )	111111100111 0 0	1101110111 0 0	101001 0 0
13476	16.824	16.824	( 0 )	111111100111 0 0	1101110111 0 0	101001 0 0
853	16.824	16.824	( 0 )	111111100111 0 0	1101110111 0 0	101001 0 0
2918	16.824	16.824	( 0 )	111111100111 0 0	1101110111 0 0	101001 0 0
13593	16.824	16.824	( 0 )	111111100111 0 0	1101110111 0 0	101001 0 0
13668	16.824	16.824	( 0 )	111111100111 0 0	1101110111 0 0	101001 0 0
13578	16.824	16.824	( 0 )	111111100111 0 0	1101110111 0 0	101001 0 0
11738	16.824	16.824	( 0 )	111111100111 0 0	1101110111 0 0	101001 0 0
11553	16.824	16.824	( 0 )	111111100111 0 0	1101110111 0 0	101001 0 0
11758	16.824	16.824	( 0 )	111111100111 0 0	1101110111 0 0	101001 0 0
13337	16.824	16.824	( 0 )	111111100111 0 0	1101110111 0 0	101001 0 0
13596	16.824	16.824	( 0 )	111111100111 0 0	1101110111 0 0	101001 0 0
2922	16.824	16.824	( 0 )	111111100111 0 0	1101110111 0 0	101001 0 0
860	16.824	16.824	( 0 )	111111100111 0 0	1101110111 0 0	101001 0 0
17563	16.824	16.824	( 0 )	111111100111 0 0	1101110111 0 0	101001 0 0
996	16.824	16.824	( 0 )	111111100111 0 0	1101110111 0 0	101001 0 0
2929	16.824	16.824	( 0 )	111111100111 0 0	1101110111 0 0	101001 0 0
13629	16.824	16.824	( 0 )	111111100111 0 0	1101110111 0 0	101001 0 0
852	16.824	16.824	( 0 )	111111100111 0 0	1101110111 0 0	101001 0 0
13570	16.824	16.824	( 0 )	111111100111 0 0	1101110111 0 0	101001 0 0
2931	16.824	16.824	( 0 )	111111100111 0 0	1101110111 0 0	101001 0 0
863	16.824	16.824	( 0 )	111111100111 0 0	1101110111 0 0	101001 0 0
13636	16.824	16.824	( 0 )	111111100111 0 0	1101110111 0 0	101001 0 0
856	16.824	16.824	( 0 )	111111100111 0 0	1101110111 0 0	101001 0 0
11756	16.824	16.824	( 0 )	111111100111 0 0	1101110111 0 0	101001 0 0
938	16.824	16.824	( 0 )	111111100111 0 0	1101110111 0 0	101001 0 0
13667	16.824	16.824	( 0 )	111111100111 0 0	1101110111 0 0	101001 0 0
3096	16.824	16.824	( 0 )	111111100111 0 0	1101110111 0 0	101001 0 0
13640	16.824	16.824	( 0 )	111111100111 0 0	1101110111 0 0	101001 0 0
11755	16.824	16.824	( 0 )	111111100111 0 0	1101110111 0 0	101001 0 0
17450	16.824	16.824	( 0 )	111111100111 0 0	1101110111 0 0	101001 0 0
3089	16.824	16.824	( 0 )	111111100111 0 0	1101110111 0 0	101001 0 0
13657	16.824	16.824	( 0 )	111111100111 0 0	1101110111 0 0	101001 0 0
13664	16.824	16.824	( 0 )	111111100111 0 0	1101110111 0 0	101001 0 0
17416	16.824	16.824	( 0 )	111111100111 0 0	1101110111 0 0	101001 0 0
13605	16.824	16.824	( 0 )	111111100111 0 0	1101110111 0 0	101001 0 0
13572	16.824	16.824	( 0 )	111111100111 0 0	1101110111 0 0	101001 0 0
2910	16.824	16.824	( 0 )	111111100111 0 0	1101110111 0 0	101001 0 0
11765	16.824	16.824	( 0 )	111111100111 0 0	1101110111 0 0	101001 0 0
1004	16.824	16.824	( 0 )	111111100111 0 0	1101110111 0 0	101001 0 0
13652	16.824	16.824	( 0 )	111111100111 0 0	1101110111 0 0	101001 0 0
2909	16.824	16.824	( 0 )	111111100111 0 0	1101110111 0 0	101001 0 0
17297	16.824	16.824	( 0 )	111111100111 0 0	1101110111 0 0	101001 0 0
17383	16.824	16.824	( 0 )	111111100111 0 0	1101110111 0 0	101001 0 0
878	16.824	16.824	( 0 )	111111100111 0 0	1101110111 0 0	101001 0 0
11743	16.824	16.824	( 0 )	111111100111 0 0	1101110111 0 0	101001 0 0
16595	16.824	16.824	( 0 )	111111100111 0 0	1101110111 0 0	101001 0 0
11747	28.123	28.123	( 0 )	111111100111 0 0	1101110111 0 0	1--001 2 0
958	28.123	28.123	( 0 )	111111100111 0 0	1101110111 0 0	1--001 0 0
11751	28.123	28.123	( 0 )	111111100111 0 0	1101110111 0 0	1--001 0 0
867	28.123	28.123	( 0 )	111111100111 0 0	1101110111 0 0	1--001 0 0
2952	28.123	28.123	( 0 )	111111100111 0 0	1101110111 0 0	1--001 0 0
11424	28.123	28.123	( 0 )	111111100111 0 0	1101110111 0 0	1--001 0 0
17433	28.123	28.123	( 0 )	111111100111 0 0	1101110111 0 0	1--001 0 0
875	28.123	28.123	( 0 )	111111100111 0 0	1101110111 0 0	1--001 0 0
992	28.123	28.123	( 0 )	111111100111 0 0	1101110111 0 0	1--001 0 0
969	28.123	28.123	( 0 )	111111100111 0 0	1101110111 0 0	1--001 0 0
16275	28.123	28.123	( 0 )	111111100111 0 0	1101110111 0 0	1--001 0 0
17317	28.123	28.123	( 0 )	111111100111 0 0	1101110111 0 0	1--001 0 0
17293	28.123	28.123	( 0 )	111111100111 0 0	1101110111 0 0	1--001 0 0
13633	28.123	28.123	( 0 )	111111100111 0 0	1101110111 0 0	1--001 0 0
13617	28.123	28.123	( 0 )	111111100111 0 0	1101110111 0 0	1--001 0 0
872	28.123	28.123	( 0 )	111111100111 0 0	1101110111 0 0	1--001 0 0
936	28.123	28.123	( 0 )	111111100111 0 0	1101110111 0 0	1--001 0 0
769	28.123	28.123	( 0 )	111111100111 0 0	1101110111 0 0	1--001 0 0
11761	28.123	28.123	( 0 )	111111100111 0 0	1101110111 0 0	1--001 0 0
13618	28.123	28.123	( 0 )	111111100111 0 0	1101110111 0 0	1--001 0 0
17456	28.123	28.123	( 0 )	111111100111 0 0	1101110111 0 0	1--001 0 0
862	28.123	28.123	( 0 )	111111100111 0 0	1101110111 0 0	1--001 0 0
877	28.123	28.123	( 0 )	111111100111 0 0	1101110111 0 0	1--001 0 0
876	28.123	28.123	( 0 )	111111100111 0 0	1101110111 0 0	1--001 0 0
933	28.123	28.123	( 0 )	111111100111 0 0	1101110111 0 0	1--001 0 0
17406	28.123	28.123	( 0 )	111111100111 0 0	1101110111 0 0	1--001 0 0
3091	28.123	28.123	( 0 )	111111100111 0 0	1101110111 0 0	1--001 0 0
7923	28.123	28.123	( 0 )	111111100111 0 0	1101110111 0 0	1--001 0 0
7849	28.123	28.123	( 0 )	111111100111 0 0	1101110111 0 0	1--001 0 0
6712	28.123	28.123	( 0 )	111111100111 0 0	1101110111 0 0	1--001 0 0
7945	28.123	28.123	( 0 )	111111100111 0 0	1101110111 0 0	1--001 0 0
4160	28.123	28.123	( 0 )	111111100111 0 0	1101110111 0 0	1--001 0 0
10341	28.123	28.123	( 0 )	111111100111 0 0	1101110111 0 0	1--001 0 0
2383	28.123	28.123	( 0 )	111111100111 0 0	1101110111 0 0	1--001 0 0
7853	28.123	28.123	( 0 )	111111100111 0 0	1101110111 0 0	1--001 0 0
12378	28.123	28.123	( 0 )	111111100111 0 0	1101110111 0 0	1--001 0 0
16280	28.123	28.123	( 0 )	111111100111 0 0	1101110111 0 0	1--001 0 0
6743	28.123	28.123	( 0 )	111111100111 0 0	1101110111 0 0	1--001 0 0
10514	28.123	28.123	( 0 )	111111100111 0 0	1101110111 0 0	1--001 0 0
7986	28.123	28.123	( 0 )	111111100111 0 0	1101110111 0 0	1--001 0 0
8051	28.123	28.123	( 0 )	111111100111 0 0	1101110111 0 0	1--001 0 0
6997	28.123	28.123	( 0 )	111111100111 0 0	1101110111 0 0	1--001 0 0
10659	28.123	28.123	( 0 )	111111100111 0 0	1101110111 0 0	1--001 0 0
2254	28.123	28.123	( 0 )	111111100111 0 0	1101110111 0 0	1--001 0 0
4125	28.123	28.123	( 0 )	111111100111 0 0	1101110111 0 0	1--001 0 0
13504	28.123	28.123	( 0 )	111111100111 0 0	1101110111 0 0	1--001 0 0
6746	28.123	28.123	( 0 )	111111100111 0 0	1101110111 0 0	1--001 0 0
7380	28.123	28.123	( 0 )	111111100111 0 0	1101110111 0 0	1--001 0 0
7974	28.123	28.123	( 0 )	111111100111 0 0	1101110111 0 0	1--001 0 0
7033	28.123	28.123	( 0 )	111111100111 0 0	1101110111 0 0	1--001 0 0
7906	28.123	28.123	( 0 )	111111100111 0 0	1101110111 0 0	1--001 0 0
10342	28.123	28.123	( 0 )	111111100111 0 0	1101110111 0 0	1--001 0 0
6942	28.123	28.123	( 0 )	111111100111 0 0	1101110111 0 0	1--001 0 0
13600	33.702	33.702	( 0 )	111110100111 1 0	1101110111 0 0	1--001 0 0
7205	33.702	33.702	( 0 )	111110100111 0 0	1101110111 0 0	1--001 0 0
13574	33.702	33.702	( 0 )	111110100111 0 0	1101110111 0 0	1--001 0 0
7814	33.702	33.702	( 0 )	111110100111 0 0	1101110111 0 0	1--001 0 0
19284	33.702	33.702	( 0 )	111110100111 0 0	1101110111 0 0	1--001 0 0
13590	33.702	33.702	( 0 )	111110100111 0 0	1101110111 0 0	1--001 0 0
6894	33.702	33.702	( 0 )	111110100111 0 0	1101110111 0 0	1--001 0 0
19295	33.702	33.702	( 0 )	111110100111 0 0	1101110111 0 0	1--001 0 0
10719	39.280	39.280	( 0 )	111010100111 1 0	1101110111 0 0	1--001 0 0
10487	39.280	39.280	( 0 )	111010100111 0 0	1101110111 0 0	1--001 0 0
11687	39.280	39.280	( 0 )	111010100111 0 0	1101110111 0 0	110001 0 0
10493	39.280	39.280	( 0 )	111010100111 0 0	1101110111 0 0	110001 0 0
10878	39.280	39.280	( 0 )	111010100111 0 0	1101110111 0 0	110001 0 0
13594	39.280	39.280	( 0 )	111010100111 0 0	1101110111 0 0	110001 0 0
19325	39.280	39.280	( 0 )	111010100111 0 0	1101110111 0 0	110001 0 0
4101	39.280	39.280	( 0 )	111010100111 0 0	1101110111 0 0	110001 0 0
7958	39.280	39.280	( 0 )	111010100111 0 0	1101110111 0 0	110001 0 0
8016	39.280	39.280	( 0 )	111010100111 0 0	1101110111 0 0	110001 0 0
10704	39.280	39.280	( 0 )	111010100111 0 0	1101110111 0 0	110001 0 0
10490	39.280	39.280	( 0 )	111010100111 0 0	1101110111 0 0	110001 0 0
6959	39.280	39.280	( 0 )	111010100111 0 0	1101110111 0 0	110001 0 0
7136	47.692	47.692	( 0 )	111000100111 1 0	1101110111 0 0	110001 0 0
12332	47.692	47.692	( 0 )	111000100111 0 0	1101110111 0 0	110001 0 0
7803	47.692	47.692	( 0 )	111000100111 0 0	1101110111 0 0	110001 0 0
10526	47.692	47.692	( 0 )	111000100111 0 0	1101110111 0 0	110001 0 0
8061	47.692	47.692	( 0 )	111000100111 0 0	1101110111 0 0	110001 0 0
18746	56.104	56.104	( 0 )	011000100111 1 0	1101110111 0 0	110001 0 0
859	56.104	56.104	( 0 )	011000100111 0 0	1101110111 0 0	110001 0 0
7818	56.104	56.104	( 0 )	011000100111 0 0	1101110111 0 0	110001 0 0
10365	56.104	56.104	( 0 )	011000100111 0 0	1101110111 0 0	110001 0 0
4174	56.104	56.104	( 0 )	011000100111 0 0	1101110111 0 0	110001 0 0
10368	56.104	56.104	( 0 )	011000100111 0 0	1101110111 0 0	110001 0 0
10344	56.104	56.104	( 0 )	011000100111 0 0	1101110111 0 0	110001 0 0
10459	56.104	56.104	( 0 )	011000100111 0 0	1101110111 0 0	110001 0 0
19248	56.104	56.104	( 0 )	011000100111 0 0	1101110111 0 0	110001 0 0
6978	56.104	56.104	( 0 )	011000100111 0 0	1101110111 0 0	110001 0 0
10343	56.104	56.104	( 0 )	011000100111 0 0	1101110111 0 0	110001 0 0
7135	56.104	56.104	( 0 )	011000100111 0 0	1101110111 0 0	110001 0 0
7823	56.104	56.104	( 0 )	011000100111 0 0	1101110111 0 0	110001 0 0
13610	56.104	56.104	( 0 )	011000100111 0 0	1101110111 0 0	110001 0 0
10423	56.104	56.104	( 0 )	011000100111 0 0	1101110111 0 0	110001 0 0
19308	56.104	56.104	( 0 )	011000100111 0 0	1101110111 0 0	110001 0 0
7920	56.104	56.104	( 0 )	011000100111 0 0	1101110111 0 0	110001 0 0
10578	56.104	56.104	( 0 )	011000100111 0 0	1101110111 0 0	110001 0 0
2279	56.104	56.104	( 0 )	011000100111 0 0	1101110111 0 0	110001 0 0
11763	56.104	56.104	( 0 )	011000100111 0 0	1101110111 0 0	110001 0 0
16235	56.104	56.104	( 0 )	011000100111 0 0	1101110111 0 0	110001 0 0
7778	56.104	56.104	( 0 )	011000100111 0 0	1101110111 0 0	110001 0 0
167	56.104	56.104	( 0 )	011000100111 0 0	1101110111 0 0	110001 0 0
10896	56.104	56.104	( 0 )	011000100111 0 0	1101110111 0 0	110001 0 0
10527	56.104	56.104	( 0 )	011000100111 0 0	1101110111 0 0	110001 0 0
18763	56.104	56.104	( 0 )	011000100111 0 0	1101110111 0 0	110001 0 0
13586	56.104	56.104	( 0 )	011000100111 0 0	1101110111 0 0	110001 0 0
11771	56.104	56.104	( 0 )	011000100111 0 0	1101110111 0 0	110001 0 0
10589	56.104	56.104	( 0 )	011000100111 0 0	1101110111 0 0	110001 0 0
