#java OrderMarkers2 map=map4_14_js.txt data=data_f.call useKosambi=1 numMergeIterations=100 sexAveraged=1 outputPhasedData=2 grandparentPhase=1 chromosome=1 randSeed=687040205528862465
#*** LG = 1 likelihood = -58.0533
#marker_number	male_position	female_position	( 0.0 )[	phased data]
1050	0.000	0.000	( 0 )	0---0-0---0- 0 0	---000 0 0	-------- 0 0	------ 0 0	-----11110 0 0	111--- 0 0	111--- 0 0	1-01-0 0 0	---- 0 0	-------- 0 0	---------- 0 0	-1 0 0	--01 0 0	------------ 0 0	----0010 0 0	------ 0 0	-------------- 0 0	---------- 0 0	---------- 0 0	1111010------- 0 0	-----00101 0 0	------001011 0 0	---------- 0 0	-------- 0 0	---- 0 0	011100 0 0	1001---- 0 0	-0-0 0 0	---- 0 0	11110100 0 0
1030	11.300	11.300	( 0 )	0---0-0---0- 0 0	---000 0 0	-------- 0 0	------ 0 0	-----11110 0 0	111--- 0 0	111--- 0 0	1-01-0 0 0	---- 0 0	-------- 0 0	---------- 0 0	-1 0 0	--01 0 0	------------ 0 0	----0010 0 0	------ 0 0	-------------- 0 0	---------- 0 0	---------- 0 0	1111010------- 0 0	-----00101 0 0	------001011 0 0	---------- 0 0	-------- 0 0	---- 0 0	011100 0 0	1001---- 0 0	---- 0 1	---- 0 0	111101-0 0 1
1059	26.295	26.295	( 0 )	------------ 2 3	---000 0 0	-------- 0 0	------ 0 0	-----11110 0 0	111--- 0 0	111--- 0 0	1-01-0 0 0	---- 0 0	-------- 0 0	---------- 0 0	-1 0 0	--01 0 0	------------ 0 0	----0010 0 0	------ 0 0	-------------- 0 0	---------- 0 0	---------- 0 0	1111010------- 0 0	-----00101 0 0	------001011 0 0	---------- 0 0	-------- 0 0	---- 0 0	011100 0 0	1001---- 0 0	---- 0 0	---- 0 0	11110110 0 0
1089	26.295	26.295	( 0 )	------------ 0 0	---000 0 0	-------- 0 0	------ 0 0	-----11110 0 0	111--- 0 0	111--- 0 0	1-01-0 0 0	---- 0 0	-------- 0 0	---------- 0 0	-1 0 0	--01 0 0	------------ 0 0	----0010 0 0	------ 0 0	-------------- 0 0	---------- 0 0	---------- 0 0	1111010------- 0 0	-----00101 0 0	------001011 0 0	---------- 0 0	-------- 0 0	---- 0 0	011100 0 0	1001---- 0 0	---- 0 0	---- 0 0	11110110 0 0
1088	26.295	26.295	( 0 )	------------ 0 0	---000 0 0	-------- 0 0	------ 0 0	-----11110 0 0	111--- 0 0	111--- 0 0	1-01-0 0 0	---- 0 0	-------- 0 0	---------- 0 0	-1 0 0	--01 0 0	------------ 0 0	----0010 0 0	------ 0 0	-------------- 0 0	---------- 0 0	---------- 0 0	1111010------- 0 0	-----00101 0 0	------001011 0 0	---------- 0 0	-------- 0 0	---- 0 0	011100 0 0	1001---- 0 0	---- 0 0	---- 0 0	11110110 0 0
1068	26.295	26.295	( 0 )	------------ 0 0	---000 0 0	-------- 0 0	------ 0 0	-----11110 0 0	111--- 0 0	111--- 0 0	1-01-0 0 0	---- 0 0	-------- 0 0	---------- 0 0	-1 0 0	--01 0 0	------------ 0 0	----0010 0 0	------ 0 0	-------------- 0 0	---------- 0 0	---------- 0 0	1111010------- 0 0	-----00101 0 0	------001011 0 0	---------- 0 0	-------- 0 0	---- 0 0	011100 0 0	1001---- 0 0	---- 0 0	---- 0 0	11110110 0 0
1010	26.295	26.295	( 0 )	------------ 0 0	---000 0 0	-------- 0 0	------ 0 0	-----11110 0 0	111--- 0 0	111--- 0 0	1-01-0 0 0	---- 0 0	-------- 0 0	---------- 0 0	-1 0 0	--01 0 0	------------ 0 0	----0010 0 0	------ 0 0	-------------- 0 0	---------- 0 0	---------- 0 0	1111010------- 0 0	-----00101 0 0	------001011 0 0	---------- 0 0	-------- 0 0	---- 0 0	011100 0 0	1001---- 0 0	---- 0 0	---- 0 0	11110110 0 0
1029	26.295	26.295	( 0 )	------------ 0 0	---000 0 0	-------- 0 0	------ 0 0	-----11110 0 0	111--- 0 0	111--- 0 0	1-01-0 0 0	---- 0 0	-------- 0 0	---------- 0 0	-1 0 0	--01 0 0	------------ 0 0	----0010 0 0	------ 0 0	-------------- 0 0	---------- 0 0	---------- 0 0	1111010------- 0 0	-----00101 0 0	------001011 0 0	---------- 0 0	-------- 0 0	---- 0 0	011100 0 0	1001---- 0 0	---- 0 0	---- 0 0	11110110 0 0
1043	27.811	27.811	( 0 )	------------ 0 0	---000 0 0	-------- 0 0	------ 0 0	-----11110 0 0	111--- 0 0	111--- 0 0	1-01-0 0 0	---- 0 0	-------- 0 0	---------- 0 0	-1 0 0	--01 0 0	------------ 0 0	----0010 0 0	------ 0 0	-------------- 0 0	---------- 0 0	---------- 0 0	1111010------- 0 0	-----00101 0 0	-------01011 0 1	---------- 0 0	-------- 0 0	---- 0 0	011100 0 0	1001---- 0 0	---- 0 0	---- 0 0	11110110 0 0
1045	27.811	27.811	( 0 )	------------ 0 0	---000 0 0	-------- 0 0	------ 0 0	-----11110 0 0	111--- 0 0	111--- 0 0	1-01-0 0 0	---- 0 0	-------- 0 0	---------- 0 0	-1 0 0	--01 0 0	------------ 0 0	----0010 0 0	------ 0 0	-------------- 0 0	---------- 0 0	---------- 0 0	1111010------- 0 0	-----00101 0 0	-------01011 0 0	---------- 0 0	-------- 0 0	---- 0 0	011100 0 0	1001---- 0 0	---- 0 0	---- 0 0	11110110 0 0
1038	27.811	27.811	( 0 )	------------ 0 0	---000 0 0	-------- 0 0	------ 0 0	-----11110 0 0	111--- 0 0	111--- 0 0	1-01-0 0 0	---- 0 0	-------- 0 0	---------- 0 0	-1 0 0	--01 0 0	------------ 0 0	----0010 0 0	------ 0 0	-------------- 0 0	---------- 0 0	---------- 0 0	1111010------- 0 0	-----00101 0 0	------101011 0 0	---------- 0 0	-------- 0 0	---- 0 0	011100 0 0	1001---- 0 0	---- 0 0	---- 0 0	11110110 0 0
1051	27.811	27.811	( 0 )	------------ 0 0	---000 0 0	-------- 0 0	------ 0 0	-----11110 0 0	111--- 0 0	111--- 0 0	1-01-0 0 0	---- 0 0	-------- 0 0	---------- 0 0	-1 0 0	--01 0 0	------------ 0 0	----0010 0 0	------ 0 0	-------------- 0 0	---------- 0 0	---------- 0 0	1111010------- 0 0	-----00101 0 0	------101011 0 0	---------- 0 0	-------- 0 0	---- 0 0	011100 0 0	1001---- 0 0	---- 0 0	---- 0 0	11110110 0 0
1047	27.811	27.811	( 0 )	------------ 0 0	---000 0 0	-------- 0 0	------ 0 0	-----11110 0 0	111--- 0 0	111--- 0 0	1-01-0 0 0	---- 0 0	-------- 0 0	---------- 0 0	-1 0 0	--01 0 0	------------ 0 0	----0010 0 0	------ 0 0	-------------- 0 0	---------- 0 0	---------- 0 0	1111010------- 0 0	-----00101 0 0	------101011 0 0	---------- 0 0	-------- 0 0	---- 0 0	011100 0 0	1001---- 0 0	---- 0 0	---- 0 0	11110110 0 0
1113	27.811	27.811	( 0 )	------------ 0 0	---000 0 0	-------- 0 0	------ 0 0	-----11110 0 0	111--- 0 0	111--- 0 0	1-01-0 0 0	---- 0 0	-------- 0 0	---------- 0 0	-1 0 0	--01 0 0	------------ 0 0	----0010 0 0	------ 0 0	-------------- 0 0	---------- 0 0	---------- 0 0	1111010------- 0 0	-----00101 0 0	------101011 0 0	---------- 0 0	-------- 0 0	---- 0 0	011100 0 0	1001---- 0 0	---- 0 0	---- 0 0	11110110 0 0
1033	27.811	27.811	( 0 )	------------ 0 0	---000 0 0	-------- 0 0	------ 0 0	-----11110 0 0	111--- 0 0	111--- 0 0	1-01-0 0 0	---- 0 0	-------- 0 0	---------- 0 0	-1 0 0	--01 0 0	------------ 0 0	----0010 0 0	------ 0 0	-------------- 0 0	---------- 0 0	---------- 0 0	1111010------- 0 0	-----00101 0 0	------101011 0 0	---------- 0 0	-------- 0 0	---- 0 0	011100 0 0	1001---- 0 0	---- 0 0	---- 0 0	11110110 0 0
1078	27.811	27.811	( 0 )	------------ 0 0	---000 0 0	-------- 0 0	------ 0 0	-----11110 0 0	111--- 0 0	111--- 0 0	1-01-0 0 0	---- 0 0	-------- 0 0	---------- 0 0	-1 0 0	--01 0 0	------------ 0 0	----0010 0 0	------ 0 0	-------------- 0 0	---------- 0 0	---------- 0 0	1111010------- 0 0	-----00101 0 0	------101011 0 0	---------- 0 0	-------- 0 0	---- 0 0	011100 0 0	1001---- 0 0	---- 0 0	---- 0 0	11110110 0 0
1061	27.811	27.811	( 0 )	------------ 0 0	---000 0 0	-------- 0 0	------ 0 0	-----11110 0 0	111--- 0 0	111--- 0 0	1-01-0 0 0	---- 0 0	-------- 0 0	---------- 0 0	-1 0 0	--01 0 0	------------ 0 0	----0010 0 0	------ 0 0	-------------- 0 0	---------- 0 0	---------- 0 0	1111010------- 0 0	-----00101 0 0	------101011 0 0	---------- 0 0	-------- 0 0	---- 0 0	011100 0 0	1001---- 0 0	---- 0 0	---- 0 0	11110110 0 0
1106	27.811	27.811	( 0 )	------------ 0 0	---000 0 0	-------- 0 0	------ 0 0	-----11110 0 0	111--- 0 0	111--- 0 0	1-01-0 0 0	---- 0 0	-------- 0 0	---------- 0 0	-1 0 0	--01 0 0	------------ 0 0	----0010 0 0	------ 0 0	-------------- 0 0	---------- 0 0	---------- 0 0	1111010------- 0 0	-----00101 0 0	------101011 0 0	---------- 0 0	-------- 0 0	---- 0 0	011100 0 0	1001---- 0 0	---- 0 0	---- 0 0	11110110 0 0
1049	27.811	27.811	( 0 )	------------ 0 0	---000 0 0	-------- 0 0	------ 0 0	-----11110 0 0	111--- 0 0	111--- 0 0	1-01-0 0 0	---- 0 0	-------- 0 0	---------- 0 0	-1 0 0	--01 0 0	------------ 0 0	----0010 0 0	------ 0 0	-------------- 0 0	---------- 0 0	---------- 0 0	1111010------- 0 0	-----00101 0 0	------101011 0 0	---------- 0 0	-------- 0 0	---- 0 0	011100 0 0	1001---- 0 0	---- 0 0	---- 0 0	11110110 0 0
1048	27.811	27.811	( 0 )	------------ 0 0	---000 0 0	-------- 0 0	------ 0 0	-----11110 0 0	111--- 0 0	111--- 0 0	1-01-0 0 0	---- 0 0	-------- 0 0	---------- 0 0	-1 0 0	--01 0 0	------------ 0 0	----0010 0 0	------ 0 0	-------------- 0 0	---------- 0 0	---------- 0 0	1111010------- 0 0	-----00101 0 0	------101011 0 0	---------- 0 0	-------- 0 0	---- 0 0	011100 0 0	1001---- 0 0	---- 0 0	---- 0 0	11110110 0 0
1070	27.811	27.811	( 0 )	------------ 0 0	---000 0 0	-------- 0 0	------ 0 0	-----11110 0 0	111--- 0 0	111--- 0 0	1-01-0 0 0	---- 0 0	-------- 0 0	---------- 0 0	-1 0 0	--01 0 0	------------ 0 0	----0010 0 0	------ 0 0	-------------- 0 0	---------- 0 0	---------- 0 0	1111010------- 0 0	-----00101 0 0	------101011 0 0	---------- 0 0	-------- 0 0	---- 0 0	011100 0 0	1001---- 0 0	---- 0 0	---- 0 0	11110110 0 0
1090	27.811	27.811	( 0 )	------------ 0 0	---000 0 0	-------- 0 0	------ 0 0	-----11110 0 0	111--- 0 0	111--- 0 0	1-01-0 0 0	---- 0 0	-------- 0 0	---------- 0 0	-1 0 0	--01 0 0	------------ 0 0	----0010 0 0	------ 0 0	-------------- 0 0	---------- 0 0	---------- 0 0	1111010------- 0 0	-----00101 0 0	------101011 0 0	---------- 0 0	-------- 0 0	---- 0 0	011100 0 0	1001---- 0 0	---- 0 0	---- 0 0	11110110 0 0
1117	27.811	27.811	( 0 )	------------ 0 0	---000 0 0	-------- 0 0	------ 0 0	-----11110 0 0	111--- 0 0	111--- 0 0	1-01-0 0 0	---- 0 0	-------- 0 0	---------- 0 0	-1 0 0	--01 0 0	------------ 0 0	----0010 0 0	------ 0 0	-------------- 0 0	---------- 0 0	---------- 0 0	1111010------- 0 0	-----00101 0 0	------101011 0 0	---------- 0 0	-------- 0 0	---- 0 0	011100 0 0	1001---- 0 0	---- 0 0	---- 0 0	11110110 0 0
1121	27.811	27.811	( 0 )	------------ 0 0	---000 0 0	-------- 0 0	------ 0 0	-----11110 0 0	111--- 0 0	111--- 0 0	1-01-0 0 0	---- 0 0	-------- 0 0	---------- 0 0	-1 0 0	--01 0 0	------------ 0 0	----0010 0 0	------ 0 0	-------------- 0 0	---------- 0 0	---------- 0 0	1111010------- 0 0	-----00101 0 0	------101011 0 0	---------- 0 0	-------- 0 0	---- 0 0	011100 0 0	1001---- 0 0	---- 0 0	---- 0 0	11110110 0 0
1035	27.811	27.811	( 0 )	------------ 0 0	---000 0 0	-------- 0 0	------ 0 0	-----11110 0 0	111--- 0 0	111--- 0 0	1-01-0 0 0	---- 0 0	-------- 0 0	---------- 0 0	-1 0 0	--01 0 0	------------ 0 0	----0010 0 0	------ 0 0	-------------- 0 0	---------- 0 0	---------- 0 0	1111010------- 0 0	-----00101 0 0	------101011 0 0	---------- 0 0	-------- 0 0	---- 0 0	011100 0 0	1001---- 0 0	---- 0 0	---- 0 0	11110110 0 0
1066	27.811	27.811	( 0 )	------------ 0 0	---000 0 0	-------- 0 0	------ 0 0	-----11110 0 0	111--- 0 0	111--- 0 0	1-01-0 0 0	---- 0 0	-------- 0 0	---------- 0 0	-1 0 0	--01 0 0	------------ 0 0	----0010 0 0	------ 0 0	-------------- 0 0	---------- 0 0	---------- 0 0	1111010------- 0 0	-----00101 0 0	------101011 0 0	---------- 0 0	-------- 0 0	---- 0 0	011100 0 0	1001---- 0 0	---- 0 0	---- 0 0	11110110 0 0
1056	27.811	27.811	( 0 )	------------ 0 0	---000 0 0	-------- 0 0	------ 0 0	-----11110 0 0	111--- 0 0	111--- 0 0	1-01-0 0 0	---- 0 0	-------- 0 0	---------- 0 0	-1 0 0	--01 0 0	------------ 0 0	----0010 0 0	------ 0 0	-------------- 0 0	---------- 0 0	---------- 0 0	1111010------- 0 0	-----00101 0 0	------101011 0 0	---------- 0 0	-------- 0 0	---- 0 0	011100 0 0	1001---- 0 0	---- 0 0	---- 0 0	11110110 0 0
1114	27.811	27.811	( 0 )	1---111---11 0 0	---000 0 0	-------- 0 0	------ 0 0	-----11110 0 0	111--- 0 0	111--- 0 0	1-01-0 0 0	---- 0 0	-------- 0 0	---------- 0 0	-1 0 0	--01 0 0	------------ 0 0	----0010 0 0	------ 0 0	-------------- 0 0	---------- 0 0	---------- 0 0	1111010------- 0 0	-----00101 0 0	------101011 0 0	---------- 0 0	-------- 0 0	---- 0 0	011100 0 0	1001---- 0 0	---- 0 0	---- 0 0	11110110 0 0
1091	27.811	27.811	( 0 )	1---111---11 0 0	---000 0 0	-------- 0 0	------ 0 0	-----11110 0 0	111--- 0 0	111--- 0 0	1-01-0 0 0	---- 0 0	-------- 0 0	---------- 0 0	-1 0 0	--01 0 0	------------ 0 0	----0010 0 0	------ 0 0	-------------- 0 0	---------- 0 0	---------- 0 0	1111010------- 0 0	-----00101 0 0	------101011 0 0	---------- 0 0	-------- 0 0	---- 0 0	011100 0 0	1001---- 0 0	---- 0 0	---- 0 0	11110110 0 0
1104	27.811	27.811	( 0 )	1---111---11 0 0	---000 0 0	-------- 0 0	------ 0 0	-----11110 0 0	111--- 0 0	111--- 0 0	1-01-0 0 0	---- 0 0	-------- 0 0	---------- 0 0	-1 0 0	--01 0 0	------------ 0 0	----0010 0 0	------ 0 0	-------------- 0 0	---------- 0 0	---------- 0 0	1111010------- 0 0	-----00101 0 0	------101011 0 0	---------- 0 0	-------- 0 0	---- 0 0	011100 0 0	1001---- 0 0	---- 0 0	---- 0 0	11110110 0 0
1131	27.811	27.811	( 0 )	1---111---11 0 0	---000 0 0	-------- 0 0	------ 0 0	-----11110 0 0	111--- 0 0	111--- 0 0	1-01-0 0 0	---- 0 0	-------- 0 0	---------- 0 0	-1 0 0	--01 0 0	------------ 0 0	----0010 0 0	------ 0 0	-------------- 0 0	---------- 0 0	---------- 0 0	1111010------- 0 0	-----00101 0 0	------101011 0 0	---------- 0 0	-------- 0 0	---- 0 0	011100 0 0	1001---- 0 0	---- 0 0	---- 0 0	11110110 0 0
1034	27.811	27.811	( 0 )	1---111---11 0 0	---000 0 0	-------- 0 0	------ 0 0	-----11110 0 0	111--- 0 0	111--- 0 0	1-01-0 0 0	---- 0 0	-------- 0 0	---------- 0 0	-1 0 0	--01 0 0	------------ 0 0	----0010 0 0	------ 0 0	-------------- 0 0	---------- 0 0	---------- 0 0	1111010------- 0 0	-----00101 0 0	------101011 0 0	---------- 0 0	-------- 0 0	---- 0 0	011100 0 0	1001---- 0 0	---- 0 0	---- 0 0	11110110 0 0
1109	27.811	27.811	( 0 )	1---111---11 0 0	---000 0 0	-------- 0 0	------ 0 0	-----11110 0 0	111--- 0 0	111--- 0 0	1-01-0 0 0	---- 0 0	-------- 0 0	---------- 0 0	-1 0 0	--01 0 0	------------ 0 0	----0010 0 0	------ 0 0	-------------- 0 0	---------- 0 0	---------- 0 0	1111010------- 0 0	-----00101 0 0	------101011 0 0	---------- 0 0	-------- 0 0	---- 0 0	011100 0 0	1001---- 0 0	---- 0 0	---- 0 0	11110110 0 0
1055	27.811	27.811	( 0 )	1---111---11 0 0	---000 0 0	-------- 0 0	------ 0 0	-----11110 0 0	111--- 0 0	111--- 0 0	1-01-0 0 0	---- 0 0	-------- 0 0	---------- 0 0	-1 0 0	--01 0 0	------------ 0 0	----0010 0 0	------ 0 0	-------------- 0 0	---------- 0 0	---------- 0 0	1111010------- 0 0	-----00101 0 0	------101011 0 0	---------- 0 0	-------- 0 0	---- 0 0	011100 0 0	1001---- 0 0	---- 0 0	---- 0 0	11110110 0 0
1058	27.811	27.811	( 0 )	1---111---11 0 0	---000 0 0	-------- 0 0	------ 0 0	-----11110 0 0	111--- 0 0	111--- 0 0	1-01-0 0 0	---- 0 0	-------- 0 0	---------- 0 0	-1 0 0	--01 0 0	------------ 0 0	----0010 0 0	------ 0 0	-------------- 0 0	---------- 0 0	---------- 0 0	1111010------- 0 0	-----00101 0 0	------101011 0 0	---------- 0 0	-------- 0 0	---- 0 0	011100 0 0	1001---- 0 0	---- 0 0	---- 0 0	11110110 0 0
1042	27.811	27.811	( 0 )	1---111---11 0 0	---000 0 0	-------- 0 0	------ 0 0	-----11110 0 0	111--- 0 0	111--- 0 0	1-01-0 0 0	---- 0 0	-------- 0 0	---------- 0 0	-1 0 0	--01 0 0	------------ 0 0	----0010 0 0	------ 0 0	-------------- 0 0	---------- 0 0	---------- 0 0	1111010------- 0 0	-----00101 0 0	------101011 0 0	---------- 0 0	-------- 0 0	---- 0 0	011100 0 0	1001---- 0 0	---- 0 0	---- 0 0	11110110 0 0
1057	27.811	27.811	( 0 )	1---111---11 0 0	---000 0 0	-------- 0 0	------ 0 0	-----11110 0 0	111--- 0 0	111--- 0 0	1-01-0 0 0	---- 0 0	-------- 0 0	---------- 0 0	-1 0 0	--01 0 0	------------ 0 0	----0010 0 0	------ 0 0	-------------- 0 0	---------- 0 0	---------- 0 0	1111010------- 0 0	-----00101 0 0	------101011 0 0	---------- 0 0	-------- 0 0	---- 0 0	011100 0 0	1001---- 0 0	---- 0 0	---- 0 0	11110110 0 0
1032	27.811	27.811	( 0 )	1---111---11 0 0	---000 0 0	-------- 0 0	------ 0 0	-----11110 0 0	111--- 0 0	111--- 0 0	1-01-0 0 0	---- 0 0	-------- 0 0	---------- 0 0	-1 0 0	--01 0 0	------------ 0 0	----0010 0 0	------ 0 0	-------------- 0 0	---------- 0 0	---------- 0 0	1111010------- 0 0	-----00101 0 0	------101011 0 0	---------- 0 0	-------- 0 0	---- 0 0	011100 0 0	1001---- 0 0	---- 0 0	---- 0 0	11110110 0 0
1036	27.811	27.811	( 0 )	1---111---11 0 0	---000 0 0	-------- 0 0	------ 0 0	-----11110 0 0	111--- 0 0	111--- 0 0	1-01-0 0 0	---- 0 0	-------- 0 0	---------- 0 0	-1 0 0	--01 0 0	------------ 0 0	----0010 0 0	------ 0 0	-------------- 0 0	---------- 0 0	---------- 0 0	1111010------- 0 0	-----00101 0 0	------101011 0 0	---------- 0 0	-------- 0 0	---- 0 0	011100 0 0	1001---- 0 0	---- 0 0	---- 0 0	11110110 0 0
1110	27.811	27.811	( 0 )	1---111---11 0 0	---000 0 0	-------- 0 0	------ 0 0	-----11110 0 0	111--- 0 0	111--- 0 0	1-01-0 0 0	---- 0 0	-------- 0 0	---------- 0 0	-1 0 0	--01 0 0	------------ 0 0	----0010 0 0	------ 0 0	-------------- 0 0	---------- 0 0	---------- 0 0	1111010------- 0 0	-----00101 0 0	------101011 0 0	---------- 0 0	-------- 0 0	---- 0 0	011100 0 0	1001---- 0 0	---- 0 0	---- 0 0	11110110 0 0
1130	27.811	27.811	( 0 )	1---111---11 0 0	---000 0 0	-------- 0 0	------ 0 0	-----11110 0 0	111--- 0 0	111--- 0 0	1-01-0 0 0	---- 0 0	-------- 0 0	---------- 0 0	-1 0 0	--01 0 0	------------ 0 0	----0010 0 0	------ 0 0	-------------- 0 0	---------- 0 0	---------- 0 0	1111010------- 0 0	-----00101 0 0	------101011 0 0	---------- 0 0	-------- 0 0	---- 0 0	011100 0 0	1001---- 0 0	---- 0 0	---- 0 0	11110110 0 0
1082	27.811	27.811	( 0 )	1---111---11 0 0	---000 0 0	-------- 0 0	------ 0 0	-----11110 0 0	111--- 0 0	111--- 0 0	1-01-0 0 0	---- 0 0	-------- 0 0	---------- 0 0	-1 0 0	--01 0 0	------------ 0 0	----0010 0 0	------ 0 0	-------------- 0 0	---------- 0 0	---------- 0 0	1111010------- 0 0	-----00101 0 0	------101011 0 0	---------- 0 0	-------- 0 0	---- 0 0	011100 0 0	1001---- 0 0	---- 0 0	---- 0 0	11110110 0 0
1115	27.811	27.811	( 0 )	1---111---11 0 0	---000 0 0	-------- 0 0	------ 0 0	-----11110 0 0	111--- 0 0	111--- 0 0	1-01-0 0 0	---- 0 0	-------- 0 0	---------- 0 0	-1 0 0	--01 0 0	------------ 0 0	----0010 0 0	------ 0 0	-------------- 0 0	---------- 0 0	---------- 0 0	1111010------- 0 0	-----00101 0 0	------101011 0 0	---------- 0 0	-------- 0 0	---- 0 0	011100 0 0	1001---- 0 0	---- 0 0	---- 0 0	11110110 0 0
1095	27.811	27.811	( 0 )	1---111---11 0 0	---000 0 0	-------- 0 0	------ 0 0	-----11110 0 0	111--- 0 0	111--- 0 0	1-01-0 0 0	---- 0 0	-------- 0 0	---------- 0 0	-1 0 0	--01 0 0	------------ 0 0	----0010 0 0	------ 0 0	-------------- 0 0	---------- 0 0	---------- 0 0	1111010------- 0 0	-----00101 0 0	------101011 0 0	---------- 0 0	-------- 0 0	---- 0 0	011100 0 0	1001---- 0 0	---- 0 0	---- 0 0	11110110 0 0
1087	27.811	27.811	( 0 )	1---111---11 0 0	---000 0 0	-------- 0 0	------ 0 0	-----11110 0 0	111--- 0 0	111--- 0 0	1-01-0 0 0	---- 0 0	-------- 0 0	---------- 0 0	-1 0 0	--01 0 0	------------ 0 0	----0010 0 0	------ 0 0	-------------- 0 0	---------- 0 0	---------- 0 0	1111010------- 0 0	-----00101 0 0	------101011 0 0	---------- 0 0	-------- 0 0	---- 0 0	011100 0 0	1001---- 0 0	---- 0 0	---- 0 0	11110110 0 0
1067	27.811	27.811	( 0 )	1---111---11 0 0	---000 0 0	-------- 0 0	------ 0 0	-----11110 0 0	111--- 0 0	111--- 0 0	1-01-0 0 0	---- 0 0	-------- 0 0	---------- 0 0	-1 0 0	--01 0 0	------------ 0 0	----0010 0 0	------ 0 0	-------------- 0 0	---------- 0 0	---------- 0 0	1111010------- 0 0	-----00101 0 0	------101011 0 0	---------- 0 0	-------- 0 0	---- 0 0	011100 0 0	1001---- 0 0	---- 0 0	---- 0 0	11110110 0 0
1037	27.811	27.811	( 0 )	1---111---11 0 0	---000 0 0	-------- 0 0	------ 0 0	-----11110 0 0	111--- 0 0	111--- 0 0	1-01-0 0 0	---- 0 0	-------- 0 0	---------- 0 0	-1 0 0	--01 0 0	------------ 0 0	----0010 0 0	------ 0 0	-------------- 0 0	---------- 0 0	---------- 0 0	1111010------- 0 0	-----00101 0 0	------101011 0 0	---------- 0 0	-------- 0 0	---- 0 0	011100 0 0	1001---- 0 0	---- 0 0	---- 0 0	11110110 0 0
1112	30.085	30.085	( 0 )	1---111---11 0 0	---0-0 0 1	-------- 0 0	------ 0 0	-----11110 0 0	111--- 0 0	111--- 0 0	1-01-0 0 0	---- 0 0	-------- 0 0	---------- 0 0	-1 0 0	--01 0 0	------------ 0 0	----0010 0 0	------ 0 0	-------------- 0 0	---------- 0 0	---------- 0 0	1111010------- 0 0	-----00101 0 0	------101011 0 0	---------- 0 0	-------- 0 0	---- 0 0	011100 0 0	1001---- 0 0	---- 0 0	---- 0 0	11110110 0 0
1080	30.085	30.085	( 0 )	1---111---11 0 0	---0-0 0 0	-------- 0 0	------ 0 0	-----11110 0 0	111--- 0 0	111--- 0 0	1-01-0 0 0	---- 0 0	-------- 0 0	---------- 0 0	-1 0 0	--01 0 0	------------ 0 0	----0010 0 0	------ 0 0	-------------- 0 0	---------- 0 0	---------- 0 0	1111010------- 0 0	-----00101 0 0	------101011 0 0	---------- 0 0	-------- 0 0	---- 0 0	011100 0 0	1001---- 0 0	---- 0 0	---- 0 0	11110110 0 0
1092	30.085	30.085	( 0 )	1---111---11 0 0	---0-0 0 0	-------- 0 0	------ 0 0	-----11110 0 0	111--- 0 0	111--- 0 0	1-01-0 0 0	---- 0 0	-------- 0 0	---------- 0 0	-1 0 0	--01 0 0	------------ 0 0	----0010 0 0	------ 0 0	-------------- 0 0	---------- 0 0	---------- 0 0	1111010------- 0 0	-----00101 0 0	------101011 0 0	---------- 0 0	-------- 0 0	---- 0 0	011100 0 0	1001---- 0 0	---- 0 0	---- 0 0	11110110 0 0
1102	30.085	30.085	( 0 )	1---111---11 0 0	---0-0 0 0	-------- 0 0	------ 0 0	-----11110 0 0	111--- 0 0	111--- 0 0	1-01-0 0 0	---- 0 0	-------- 0 0	---------- 0 0	-1 0 0	--01 0 0	------------ 0 0	----0010 0 0	------ 0 0	-------------- 0 0	---------- 0 0	---------- 0 0	1111010------- 0 0	-----00101 0 0	------101011 0 0	---------- 0 0	-------- 0 0	---- 0 0	011100 0 0	1001---- 0 0	---- 0 0	---- 0 0	11110110 0 0
1065	30.085	30.085	( 0 )	1---111---11 0 0	---010 0 0	-------- 0 0	------ 0 0	-----11110 0 0	111--- 0 0	111--- 0 0	1-01-0 0 0	---- 0 0	-------- 0 0	---------- 0 0	-1 0 0	--01 0 0	------------ 0 0	----0010 0 0	------ 0 0	-------------- 0 0	---------- 0 0	---------- 0 0	1111010------- 0 0	-----00101 0 0	------101011 0 0	---------- 0 0	-------- 0 0	---- 0 0	011100 0 0	1001---- 0 0	---- 0 0	---- 0 0	11110110 0 0
