#java OrderMarkers2 map=map4_14_js.txt data=data_f.call useKosambi=1 numMergeIterations=100 sexAveraged=1 outputPhasedData=2 grandparentPhase=1 chromosome=2 randSeed=-6172682460428222623
#*** LG = 2 likelihood = -155.4838
#marker_number	male_position	female_position	( 0.0 )[	phased data]
10565	0.000	0.000	( 0 )	------------ 0 0	------ 0 0	----0001 0 0	------ 0 0	10111----- 0 0	111111 0 0	------ 0 0	---111 0 0	1100 0 0	-------- 0 0	---------- 0 0	1- 0 0	---- 0 0	0-000-0-000- 0 0	10011001 0 0	111--- 0 0	-------------- 0 0	1011110101 0 0	-----00000 0 0	11110101111101 0 0	-11---11-- 0 0	000100------ 0 0	---------- 0 0	-------- 0 0	11-- 0 0	111001 0 0	1111---- 0 0	10-- 0 0	--00 0 0	11100000 0 0
10631	3.854	3.854	( 0 )	------------ 0 0	------ 0 0	----0001 0 0	------ 0 0	10111----- 0 0	111111 0 0	------ 0 0	---111 0 0	1100 0 0	-------- 0 0	---------- 0 0	1- 0 0	---- 0 0	0-000-0-000- 0 0	10011001 0 0	111--- 0 0	-------------- 0 0	1011110101 0 0	-----00001 0 1	11110101111101 0 0	-11---11-- 0 0	000100------ 0 0	---------- 0 0	-------- 0 0	11-- 0 0	111001 0 0	1111---- 0 0	10-- 0 0	--00 0 0	11100000 0 0
10620	6.634	6.634	( 0 )	------------ 0 0	------ 0 0	----0001 0 0	------ 0 0	10111----- 0 0	111111 0 0	------ 0 0	---111 0 0	1100 0 0	-------- 0 0	---------- 0 0	1- 0 0	---- 0 0	0-000-0-000- 0 0	10-11001 1 0	111--- 0 0	-------------- 0 0	1011110101 0 0	-----00001 0 0	11110101111101 0 0	-11---11-- 0 0	000100------ 0 0	---------- 0 0	-------- 0 0	11-- 0 0	111001 0 0	1111---- 0 0	10-- 0 0	--00 0 0	11100000 0 0
10612	6.634	6.634	( 0 )	------------ 0 0	------ 0 0	----0001 0 0	------ 0 0	10111----- 0 0	111111 0 0	------ 0 0	---111 0 0	1100 0 0	-------- 0 0	---------- 0 0	1- 0 0	---- 0 0	0-000-0-000- 0 0	10-11001 0 0	111--- 0 0	-------------- 0 0	1011110101 0 0	-----00001 0 0	11110101111101 0 0	-11---11-- 0 0	000100------ 0 0	---------- 0 0	-------- 0 0	11-- 0 0	111001 0 0	1111---- 0 0	10-- 0 0	--00 0 0	11100000 0 0
10577	6.634	6.634	( 0 )	------------ 0 0	------ 0 0	----0001 0 0	------ 0 0	10111----- 0 0	111111 0 0	------ 0 0	---111 0 0	1100 0 0	-------- 0 0	---------- 0 0	1- 0 0	---- 0 0	0-000-0-000- 0 0	10-11001 0 0	111--- 0 0	-------------- 0 0	1011110101 0 0	-----00001 0 0	11110101111101 0 0	-11---11-- 0 0	000100------ 0 0	---------- 0 0	-------- 0 0	11-- 0 0	111001 0 0	1111---- 0 0	10-- 0 0	--00 0 0	11100000 0 0
10574	20.655	20.655	( 0 )	------------ 0 0	------ 0 0	----0001 0 0	------ 0 0	10111----- 0 0	------ 3 3	------ 0 0	---111 0 0	1100 0 0	-------- 0 0	---------- 0 0	1- 0 0	---- 0 0	0-000-0-000- 0 0	10-11001 0 0	111--- 0 0	-------------- 0 0	1011110101 0 0	-----00001 0 0	11110101111101 0 0	-11---11-- 0 0	000100------ 0 0	---------- 0 0	-------- 0 0	11-- 0 0	111001 0 0	1111---- 0 0	10-- 0 0	--00 0 0	11100000 0 0
10651	20.655	20.655	( 0 )	------------ 0 0	------ 0 0	----0001 0 0	------ 0 0	10111----- 0 0	------ 0 0	------ 0 0	---111 0 0	1100 0 0	-------- 0 0	---------- 0 0	1- 0 0	---- 0 0	0-000-0-000- 0 0	10-11001 0 0	111--- 0 0	-------------- 0 0	1011110101 0 0	-----00001 0 0	11110101111101 0 0	-11---11-- 0 0	000100------ 0 0	---------- 0 0	-------- 0 0	11-- 0 0	111001 0 0	1111---- 0 0	10-- 0 0	--00 0 0	11100000 0 0
10610	20.655	20.655	( 0 )	------------ 0 0	------ 0 0	----0001 0 0	------ 0 0	10111----- 0 0	------ 0 0	------ 0 0	---111 0 0	1100 0 0	-------- 0 0	---------- 0 0	1- 0 0	---- 0 0	0-000-0-000- 0 0	10-11001 0 0	111--- 0 0	-------------- 0 0	1011110101 0 0	-----00001 0 0	11110101111101 0 0	-11---11-- 0 0	000100------ 0 0	---------- 0 0	-------- 0 0	11-- 0 0	111001 0 0	1111---- 0 0	10-- 0 0	--00 0 0	11100000 0 0
10563	20.655	20.655	( 0 )	------------ 0 0	------ 0 0	----0001 0 0	------ 0 0	10111----- 0 0	000000 0 0	------ 0 0	---111 0 0	1100 0 0	-------- 0 0	---------- 0 0	1- 0 0	---- 0 0	0-000-0-000- 0 0	10-11001 0 0	111--- 0 0	-------------- 0 0	1011110101 0 0	-----00001 0 0	11110101111101 0 0	-11---11-- 0 0	000100------ 0 0	---------- 0 0	-------- 0 0	11-- 0 0	111001 0 0	1111---- 0 0	10-- 0 0	--00 0 0	11100000 0 0
10566	20.655	20.655	( 0 )	------------ 0 0	------ 0 0	----0001 0 0	------ 0 0	10111----- 0 0	000000 0 0	------ 0 0	---111 0 0	1100 0 0	-------- 0 0	---------- 0 0	1- 0 0	---- 0 0	0-000-0-000- 0 0	10-11001 0 0	111--- 0 0	-------------- 0 0	1011110101 0 0	-----00001 0 0	11110101111101 0 0	-11---11-- 0 0	000100------ 0 0	---------- 0 0	-------- 0 0	11-- 0 0	111001 0 0	1111---- 0 0	10-- 0 0	--00 0 0	11100000 0 0
10581	22.831	22.831	( 0 )	------------ 0 0	------ 0 0	----00-1 0 1	------ 0 0	10111----- 0 0	000000 0 0	------ 0 0	---111 0 0	1100 0 0	-------- 0 0	---------- 0 0	1- 0 0	---- 0 0	0-000-0-000- 0 0	10-11001 0 0	111--- 0 0	-------------- 0 0	1011110101 0 0	-----00001 0 0	11110101111101 0 0	-11---11-- 0 0	000100------ 0 0	---------- 0 0	-------- 0 0	11-- 0 0	111001 0 0	1111---- 0 0	10-- 0 0	--00 0 0	11100000 0 0
10619	22.831	22.831	( 0 )	------------ 0 0	------ 0 0	----00-1 0 0	------ 0 0	10111----- 0 0	000000 0 0	------ 0 0	---111 0 0	1100 0 0	-------- 0 0	---------- 0 0	1- 0 0	---- 0 0	0-000-0-000- 0 0	10-11001 0 0	111--- 0 0	-------------- 0 0	1011110101 0 0	-----00001 0 0	11110101111101 0 0	-11---11-- 0 0	000100------ 0 0	---------- 0 0	-------- 0 0	11-- 0 0	111001 0 0	1111---- 0 0	10-- 0 0	--00 0 0	11100000 0 0
10630	22.831	22.831	( 0 )	------------ 0 0	------ 0 0	----00-1 0 0	------ 0 0	10111----- 0 0	000000 0 0	------ 0 0	---111 0 0	1100 0 0	-------- 0 0	---------- 0 0	1- 0 0	---- 0 0	0-000-0-000- 0 0	10-11001 0 0	111--- 0 0	-------------- 0 0	1011110101 0 0	-----00001 0 0	11110101111101 0 0	-11---11-- 0 0	000100------ 0 0	---------- 0 0	-------- 0 0	11-- 0 0	111001 0 0	1111---- 0 0	10-- 0 0	--00 0 0	11100000 0 0
10564	22.831	22.831	( 0 )	------------ 0 0	------ 0 0	----0011 0 0	------ 0 0	10111----- 0 0	000000 0 0	------ 0 0	---111 0 0	1100 0 0	-------- 0 0	---------- 0 0	1- 0 0	---- 0 0	0-000-0-000- 0 0	10-11001 0 0	111--- 0 0	-------------- 0 0	1011110101 0 0	-----00001 0 0	11110101111101 0 0	-11---11-- 0 0	000100------ 0 0	---------- 0 0	-------- 0 0	11-- 0 0	111001 0 0	1111---- 0 0	10-- 0 0	--00 0 0	11100000 0 0
10553	27.254	27.254	( 0 )	------------ 0 0	------ 0 0	----0011 0 0	------ 0 0	10111----- 0 0	000000 0 0	------ 0 0	---111 0 0	1100 0 0	-------- 0 0	---------- 0 0	1- 0 0	---- 0 0	0-000-0-000- 0 0	10-11001 0 0	111--- 0 0	-------------- 0 0	1011110101 0 0	-----00001 0 0	11110101111101 0 0	-11---11-- 0 0	-00100------ 1 0	---------- 0 0	-------- 0 0	11-- 0 0	-11001 1 0	1111---- 0 0	1--- 1 0	--00 0 0	11100000 0 0
10561	27.254	27.254	( 0 )	------------ 0 0	------ 0 0	----0011 0 0	------ 0 0	10111----- 0 0	000000 0 0	------ 0 0	---111 0 0	1100 0 0	-------- 0 0	---------- 0 0	1- 0 0	---- 0 0	0-000-0-000- 0 0	10-11001 0 0	111--- 0 0	-------------- 0 0	1011110101 0 0	-----00001 0 0	11110101111101 0 0	-11---11-- 0 0	-00100------ 0 0	---------- 0 0	-------- 0 0	11-- 0 0	-11001 0 0	1111---- 0 0	1--- 0 0	--00 0 0	11100000 0 0
10570	29.040	29.040	( 0 )	------------ 0 0	------ 0 0	----0011 0 0	------ 0 0	10111----- 0 0	000000 0 0	------ 0 0	---111 0 0	1100 0 0	-------- 0 0	---------- 0 0	1- 0 0	---- 0 0	0-000-0-000- 0 0	10-11001 0 0	111--- 0 0	-------------- 0 0	1011110101 0 0	-----00001 0 0	11110101111101 0 0	-1----1--- 0 1	-00100------ 0 0	---------- 0 0	-------- 0 0	11-- 0 0	-11001 0 0	1111---- 0 0	1--- 0 0	--00 0 0	11100000 0 0
10594	29.040	29.040	( 0 )	------------ 0 0	------ 0 0	----0011 0 0	------ 0 0	10111----- 0 0	000000 0 0	------ 0 0	---111 0 0	1100 0 0	-------- 0 0	---------- 0 0	1- 0 0	---- 0 0	0-000-0-000- 0 0	10-11001 0 0	111--- 0 0	-------------- 0 0	1011110101 0 0	-----00001 0 0	11110101111101 0 0	-1----1--- 0 0	-00100------ 0 0	---------- 0 0	-------- 0 0	11-- 0 0	-11001 0 0	1111---- 0 0	1--- 0 0	--00 0 0	11100000 0 0
10609	29.040	29.040	( 0 )	------------ 0 0	------ 0 0	----0011 0 0	------ 0 0	10111----- 0 0	000000 0 0	------ 0 0	---111 0 0	1100 0 0	-------- 0 0	---------- 0 0	1- 0 0	---- 0 0	0-000-0-000- 0 0	10-11001 0 0	111--- 0 0	-------------- 0 0	1011110101 0 0	-----00001 0 0	11110101111101 0 0	-1----1--- 0 0	-00100------ 0 0	---------- 0 0	-------- 0 0	11-- 0 0	-11001 0 0	1111---- 0 0	1--- 0 0	--00 0 0	11100000 0 0
10624	29.040	29.040	( 0 )	------------ 0 0	------ 0 0	----0011 0 0	------ 0 0	10111----- 0 0	000000 0 0	------ 0 0	---111 0 0	1100 0 0	-------- 0 0	---------- 0 0	1- 0 0	---- 0 0	0-000-0-000- 0 0	10-11001 0 0	111--- 0 0	-------------- 0 0	1011110101 0 0	-----00001 0 0	11110101111101 0 0	-1----1--- 0 0	-00100------ 0 0	---------- 0 0	-------- 0 0	11-- 0 0	-11001 0 0	1111---- 0 0	1--- 0 0	--00 0 0	11100000 0 0
10579	29.040	29.040	( 0 )	------------ 0 0	------ 0 0	----0011 0 0	------ 0 0	10111----- 0 0	000000 0 0	------ 0 0	---111 0 0	1100 0 0	-------- 0 0	---------- 0 0	1- 0 0	---- 0 0	0-000-0-000- 0 0	10-11001 0 0	111--- 0 0	-------------- 0 0	1011110101 0 0	-----00001 0 0	11110101111101 0 0	-1----1--- 0 0	100100------ 0 0	---------- 0 0	-------- 0 0	11-- 0 0	-11001 0 0	1111---- 0 0	1--- 0 0	--00 0 0	11100000 0 0
10590	34.950	34.950	( 0 )	------------ 0 0	------ 0 0	----0011 0 0	------ 0 0	10111----- 0 0	000000 0 0	------ 0 0	---111 0 0	1100 0 0	-------- 0 0	---------- 0 0	1- 0 0	---- 0 0	0-000-0-000- 0 0	10-11001 0 0	111--- 0 0	-------------- 0 0	1011110101 0 0	-----00001 0 0	11110101111101 0 0	-1----1--- 0 0	1----0------ 4 0	---------- 0 0	-------- 0 0	11-- 0 0	-11001 0 0	1111---- 0 0	1--- 0 0	--00 0 0	11100000 0 0
10582	34.950	34.950	( 0 )	------------ 0 0	------ 0 0	----0011 0 0	------ 0 0	10111----- 0 0	000000 0 0	------ 0 0	---111 0 0	1100 0 0	-------- 0 0	---------- 0 0	1- 0 0	---- 0 0	0-000-0-000- 0 0	10-11001 0 0	111--- 0 0	-------------- 0 0	1011110101 0 0	-----00001 0 0	11110101111101 0 0	-1----1--- 0 0	1----0------ 0 0	---------- 0 0	-------- 0 0	11-- 0 0	-11001 0 0	1111---- 0 0	1--- 0 0	--00 0 0	11100000 0 0
10587	34.950	34.950	( 0 )	------------ 0 0	------ 0 0	----0011 0 0	------ 0 0	10111----- 0 0	000000 0 0	------ 0 0	---111 0 0	1100 0 0	-------- 0 0	---------- 0 0	1- 0 0	---- 0 0	0-000-0-000- 0 0	10-11001 0 0	111--- 0 0	-------------- 0 0	1011110101 0 0	-----00001 0 0	11110101111101 0 0	-1----1--- 0 0	1----0------ 0 0	---------- 0 0	-------- 0 0	11-- 0 0	-11001 0 0	1111---- 0 0	1--- 0 0	--00 0 0	11100000 0 0
10543	34.950	34.950	( 0 )	------------ 0 0	------ 0 0	----0011 0 0	------ 0 0	10111----- 0 0	000000 0 0	------ 0 0	---111 0 0	1100 0 0	-------- 0 0	---------- 0 0	1- 0 0	---- 0 0	0-000-0-000- 0 0	10-11001 0 0	111--- 0 0	-------------- 0 0	1011110101 0 0	-----00001 0 0	11110101111101 0 0	-1----1--- 0 0	1----0------ 0 0	---------- 0 0	-------- 0 0	11-- 0 0	-11001 0 0	1111---- 0 0	1--- 0 0	--00 0 0	11100000 0 0
10605	34.950	34.950	( 0 )	------------ 0 0	------ 0 0	----0011 0 0	------ 0 0	10111----- 0 0	000000 0 0	------ 0 0	---111 0 0	1100 0 0	-------- 0 0	---------- 0 0	1- 0 0	---- 0 0	0-000-0-000- 0 0	10-11001 0 0	111--- 0 0	-------------- 0 0	1011110101 0 0	-----00001 0 0	11110101111101 0 0	-1----1--- 0 0	1----0------ 0 0	---------- 0 0	-------- 0 0	11-- 0 0	-11001 0 0	1111---- 0 0	1--- 0 0	--00 0 0	11100000 0 0
10623	39.907	39.907	( 0 )	------------ 0 0	------ 0 0	----0011 0 0	------ 0 0	10111----- 0 0	000000 0 0	------ 0 0	---111 0 0	1100 0 0	-------- 0 0	---------- 0 0	1- 0 0	---- 0 0	0-000-0-000- 0 0	10-11001 0 0	111--- 0 0	-------------- 0 0	1011110101 0 0	-----00001 0 0	11110101111101 0 0	---------- 2 1	111010------ 0 0	---------- 0 0	-------- 0 0	11-- 0 0	-11001 0 0	1111---- 0 0	1--- 0 0	--00 0 0	11100000 0 0
10548	41.378	41.378	( 0 )	------------ 0 0	------ 0 0	----0011 0 0	------ 0 0	10111----- 0 0	000000 0 0	------ 0 0	---111 0 0	1100 0 0	-------- 0 0	---------- 0 0	1- 0 0	---- 0 0	0-000-0-000- 0 0	10-11001 0 0	111--- 0 0	-------------- 0 0	1011110101 0 0	-----00001 0 0	11110101111101 0 0	---------- 0 0	11101------- 1 0	---------- 0 0	-------- 0 0	11-- 0 0	-11001 0 0	1111---- 0 0	1--- 0 0	--00 0 0	11100000 0 0
10583	41.378	41.378	( 0 )	------------ 0 0	------ 0 0	----0011 0 0	------ 0 0	10111----- 0 0	000000 0 0	------ 0 0	---111 0 0	1100 0 0	-------- 0 0	---------- 0 0	1- 0 0	---- 0 0	0-000-0-000- 0 0	10-11001 0 0	111--- 0 0	-------------- 0 0	1011110101 0 0	-----00001 0 0	11110101111101 0 0	---------- 0 0	11101------- 0 0	---------- 0 0	-------- 0 0	11-- 0 0	-11001 0 0	1111---- 0 0	1--- 0 0	--00 0 0	11100000 0 0
10578	41.378	41.378	( 0 )	------------ 0 0	------ 0 0	----0011 0 0	------ 0 0	10111----- 0 0	000000 0 0	------ 0 0	---111 0 0	1100 0 0	-------- 0 0	---------- 0 0	1- 0 0	---- 0 0	0-000-0-000- 0 0	10-11001 0 0	111--- 0 0	-------------- 0 0	1011110101 0 0	-----00001 0 0	11110101111101 0 0	---------- 0 0	11101------- 0 0	---------- 0 0	-------- 0 0	11-- 0 0	-11001 0 0	1111---- 0 0	1--- 0 0	--00 0 0	11100000 0 0
10628	41.378	41.378	( 0 )	------------ 0 0	------ 0 0	----0011 0 0	------ 0 0	10111----- 0 0	000000 0 0	------ 0 0	---111 0 0	1100 0 0	-------- 0 0	---------- 0 0	1- 0 0	---- 0 0	0-000-0-000- 0 0	10-11001 0 0	111--- 0 0	-------------- 0 0	1011110101 0 0	-----00001 0 0	11110101111101 0 0	---------- 0 0	11101------- 0 0	---------- 0 0	-------- 0 0	11-- 0 0	-11001 0 0	1111---- 0 0	11-- 0 0	--00 0 0	11100000 0 0
10633	41.378	41.378	( 0 )	------------ 0 0	------ 0 0	----0011 0 0	------ 0 0	10111----- 0 0	000000 0 0	------ 0 0	---111 0 0	1100 0 0	-------- 0 0	---------- 0 0	1- 0 0	---- 0 0	0-000-0-000- 0 0	10-11001 0 0	111--- 0 0	-------------- 0 0	1011110101 0 0	-----00001 0 0	11110101111101 0 0	---------- 0 0	11101------- 0 0	---------- 0 0	-------- 0 0	11-- 0 0	-11001 0 0	1111---- 0 0	11-- 0 0	--00 0 0	11100000 0 0
10586	41.378	41.378	( 0 )	------------ 0 0	------ 0 0	----0011 0 0	------ 0 0	10111----- 0 0	000000 0 0	------ 0 0	---111 0 0	1100 0 0	-------- 0 0	---------- 0 0	1- 0 0	---- 0 0	0-000-0-000- 0 0	10-11001 0 0	111--- 0 0	-------------- 0 0	1011110101 0 0	-----00001 0 0	11110101111101 0 0	---------- 0 0	11101------- 0 0	---------- 0 0	-------- 0 0	11-- 0 0	-11001 0 0	1111---- 0 0	11-- 0 0	--00 0 0	11100000 0 0
10596	41.378	41.378	( 0 )	------------ 0 0	------ 0 0	----0011 0 0	------ 0 0	10111----- 0 0	000000 0 0	------ 0 0	---111 0 0	1100 0 0	-------- 0 0	---------- 0 0	1- 0 0	---- 0 0	0-000-0-000- 0 0	10-11001 0 0	111--- 0 0	-------------- 0 0	1011110101 0 0	-----00001 0 0	11110101111101 0 0	---------- 0 0	11101------- 0 0	---------- 0 0	-------- 0 0	11-- 0 0	-11001 0 0	1111---- 0 0	11-- 0 0	--00 0 0	11100000 0 0
10571	41.378	41.378	( 0 )	------------ 0 0	------ 0 0	----0011 0 0	------ 0 0	10111----- 0 0	000000 0 0	------ 0 0	---111 0 0	1100 0 0	-------- 0 0	---------- 0 0	1- 0 0	---- 0 0	0-000-0-000- 0 0	10-11001 0 0	111--- 0 0	-------------- 0 0	1011110101 0 0	-----00001 0 0	11110101111101 0 0	---------- 0 0	11101------- 0 0	---------- 0 0	-------- 0 0	11-- 0 0	-11001 0 0	1111---- 0 0	11-- 0 0	--00 0 0	11100000 0 0
10575	41.378	41.378	( 0 )	------------ 0 0	------ 0 0	----0011 0 0	------ 0 0	10111----- 0 0	000000 0 0	------ 0 0	---111 0 0	1100 0 0	-------- 0 0	---------- 0 0	1- 0 0	---- 0 0	0-000-0-000- 0 0	10-11001 0 0	111--- 0 0	-------------- 0 0	1011110101 0 0	-----00001 0 0	11110101111101 0 0	---------- 0 0	11101------- 0 0	---------- 0 0	-------- 0 0	11-- 0 0	-11001 0 0	1111---- 0 0	11-- 0 0	--00 0 0	11100000 0 0
10567	41.378	41.378	( 0 )	------------ 0 0	------ 0 0	----0011 0 0	------ 0 0	10111----- 0 0	000000 0 0	------ 0 0	---111 0 0	1100 0 0	-------- 0 0	---------- 0 0	1- 0 0	---- 0 0	0-000-0-000- 0 0	10-11001 0 0	111--- 0 0	-------------- 0 0	1011110101 0 0	-----00001 0 0	11110101111101 0 0	---------- 0 0	11101------- 0 0	---------- 0 0	-------- 0 0	11-- 0 0	-11001 0 0	1111---- 0 0	11-- 0 0	--00 0 0	11100000 0 0
10655	41.378	41.378	( 0 )	------------ 0 0	------ 0 0	----0011 0 0	------ 0 0	10111----- 0 0	000000 0 0	------ 0 0	---111 0 0	1100 0 0	-------- 0 0	---------- 0 0	1- 0 0	---- 0 0	0-000-0-000- 0 0	10-11001 0 0	111--- 0 0	-------------- 0 0	1011110101 0 0	-----00001 0 0	11110101111101 0 0	---------- 0 0	111011------ 0 0	---------- 0 0	-------- 0 0	11-- 0 0	-11001 0 0	1111---- 0 0	11-- 0 0	--00 0 0	11100000 0 0
10604	41.378	41.378	( 0 )	------------ 0 0	------ 0 0	----0011 0 0	------ 0 0	10111----- 0 0	000000 0 0	------ 0 0	---111 0 0	1100 0 0	-------- 0 0	---------- 0 0	1- 0 0	---- 0 0	0-000-0-000- 0 0	10-11001 0 0	111--- 0 0	-------------- 0 0	1011110101 0 0	-----00001 0 0	11110101111101 0 0	---------- 0 0	111011------ 0 0	---------- 0 0	-------- 0 0	11-- 0 0	011001 0 0	1111---- 0 0	11-- 0 0	--00 0 0	11100000 0 0
10546	41.378	41.378	( 0 )	------------ 0 0	------ 0 0	----0011 0 0	------ 0 0	10111----- 0 0	000000 0 0	------ 0 0	---111 0 0	1100 0 0	-------- 0 0	---------- 0 0	1- 0 0	---- 0 0	0-000-0-000- 0 0	10-11001 0 0	111--- 0 0	-------------- 0 0	1011110101 0 0	-----00001 0 0	11110101111101 0 0	---------- 0 0	111011------ 0 0	---------- 0 0	-------- 0 0	11-- 0 0	011001 0 0	1111---- 0 0	11-- 0 0	--00 0 0	11100000 0 0
10617	43.379	43.379	( 0 )	------------ 0 0	------ 0 0	----0011 0 0	------ 0 0	10111----- 0 0	000000 0 0	------ 0 0	---111 0 0	1100 0 0	-------- 0 0	---------- 0 0	1- 0 0	---- 0 0	0-000-0-000- 0 0	10-11-01 0 1	111--- 0 0	-------------- 0 0	1011110101 0 0	-----00001 0 0	11110101111101 0 0	-00---00-- 0 0	111011------ 0 0	---------- 0 0	-------- 0 0	11-- 0 0	011001 0 0	1111---- 0 0	11-- 0 0	--00 0 0	11100000 0 0
10576	43.379	43.379	( 0 )	------------ 0 0	------ 0 0	----0011 0 0	------ 0 0	10111----- 0 0	000000 0 0	------ 0 0	---111 0 0	1100 0 0	-------- 0 0	---------- 0 0	1- 0 0	---- 0 0	0-000-0-000- 0 0	10-11-01 0 0	111--- 0 0	-------------- 0 0	1011110101 0 0	-----00001 0 0	11110101111101 0 0	-00---00-- 0 0	111011------ 0 0	---------- 0 0	-------- 0 0	11-- 0 0	011001 0 0	1111---- 0 0	11-- 0 0	--00 0 0	11100000 0 0
10552	43.379	43.379	( 0 )	------------ 0 0	------ 0 0	----0011 0 0	------ 0 0	10111----- 0 0	000000 0 0	------ 0 0	---111 0 0	1100 0 0	-------- 0 0	---------- 0 0	1- 0 0	---- 0 0	0-000-0-000- 0 0	10111101 0 0	111--- 0 0	-------------- 0 0	1011110101 0 0	-----00001 0 0	11110101111101 0 0	-00---00-- 0 0	111011------ 0 0	---------- 0 0	-------- 0 0	11-- 0 0	011001 0 0	1111---- 0 0	11-- 0 0	--00 0 0	11100000 0 0
10556	43.379	43.379	( 0 )	------------ 0 0	------ 0 0	----0011 0 0	------ 0 0	10111----- 0 0	000000 0 0	------ 0 0	---111 0 0	1100 0 0	-------- 0 0	---------- 0 0	1- 0 0	---- 0 0	0-000-0-000- 0 0	10111101 0 0	111--- 0 0	-------------- 0 0	1011110101 0 0	-----00001 0 0	11110101111101 0 0	-00---00-- 0 0	111011------ 0 0	---------- 0 0	-------- 0 0	11-- 0 0	011001 0 0	1111---- 0 0	11-- 0 0	--00 0 0	11100000 0 0
10629	43.379	43.379	( 0 )	------------ 0 0	------ 0 0	----0011 0 0	------ 0 0	10111----- 0 0	000000 0 0	------ 0 0	---111 0 0	1100 0 0	-------- 0 0	---------- 0 0	1- 0 0	---- 0 0	0-000-0-000- 0 0	10111101 0 0	111--- 0 0	-------------- 0 0	1011110101 0 0	-----00001 0 0	11110101111101 0 0	-00---00-- 0 0	111011------ 0 0	---------- 0 0	-------- 0 0	11-- 0 0	011001 0 0	1111---- 0 0	11-- 0 0	--00 0 0	11100000 0 0
10621	48.396	48.396	( 0 )	------------ 0 0	------ 0 0	----0011 0 0	------ 0 0	10111----- 0 0	000000 0 0	------ 0 0	---111 0 0	1100 0 0	-------- 0 0	---------- 0 0	1- 0 0	---- 0 0	0-000-0-000- 0 0	10111101 0 0	111--- 0 0	-------------- 0 0	1011110101 0 0	-----00011 0 1	11110101111101 0 0	-00---00-- 0 0	111011------ 0 0	---------- 0 0	-------- 0 0	11-- 0 0	011001 0 0	1111---- 0 0	11-- 0 0	--00 0 0	11100000 0 0
