#java OrderMarkers2 map=map4_14_js.txt data=data_f.call useKosambi=1 numMergeIterations=100 sexAveraged=1 outputPhasedData=2 grandparentPhase=1 chromosome=3 randSeed=-3755223811092652975
#*** LG = 3 likelihood = -119.1631
#marker_number	male_position	female_position	( 0.0 )[	phased data]
17795	0.000	0.000	( 0 )	------------ 0 0	---000 0 0	-------- 0 0	------ 0 0	---------- 0 0	------ 0 0	------ 0 0	------ 0 0	11-- 0 0	-------- 0 0	1111100011 0 0	11 0 0	---- 0 0	------------ 0 0	-------- 0 0	111--- 0 0	-------------- 0 0	-----10111 0 0	-----01001 0 0	001-100------- 0 0	10000----- 0 0	--0100--0100 0 0	-----01011 0 0	11111111 0 0	---- 0 0	---000 0 0	-------- 0 0	---- 0 0	--00 0 0	0000---- 0 0
17785	31.028	31.028	( 0 )	------------ 0 0	---000 0 0	-------- 0 0	------ 0 0	---------- 0 0	------ 0 0	------ 0 0	------ 0 0	11-- 0 0	-------- 0 0	1111100011 0 0	11 0 0	---- 0 0	------------ 0 0	-------- 0 0	111--- 0 0	-------------- 0 0	-----10111 0 0	-----01001 0 0	001-100------- 0 0	10000----- 0 0	------------ 4 4	-----01011 0 0	11111111 0 0	---- 0 0	----00 0 1	-------- 0 0	---- 0 0	--00 0 0	0000---- 0 0
17799	32.543	32.543	( 0 )	------------ 0 0	---000 0 0	-------- 0 0	------ 0 0	---------- 0 0	------ 0 0	------ 0 0	------ 0 0	11-- 0 0	-------- 0 0	1111100011 0 0	11 0 0	---- 0 0	------------ 0 0	-------- 0 0	111--- 0 0	-------------- 0 0	-----10111 0 0	-----01000 0 1	001-100------- 0 0	10000----- 0 0	------------ 0 0	-----01011 0 0	11111111 0 0	---- 0 0	----00 0 0	-------- 0 0	---- 0 0	--00 0 0	0000---- 0 0
17759	32.543	32.543	( 0 )	------------ 0 0	---000 0 0	-------- 0 0	------ 0 0	---------- 0 0	------ 0 0	------ 0 0	------ 0 0	11-- 0 0	-------- 0 0	1111100011 0 0	11 0 0	---- 0 0	------------ 0 0	-------- 0 0	111--- 0 0	-------------- 0 0	-----10111 0 0	-----01000 0 0	001-100------- 0 0	10000----- 0 0	------------ 0 0	-----01011 0 0	11111111 0 0	---- 0 0	----00 0 0	-------- 0 0	---- 0 0	--00 0 0	0000---- 0 0
17777	32.543	32.543	( 0 )	------------ 0 0	---000 0 0	-------- 0 0	------ 0 0	---------- 0 0	------ 0 0	------ 0 0	------ 0 0	11-- 0 0	-------- 0 0	1111100011 0 0	11 0 0	---- 0 0	------------ 0 0	-------- 0 0	111--- 0 0	-------------- 0 0	-----10111 0 0	-----01000 0 0	001-100------- 0 0	10000----- 0 0	------------ 0 0	-----01011 0 0	11111111 0 0	---- 0 0	---100 0 0	-------- 0 0	---- 0 0	--00 0 0	0000---- 0 0
17776	32.543	32.543	( 0 )	------------ 0 0	---000 0 0	-------- 0 0	------ 0 0	---------- 0 0	------ 0 0	------ 0 0	------ 0 0	11-- 0 0	-------- 0 0	1111100011 0 0	11 0 0	---- 0 0	------------ 0 0	-------- 0 0	111--- 0 0	-------------- 0 0	-----10111 0 0	-----01000 0 0	001-100------- 0 0	10000----- 0 0	------------ 0 0	-----01011 0 0	11111111 0 0	---- 0 0	---100 0 0	-------- 0 0	---- 0 0	--00 0 0	0000---- 0 0
17772	32.543	32.543	( 0 )	------------ 0 0	---000 0 0	-------- 0 0	------ 0 0	---------- 0 0	------ 0 0	------ 0 0	------ 0 0	11-- 0 0	-------- 0 0	1111100011 0 0	11 0 0	---- 0 0	------------ 0 0	-------- 0 0	111--- 0 0	-------------- 0 0	-----10111 0 0	-----01000 0 0	001-100------- 0 0	10000----- 0 0	------------ 0 0	-----01011 0 0	11111111 0 0	---- 0 0	---100 0 0	-------- 0 0	---- 0 0	--00 0 0	0000---- 0 0
17803	32.543	32.543	( 0 )	------------ 0 0	---000 0 0	-------- 0 0	------ 0 0	---------- 0 0	------ 0 0	------ 0 0	------ 0 0	11-- 0 0	-------- 0 0	1111100011 0 0	11 0 0	---- 0 0	------------ 0 0	-------- 0 0	111--- 0 0	-------------- 0 0	-----10111 0 0	-----01000 0 0	001-100------- 0 0	10000----- 0 0	------------ 0 0	-----01011 0 0	11111111 0 0	---- 0 0	---100 0 0	-------- 0 0	---- 0 0	--00 0 0	0000---- 0 0
17802	32.543	32.543	( 0 )	------------ 0 0	---000 0 0	-------- 0 0	------ 0 0	---------- 0 0	------ 0 0	------ 0 0	------ 0 0	11-- 0 0	-------- 0 0	1111100011 0 0	11 0 0	---- 0 0	------------ 0 0	-------- 0 0	111--- 0 0	-------------- 0 0	-----10111 0 0	-----01000 0 0	001-100------- 0 0	10000----- 0 0	------------ 0 0	-----01011 0 0	11111111 0 0	---- 0 0	---100 0 0	-------- 0 0	---- 0 0	--00 0 0	0000---- 0 0
17786	32.543	32.543	( 0 )	------------ 0 0	---000 0 0	-------- 0 0	------ 0 0	---------- 0 0	------ 0 0	------ 0 0	------ 0 0	11-- 0 0	-------- 0 0	1111100011 0 0	11 0 0	---- 0 0	------------ 0 0	-------- 0 0	111--- 0 0	-------------- 0 0	-----10111 0 0	-----01000 0 0	001-100------- 0 0	10000----- 0 0	------------ 0 0	-----01011 0 0	11111111 0 0	---- 0 0	---100 0 0	-------- 0 0	---- 0 0	--00 0 0	0000---- 0 0
17764	32.543	32.543	( 0 )	------------ 0 0	---000 0 0	-------- 0 0	------ 0 0	---------- 0 0	------ 0 0	------ 0 0	------ 0 0	11-- 0 0	-------- 0 0	1111100011 0 0	11 0 0	---- 0 0	------------ 0 0	-------- 0 0	111--- 0 0	-------------- 0 0	-----10111 0 0	-----01000 0 0	001-100------- 0 0	10000----- 0 0	------------ 0 0	-----01011 0 0	11111111 0 0	---- 0 0	---100 0 0	-------- 0 0	---- 0 0	--00 0 0	0000---- 0 0
17762	32.543	32.543	( 0 )	------------ 0 0	---000 0 0	-------- 0 0	------ 0 0	---------- 0 0	------ 0 0	------ 0 0	------ 0 0	11-- 0 0	-------- 0 0	1111100011 0 0	11 0 0	---- 0 0	------------ 0 0	-------- 0 0	111--- 0 0	-------------- 0 0	-----10111 0 0	-----01000 0 0	001-100------- 0 0	10000----- 0 0	------------ 0 0	-----01011 0 0	11111111 0 0	---- 0 0	---100 0 0	-------- 0 0	---- 0 0	--00 0 0	0000---- 0 0
17793	32.543	32.543	( 0 )	------------ 0 0	---000 0 0	-------- 0 0	------ 0 0	---------- 0 0	------ 0 0	------ 0 0	------ 0 0	11-- 0 0	-------- 0 0	1111100011 0 0	11 0 0	---- 0 0	------------ 0 0	-------- 0 0	111--- 0 0	-------------- 0 0	-----10111 0 0	-----01000 0 0	001-100------- 0 0	10000----- 0 0	------------ 0 0	-----01011 0 0	11111111 0 0	---- 0 0	---100 0 0	-------- 0 0	---- 0 0	--00 0 0	0000---- 0 0
17768	32.543	32.543	( 0 )	------------ 0 0	---000 0 0	-------- 0 0	------ 0 0	---------- 0 0	------ 0 0	------ 0 0	------ 0 0	11-- 0 0	-------- 0 0	1111100011 0 0	11 0 0	---- 0 0	------------ 0 0	-------- 0 0	111--- 0 0	-------------- 0 0	-----10111 0 0	-----01000 0 0	001-100------- 0 0	10000----- 0 0	------------ 0 0	-----01011 0 0	11111111 0 0	---- 0 0	---100 0 0	-------- 0 0	---- 0 0	--00 0 0	0000---- 0 0
17801	32.543	32.543	( 0 )	------------ 0 0	---000 0 0	-------- 0 0	------ 0 0	---------- 0 0	------ 0 0	------ 0 0	------ 0 0	11-- 0 0	-------- 0 0	1111100011 0 0	11 0 0	---- 0 0	------------ 0 0	-------- 0 0	111--- 0 0	-------------- 0 0	-----10111 0 0	-----01000 0 0	001-100------- 0 0	10000----- 0 0	------------ 0 0	-----01011 0 0	11111111 0 0	---- 0 0	---100 0 0	-------- 0 0	---- 0 0	--00 0 0	0000---- 0 0
17800	47.697	47.697	( 0 )	------------ 0 0	---000 0 0	-------- 0 0	------ 0 0	---------- 0 0	------ 0 0	------ 0 0	------ 0 0	11-- 0 0	-------- 0 0	1111100011 0 0	11 0 0	---- 0 0	------------ 0 0	-------- 0 0	111--- 0 0	-------------- 0 0	-----10111 0 0	-----01000 0 0	----1--------- 5 0	10000----- 0 0	------------ 0 0	-----01011 0 0	11111111 0 0	---- 0 0	---100 0 0	-------- 0 0	---- 0 0	--00 0 0	0000---- 0 0
17809	47.697	47.697	( 0 )	------------ 0 0	---000 0 0	-------- 0 0	------ 0 0	---------- 0 0	------ 0 0	------ 0 0	------ 0 0	11-- 0 0	-------- 0 0	1111100011 0 0	11 0 0	---- 0 0	------------ 0 0	-------- 0 0	111--- 0 0	-------------- 0 0	-----10111 0 0	-----01000 0 0	----1--------- 0 0	10000----- 0 0	------------ 0 0	-----01011 0 0	11111111 0 0	---- 0 0	---100 0 0	-------- 0 0	---- 0 0	--00 0 0	0000---- 0 0
17794	47.697	47.697	( 0 )	------------ 0 0	---000 0 0	-------- 0 0	------ 0 0	---------- 0 0	------ 0 0	------ 0 0	------ 0 0	11-- 0 0	-------- 0 0	1111100011 0 0	11 0 0	---- 0 0	------------ 0 0	-------- 0 0	111--- 0 0	-------------- 0 0	-----10111 0 0	-----01000 0 0	----1--------- 0 0	10000----- 0 0	------------ 0 0	-----01011 0 0	11111111 0 0	---- 0 0	---100 0 0	-------- 0 0	---- 0 0	--00 0 0	0000---- 0 0
17784	47.697	47.697	( 0 )	------------ 0 0	---000 0 0	-------- 0 0	------ 0 0	---------- 0 0	------ 0 0	------ 0 0	------ 0 0	11-- 0 0	-------- 0 0	1111100011 0 0	11 0 0	---- 0 0	------------ 0 0	-------- 0 0	111--- 0 0	-------------- 0 0	-----10111 0 0	-----01000 0 0	----1--------- 0 0	10000----- 0 0	------------ 0 0	-----01011 0 0	11111111 0 0	---- 0 0	---100 0 0	-------- 0 0	---- 0 0	--00 0 0	0000---- 0 0
17757	47.697	47.697	( 0 )	------------ 0 0	---000 0 0	-------- 0 0	------ 0 0	---------- 0 0	------ 0 0	------ 0 0	------ 0 0	11-- 0 0	-------- 0 0	1111100011 0 0	11 0 0	---- 0 0	------------ 0 0	-------- 0 0	111--- 0 0	-------------- 0 0	-----10111 0 0	-----01000 0 0	----1--------- 0 0	10000----- 0 0	------------ 0 0	-----01011 0 0	11111111 0 0	---- 0 0	---100 0 0	-------- 0 0	---- 0 0	--00 0 0	0000---- 0 0
17770	47.697	47.697	( 0 )	------------ 0 0	---000 0 0	-------- 0 0	------ 0 0	---------- 0 0	------ 0 0	------ 0 0	------ 0 0	11-- 0 0	-------- 0 0	1111100011 0 0	11 0 0	---- 0 0	------------ 0 0	-------- 0 0	111--- 0 0	-------------- 0 0	-----10111 0 0	-----01000 0 0	----1--------- 0 0	10000----- 0 0	------------ 0 0	-----01011 0 0	11111111 0 0	---- 0 0	---100 0 0	-------- 0 0	---- 0 0	--00 0 0	0000---- 0 0
17778	47.697	47.697	( 0 )	------------ 0 0	---000 0 0	-------- 0 0	------ 0 0	---------- 0 0	------ 0 0	------ 0 0	------ 0 0	11-- 0 0	-------- 0 0	1111100011 0 0	11 0 0	---- 0 0	------------ 0 0	-------- 0 0	111--- 0 0	-------------- 0 0	-----10111 0 0	-----01000 0 0	----1--------- 0 0	10000----- 0 0	--1011--1011 0 0	-----01011 0 0	11111111 0 0	---- 0 0	---100 0 0	-------- 0 0	---- 0 0	--00 0 0	0000---- 0 0
17798	47.697	47.697	( 0 )	------------ 0 0	---000 0 0	-------- 0 0	------ 0 0	---------- 0 0	------ 0 0	------ 0 0	------ 0 0	11-- 0 0	-------- 0 0	1111100011 0 0	11 0 0	---- 0 0	------------ 0 0	-------- 0 0	111--- 0 0	-------------- 0 0	-----10111 0 0	-----01000 0 0	----1--------- 0 0	10000----- 0 0	--1011--1011 0 0	-----01011 0 0	11111111 0 0	---- 0 0	---100 0 0	-------- 0 0	---- 0 0	--00 0 0	0000---- 0 0
17761	47.697	47.697	( 0 )	------------ 0 0	---000 0 0	-------- 0 0	------ 0 0	---------- 0 0	------ 0 0	------ 0 0	------ 0 0	11-- 0 0	-------- 0 0	1111100011 0 0	11 0 0	---- 0 0	------------ 0 0	-------- 0 0	111--- 0 0	-------------- 0 0	-----10111 0 0	-----01000 0 0	----1--------- 0 0	10000----- 0 0	--1011--1011 0 0	-----01011 0 0	11111111 0 0	---- 0 0	---100 0 0	-------- 0 0	---- 0 0	--00 0 0	0000---- 0 0
17791	47.697	47.697	( 0 )	------------ 0 0	---000 0 0	-------- 0 0	------ 0 0	---------- 0 0	------ 0 0	------ 0 0	------ 0 0	11-- 0 0	-------- 0 0	1111100011 0 0	11 0 0	---- 0 0	------------ 0 0	-------- 0 0	111--- 0 0	-------------- 0 0	-----10111 0 0	-----01000 0 0	----1--------- 0 0	10000----- 0 0	--1011--1011 0 0	-----01011 0 0	11111111 0 0	---- 0 0	---100 0 0	-------- 0 0	---- 0 0	--00 0 0	0000---- 0 0
17787	47.697	47.697	( 0 )	------------ 0 0	---000 0 0	-------- 0 0	------ 0 0	---------- 0 0	------ 0 0	------ 0 0	------ 0 0	11-- 0 0	-------- 0 0	1111100011 0 0	11 0 0	---- 0 0	------------ 0 0	-------- 0 0	111--- 0 0	-------------- 0 0	-----10111 0 0	-----01000 0 0	----1--------- 0 0	10000----- 0 0	--1011--1011 0 0	-----01011 0 0	11111111 0 0	---- 0 0	---100 0 0	-------- 0 0	---- 0 0	--00 0 0	0000---- 0 0
17797	47.697	47.697	( 0 )	------------ 0 0	---000 0 0	-------- 0 0	------ 0 0	---------- 0 0	------ 0 0	------ 0 0	------ 0 0	11-- 0 0	-------- 0 0	1111100011 0 0	11 0 0	---- 0 0	------------ 0 0	-------- 0 0	111--- 0 0	-------------- 0 0	-----10111 0 0	-----01000 0 0	----1--------- 0 0	10000----- 0 0	--1011--1011 0 0	-----01011 0 0	11111111 0 0	---- 0 0	---100 0 0	-------- 0 0	---- 0 0	--00 0 0	0000---- 0 0
17792	49.872	49.872	( 0 )	------------ 0 0	---001 0 1	-------- 0 0	------ 0 0	---------- 0 0	------ 0 0	------ 0 0	------ 0 0	11-- 0 0	-------- 0 0	1111100011 0 0	11 0 0	---- 0 0	------------ 0 0	-------- 0 0	111--- 0 0	-------------- 0 0	-----10111 0 0	-----01000 0 0	----1--------- 0 0	10000----- 0 0	--1011--1011 0 0	-----01011 0 0	11111111 0 0	---- 0 0	---100 0 0	-------- 0 0	---- 0 0	--00 0 0	0000---- 0 0
17758	54.231	54.231	( 0 )	------------ 0 0	-----1 0 2	-------- 0 0	------ 0 0	---------- 0 0	------ 0 0	------ 0 0	------ 0 0	11-- 0 0	-------- 0 0	1111100011 0 0	11 0 0	---- 0 0	------------ 0 0	-------- 0 0	111--- 0 0	-------------- 0 0	-----10111 0 0	-----01000 0 0	----1--------- 0 0	10000----- 0 0	--1011--1011 0 0	-----01011 0 0	11111111 0 0	---- 0 0	---100 0 0	-------- 0 0	---- 0 0	--00 0 0	0000---- 0 0
17782	54.231	54.231	( 0 )	------------ 0 0	-----1 0 0	-------- 0 0	------ 0 0	---------- 0 0	------ 0 0	------ 0 0	------ 0 0	11-- 0 0	-------- 0 0	1111100011 0 0	11 0 0	---- 0 0	------------ 0 0	-------- 0 0	111--- 0 0	-------------- 0 0	-----10111 0 0	-----01000 0 0	----1--------- 0 0	10000----- 0 0	--1011--1011 0 0	-----01011 0 0	11111111 0 0	---- 0 0	---100 0 0	-------- 0 0	---- 0 0	--00 0 0	0000---- 0 0
17790	54.231	54.231	( 0 )	------------ 0 0	-----1 0 0	-------- 0 0	------ 0 0	---------- 0 0	------ 0 0	------ 0 0	------ 0 0	11-- 0 0	-------- 0 0	1111100011 0 0	11 0 0	---- 0 0	------------ 0 0	-------- 0 0	111--- 0 0	-------------- 0 0	-----10111 0 0	-----01000 0 0	----1--------- 0 0	10000----- 0 0	--1011--1011 0 0	-----01011 0 0	11111111 0 0	---- 0 0	---100 0 0	-------- 0 0	---- 0 0	--00 0 0	0000---- 0 0
17783	54.231	54.231	( 0 )	------------ 0 0	-----1 0 0	-------- 0 0	------ 0 0	---------- 0 0	------ 0 0	------ 0 0	------ 0 0	11-- 0 0	-------- 0 0	1111100011 0 0	11 0 0	---- 0 0	------------ 0 0	-------- 0 0	111--- 0 0	-------------- 0 0	-----10111 0 0	-----01000 0 0	----1--------- 0 0	10000----- 0 0	--1011--1011 0 0	-----01011 0 0	11111111 0 0	---- 0 0	---100 0 0	-------- 0 0	---- 0 0	--00 0 0	0000---- 0 0
17788	54.231	54.231	( 0 )	------------ 0 0	---111 0 0	-------- 0 0	------ 0 0	---------- 0 0	------ 0 0	------ 0 0	------ 0 0	11-- 0 0	-------- 0 0	1111100011 0 0	11 0 0	---- 0 0	------------ 0 0	-------- 0 0	111--- 0 0	-------------- 0 0	-----10111 0 0	-----01000 0 0	110-111------- 0 0	10000----- 0 0	--1011--1011 0 0	-----01011 0 0	11111111 0 0	---- 0 0	---100 0 0	-------- 0 0	---- 0 0	--00 0 0	0000---- 0 0
