#java OrderMarkers2 map=/flash/EconomoU/Nurit/lepmap/lepmap_varroa/Q40BIALLDP16HDP40mis.5Chr7.Sites_00_01/map_611.txt data=/flash/EconomoU/Nurit/lepmap/lepmap_varroa/Q40BIALLDP16HDP40mis.5Chr7.Sites_00_01/data_f.call useKosambi=1 numMergeIterations=100 sexAveraged=0 outputPhasedData=2 grandparentPhase=1 recombination1=0 recombination2=0.01 chromosome=1 randSeed=8734240085559082630
#*** LG = 1 likelihood = -29991.0846
#marker_number	male_position	female_position	( 0.0 )[	phased data]
23	0.000	0.000	( 0 )	11111111110000111111111000111100111111101100011000000011100000101011110101011000001111111011000001111110001111011110101111110000000100000001100000000011100001000001100011001100000000101110001001011011010100010000000000011111101110000001 0 0
80	0.000	12.095	( 0 )	11111111110000111111111000111100111111101100011000000011100000101011110101011000001111111011000001111110001111011110100100110000000100000001100000000010100001000000100010001100000000101000001001011001010100010010000000000110101110000000 0 14
8	0.000	14.639	( 0 )	11111111110000111111111000111100111111101100011000000011100000101011110101011000001111111011000001111110001111011110100100110000000100000001000001000010100001000000100010001100000000101000001001011001010100010010000000000010101110000000 0 3
96	0.000	17.184	( 0 )	11111111110000111111111000111100111111101100011000000011100000101011110101011000001111111011000001111110001111011110100000110000000100000001000001000010100001000000100010001100000000101000001001011000010100010110000000000010101110000000 0 3
85	0.000	19.729	( 0 )	11111111110000111111111000111100111111101100011000000011100000101011110101011000001111111011000001111110001111011110100000110000000100000001000001100010100001001000100010001100000000001000001001011000010100010110000000000010101110000000 0 3
84	0.000	22.273	( 0 )	11111111110000111111111000111100111111101100011000000011100000101011110101011000001111111011000001111110001111011110100000111000000100000001000001100010100001001000000010001100000000001000001001011000000100010110000000000010101110000000 0 3
72	0.000	25.668	( 0 )	11111111110000111111111000111100111111101100011000000011100000101011110101011000001111111011000001111110001111011110100010111000000100000001000001100010100001001000000000001100000000001000000001011100000100010110000000000010101110000000 0 4
71	0.000	28.213	( 0 )	11111111110000111111111000111100111111101100011000000011100000101011110101011000001111111011000001111110001111011110100010111000000100000000000001100010100001001000000000001100000000001000000000011100000100000110000000000010101110000000 0 3
115	0.000	32.460	( 0 )	11111111110000111111111000111100111111101100011000000011100000101011110101011000001111111011000001111110001111011110100110011001000100000000000001100010100001001000000000000110000000001000000000011100000100000110000000000010101110000000 0 5
90	0.000	36.708	( 0 )	11111111110000111111111000111100111111101100011000000011100000101011110101011000001111111011000001111110001111011110100110011001001100000000000001100010100000001000001000000010000000001000000000011100000100000110000000000010101110000001 0 5
67	0.000	40.955	( 0 )	11111111110000111111111000111100111111101100011000000011100000101011110101011000001111111011000001111110001111011110100110011001101100000000000001100011100000001000001000000010000000001000000000011100000101000110000000000001101110000001 0 5
102	0.000	43.500	( 0 )	11111111110000111111111000111100111111101100011000000011100000101011110101011000001111111011000001111110001111011110100110011001101100100000000001100011100000001000001000000010000000001000000000011100000001000110001000000001101110000001 0 3
109	0.000	47.747	( 0 )	11111111110000111111111000111100111111101100011000000011100000101011110101011000001111111011000001111110001111011110100110011001111100100000000011100011100000001000001000000010000000001000000000011100000011100110001000000001101110000101 0 5
106	0.000	54.569	( 0 )	11111111110000111111111000111100111111101100011000000011100000101011110101011000001111111011000001111110001111011110100110011010111100100100100011110011100000001000011000000010000000001000000010011100000011100110001000000001111110000101 0 8
69	0.000	63.126	( 0 )	11111111110000111111111000111100111111101100011000000011100000101011110101011000001111111011000001111110001111011110101111111010111100100100100011110011100000001000011000000010000010001000000010011110000011111111111000000001111110000101 0 10
68	0.000	65.671	( 0 )	11111111110000111111111000111100111111101100011000000011100000101011110101011000001111111011000001111110001111011110101111111010111100100100110011110011100000001000011000000010000010001000100110011110000011111111111000000001111110000101 0 3
75	0.000	77.766	( 0 )	11111111110000111111111000111100111111101100011000000011100000101011110101011000001111111011000001111110001111011110101111110000111100100101110001010001100000001000011001000010000010001000100110011111000011111011111111100000111110000101 0 14
117	0.000	82.013	( 0 )	11111111110000111111111000111100111111101100011000000011100000101011110101011000001111111011000001111110001111011110101011110000111100100101110001000001100000001000011001000010000010001000100110011111100111111011111111100000111110010101 0 5
94	0.000	88.835	( 0 )	11111111110000111111111000111100111111101100011000000011100000101011110101011000001111111011000001111110001111011110100010010100111100100101110000000001100000001000011101000010000010001000100110011111110111111111111111100000111110010101 0 8
49	0.000	93.937	( 0 )	11111111110000111111111000111100111111101100011000000011100000101011110101011000001111111011000001111110001111011110100000010100111100100101010000000011100000011000011111000010000010001000100110011111110111111111111111100000111100010101 0 6
66	0.000	99.897	( 0 )	11111111110000111111111000111100111111101100011000000011100000101011110101011000001111111011000001111110001111011110100000000100110100100101010000000011100000011010011111100010000010001000100110011101111111111111111111100000111100110101 0 7
65	0.000	103.292	( 0 )	1111111111000011111111100011110011111110110001100000001110000010101111010101100000111111101100000111111000111101111010000000010011010010110100000000001110000001111001111110-010000010001000100110011101111111111111111111100000111100110101 0 4
64	0.000	104.140	( 0 )	1111111111000011111111100011110011111110110001100000001110000010101111010101100000111111101100000111111000111101111010000000010011010010110100000000001110000001111001111110-010000010001000100110011101111111110111111111100000111100110101 0 1
61	0.000	118.967	( 0 )	11111111110000111111111000111100111111101100011000000011100000101011110101011000001111111011000001111110001111011110100000000100110100101101011101000001100010111110011111001011010011001100100110011101101111110101110111110000111000110101 0 17
57	0.000	129.280	( 0 )	11111111110000111111111000111100111111101100011000000011100000101011110101011000001111111011000001111110001111011110100100000100110100001101011111000000000010111110111111001011010111011100100010010101101111110101110111111000111000110111 0 12
17	0.000	135.240	( 0 )	11111111110000111111111000111100111111101100011000000011100000101011110101011000001111111011000001111110001111011110100100000100110000001100011111001000000010111110111111001111011111011100100010010101101111110101110111111000111101110111 0 7
112	0.000	141.200	( 0 )	11111111110000111111111000111100111111101100011000000011100000101011110101011000001111111011000001111110001111011110100100000100110000001100011111001000001011101110111111001111111111111100100010010101111111110111110111111000111101110111 0 7
1	0.000	156.027	( 0 )	11111111110000111111111000111100111111101100011000000011100000101011110101011000001111111011000001111110001111011110100100000000110000000000001111001000001011101100000011111111111111111110000000010001111111110111110111111000111101110001 0 17
5	0.000	159.422	( 0 )	11111111110000111111111000111100111111101100011000000011100000101011110101011000001111111011000001111110001111011110100100000000111000000000000011001000001011101100000011111111111111111110000000010001111111111111110111111000111101110001 0 4
21	0.000	174.249	( 0 )	11111111110000111111111000111100111111101100011000000011100000101011110101011000001111111011000001111110001111011110100100000000111001000011100011001000001011101100010011111111111111111100011111010011111011111101100111111000011101110011 0 17
63	0.000	183.681	( 0 )	11111111110000111111111000111100111111101100011000000011100000101011110101011000001111111011000001111110001111011110100101100010111001000011100011101010101011101100010010111101111111111100011111010011101011101101100111111000011101110111 0 11
19	0.000	187.076	( 0 )	11111111110000111111111000111100111111101100011000000011100000101011110101011000001111111011000001111110001111011110101101100010111001010011100011101010101011101101010010101101111111111100011111010011101011101101100111111000011101110111 0 4
16	0.000	193.898	( 0 )	11111111110000111111111000111100111111101100011000000011100000101011110101011000001111111011000001111110001111011110101101100010111001010011100001101010101011101101010010000101111011111100011111010011100001011101100111111000011101110111 0 8
47	0.000	202.455	( 0 )	11111111110000111111111000111100111111101100011000000011100000101011110101011000001111111011000001111110001111011110101101000010110001010011100001101010101011101011010010000101110011110000011111010011000001011101000111111000011101111111 0 10
100	0.000	208.415	( 0 )	11111111110000111111111000111100111111101100011000000011100000101011110101011000001111111011000001111110001111011110101101000010110001010111100001101010111011101011010010000101110011100001011011010010000001011001000111111000011101111111 0 7
58	0.000	211.810	( 0 )	11111111110000111111111000111100111111101100011000000011100000101011110101011000001111111011000001111110001111011110101101000010110001010111110001101011111011101011010010000101110011100001010011010010000001011000000111111000011101111111 0 4
28	0.000	217.770	( 0 )	11111111110000111111111000111100111111101100011000000011100000101011110101011000001111111011000001111110001111011110101111000010110001010111110001101011011011101011010110000101110011100001010010010010000000010000000111111000111101111111 0 7
120	0.000	221.166	( 0 )	11111111110000111111111000111100111111101100011000000011100000101011110101011000001111111011000001111110001111011110101111000110110001010111111001101011011011101011010110000101110011100000010010010010000000010000010111111000111101111111 0 4
78	0.000	226.268	( 0 )	11111111110000111111111000111100111111101100011000000011100000101011110101011000001111111011000001111110001111011110101111100110110001010111111001101011010011101011010100001101110011100000010010011010000000000000010111111000111101111111 0 6
24	0.000	235.700	( 0 )	11111111110000111111111000111100111111101100011000000011100000101011110101011000001111111011000001111110001111011110101111100110110001010111111001111011010011101011000101101101110011100010010011011010001001001000010111111000110101111101 0 11
73	0.000	242.522	( 0 )	11111111110000111111111000111100111111101100011000000011100000101011110101011000001111111011000001111110001111011110101111100110110000010111111001111011010011111011100101101100110011101010011011011010011001001000010111111000010101111101 0 8
74	0.000	244.217	( 0 )	11111111110000111111111000111100111111101100011000000011100000101011110101011000001111111011000001111110001111011110101111100110110000010111111000111011010011111011100101101100110111101010011011011010011001001000010111111000010101111101 0 2
87	0.000	254.531	( 0 )	111111111100001111111110001111001111111011000110000000111000001010111101010110000011111110110000011111100011110111101011111001101100000111111011-0111011010111111011110101101110110110101001001011011010001001001000010111111000010101111101 0 12
86	0.000	264.844	( 0 )	111111111100001111111110001111001111111011000110000000111000001010111101010110000011111110110000011111100011110111101011111001101100100111111011-0111111101110111011110111101110110110100001101011011011001001000000000111111000010101111101 0 12
9	0.000	272.531	( 0 )	11111111110000111111111000111100111111101100011000000011100000101011110101011000001111111011000001111110001111011110101111110111110010001111101110111111101100111111110111101110110110100011101011011011001001010010000111111000010001111101 0 9
93	0.000	279.353	( 0 )	11111111110000111111111000111100111111101100011000000011100000101011110101011000001111111011000001111110001111011110100111010111110010101101101110111111101100111111110111101110111110110011101011011011001001010010001111011000010001111101 0 8
62	0.000	288.785	( 0 )	11111111110000111111111000111100111111101100011000000011100000101011110101011000001111111011000001111110001111011110100111010111110010101101111110101111101101111110110111101110111111110111100001011011001001010010001111011111010001111101 0 11
114	0.000	296.472	( 0 )	11111111110000111111111000111100111111101100011000000011100000101011110101011000001111111011000001111110001111011110101111010111110110101101111110101111101001111110110111101110111111111111100001000011101001110010001111011111010001111100 0 9
43	0.000	299.867	( 0 )	11111111110000111111111000111100111111101100011000000011100000101011110101011000001111111011000001111110001111011110101110010111110110101101111110101111101001001110110111101110111111111111100001000011101001110110001111011111010001111100 0 4
15	0.000	306.689	( 0 )	11111111110000111111111000111100111111101100011000000011100000101011110101011000001111111011000001111110001111011110101110110111010110101111111110101110001001001110110011111110111111111111100001000011101001110110001111011011010001111100 0 8
105	0.000	310.937	( 0 )	11111111110000111111111000111100111111101100011000000011100000101011110101011000001111111011000001111110001111011110101110110011010110101111111110101110001001001110110011111110111111111111100001000011100001110110001111001011000001111101 0 5
11	0.000	316.897	( 0 )	11111111110000111111111000111100111111101100011000000011100000101011110101011000001111111011000001111110001111011110101110110011010110101111111110101110000001001110110011111110111111111111100000000001100001111110001110001011000011110101 0 7
6	0.000	320.292	( 0 )	11111111110000111111111000111100111111101100011000000011100000101011110101011000001111111011000001111110001111011110101111110011010110101111111110101110000001010110110011111110111111111111100000000001100001111110001110001010000011110101 0 4
76	0.000	327.114	( 0 )	11111111110000111111111000111100111111101100011000000011100000101011110101011000001111111011000001111110001111011110101111110011010110101111111110111110000001010110110011111110111111111111100000000000100000111110000110101010-10111110101 0 8
81	0.000	337.427	( 0 )	11111111110000111111111000111100111111101100011000000011100000101011110101011000001111111011000001111110001111011110101111110011010110101111111110111110000101110110110011111110111111111110000001000000000000110100000111111010-10111111111 0 12
51	0.000	340.822	( 0 )	11111111110000111111111000111100111111101100011000000011100000101011110101011000001111111011000001111110001111011110101111110011010110101111111100111110000101110110110011111110111101111010000001000000000000110000000111111010110111111111 0 4
83	0.000	347.644	( 0 )	11111111110000111111111000111100111111101100011000000011100000101011110101011000001111111011000001111110001111011110101111110011010110101111111100111110000101110111110111111110111101010000000011000010000000110000000111111000110111111111 0 8
104	0.000	349.339	( 0 )	11111111110000111111111000111100111111101100011000000011100000101011110101011000001111111011000001111110001111011110101111110111010110101011111100111110000101110111110111111110111101010000000011000010000000110000000111111000110111111111 0 2
56	0.000	357.026	( 0 )	11111111110000111111111000111100111111101100011000000011100000101011110101011000001111111011000001111110001111011110101011110111010110101011110100101110010110110111110111101110111101010000001011010010000000110000000111111000110111111111 0 9
59	0.000	363.848	( 0 )	11111111110000111111111000111100111111101100011000000011100000101011110101011000001111111011000001111110001111011110101011010111110110100011110110101010011110110111110111101110111101010000001011110010000000110000000111111000010111111111 0 8
44	0.000	368.950	( 0 )	11111111110000111111111000111100111111101100011000000011100000101011110101011000001111111011000001111110001111011110101011010111110110100011110110101010011110100111100111100110111101000010001011110010000000110000000111111000010111111011 0 6
36	0.000	373.198	( 0 )	11111111110000111111111000111100111111101100011000000011100000101011110101011000001111111011000001111110001111011110101011010111110110100011110110101010011110100111100111100110111101000010001111110010000000101000000111111100010111111010 0 5
40	0.000	380.019	( 0 )	111111111100001111111110001111001111111011000110000000111000001010111101010110000011111110110000011111100011110111101010110101111101101000111101101011100111101001101001111111101111010000100011111110100000001010000011111111-0110111111010 0 8
27	0.000	385.122	( 0 )	111111111100001111111110001111001111111011000110000000111000001010111101010110000011111110110000011111100011110111101010110111111001101000111101101111100111101001101001101111101111010000100011111110100010001010000011111111-0110111111011 0 6
2	0.000	391.944	( 0 )	11111111110000111111111000111100111111101100011000000011100000101011110101011000001111111011000001111110001111011110101011011110100110100011110110110110011110100110100110111111011101000000000111111010001000101000000111111110110111110011 0 8
18	0.000	394.488	( 0 )	11111111110000111111111000111100111111101100011000000011100000101011110101011000001111111011000001111110001111011110101011011110000110100011110110110100011110100110100110111101011101000000000111111010001000101000000111111110110111110011 0 3
77	0.000	400.448	( 0 )	11111111110000111111111000111100111111101100011000000011100000101011110101011000001111111011000001111110001111011110101011011110000110100011110110110100011111100010100110110101011101001000000111110010001000101000000111111010100111110011 0 7
118	0.000	404.696	( 0 )	11111111110000111111111000111100111111101100011000000011100000101011110101011000001111111011000001111110001111011110101011011110000010100011110010110100011111100010100111110101011100001000000111110010001000101000000111111011100111110011 0 5
88	0.000	406.391	( 0 )	11111111110000111111111000111100111111101100011000000011100000101011110101011000001111111011000001111110001111011110101011011110000010100011110010110100010111100010100111110101011110001000000111110010001000101000000111111011100111110011 0 2
20	0.000	412.352	( 0 )	11111111110000111111111000111100111111101100011000000011100000101011110101011000001111111011000001111110001111011110101011111110010010100011100010110110010111100010100111110101001110001000000111110010001000100000000111111011100111110111 0 7
91	0.000	421.784	( 0 )	11111111110000111111111000111100111111101100011000000011100000101011110101011000001111111011000001111110001111011110101001111110010010100011100000110110110111100110101111110101101111000100000111110010001000100000001111111010100111110111 0 11
97	0.000	427.744	( 0 )	11111111110000111111111000111100111111101100011000000011100000101011110101011000001111111011000001111110001111011110101001111111010010100011100000110110110111100110001111110101101111000100100111110000001000100010001111111000101111110111 0 7
82	0.000	434.566	( 0 )	11111111110000111111111000111100111111101100011000000011100000101011110101011000001111111011000001111110001111011110101001111111010010100011110000110110110101100110001111111111101111010100100111110000011010000010001111111000101111110111 0 8
92	0.000	439.668	( 0 )	11111111110000111111111000111100111111101100011000000011100000101011110101011000001111111011000001111110001111011110101001110111010010100011111010110110100101100110001111111111101111010010100111110000011010000010001111111000101111110111 0 6
119	0.000	444.771	( 0 )	1111111111000011111111100011110011111110110001100000001110000010101111010101100000111111101100000111111000111101111010101111011100011010001111101011011010010110011000111111111111111101001010011111000001-010000010000111111000101111110111 0 6
110	0.000	451.592	( 0 )	1111111111000011111111100011110011111110110001100000001110000010101111010101100000111111101100000111111000111101111010101101011100011010001111101011011010110010011000111111111111011101000010001111001001-010000010000111111000101101110111 0 8
22	0.000	460.150	( 0 )	11111111110000111111111000111100111111101100011000000011100000101011110101011000001111111011000001111110001111011110101011010111001110100011111010110110101100100010001111111111010111010000001001110010010010000011000111111010100001110111 0 10
70	0.000	463.545	( 0 )	11111111110000111111111000111100111111101100011000000011100000101011110101011000001111111011000001111110001111011110100011010111001110100011111010100110101100100010001111111111010111010000001001110010010010000011000111111010100011110011 0 4
35	0.000	469.505	( 0 )	11111111110000111111111000111100111111101100011000000011100000101011110101011000001111111011000001111110001111011110100011010011001110100011111010000110111101100010001110111111010111010000001001110010010010000011000111111011100011110001 0 7
108	0.000	477.192	( 0 )	11111111110000111111111000111100111111101100011000000011100000101011110101011000001111111011000001111110001111011110100011010011001110100011111000001110111101100010001110111011010111010000001101011010000010000011011111111011100011110001 0 9
98	0.000	481.439	( 0 )	11111111110000111111111000111100111111101100011000000011100000101011110101011000001111111011000001111110001111011110100011011011001110100011110000001110111101100011001110111011010111010001001101011010000010100011011111111011100011110001 0 5
25	0.000	489.127	( 0 )	11111111110000111111111000111100111111101100011000000011100000101011110101011000001111111011000001111110001111011110100011011111101110100011110000011110111101001011001110111011010111010001011101011010000010110011011111111011000011110011 0 9
38	0.000	494.229	( 0 )	11111111110000111111111000111100111111101100011000000011100000101011110101011000001111111011000001111110001111011110100011011111101110110011110000011100111101001011001010111011010111000001010101011010000010110011011111111011010011110011 0 6
113	0.000	504.542	( 0 )	11111111110000111111111000111100111111101100011000000011100000101011110101011000001111111011000001111110001111011110100010111110101100110011110000011100011101011011001010111011010111000001010101011110000010111111111111111111010011111011 0 12
116	0.000	510.503	( 0 )	11111111110000111111111000111100111111101100011000000011100000101011110101011000001111111011000001111110001111011110100000111110100100110011110010011100011101011-1100001011101101011100000101010101111000001011111111111111-101010011111011 0 7
60	0.000	512.198	( 0 )	11111111110000111111111000111100111111101100011000000011100000101011110101011000001111111011000001111110001111011110100000111110100100110011110010011100011110011111000010111011010111000001010101011110000010111111111111110101010011111011 0 2
3	0.000	514.743	( 0 )	11111111110000111111111000111100111111101100011000000011100000101011110101011000001111111011000001111110001111011110100000111110100100110011110010011100011110111111000010011011010111000001010101011111000010111111111111110101010011111011 0 3
26	0.000	523.300	( 0 )	11111111110000111111111000111100111111101100011000000011100000101011110101011000001111111011000001111110001111011110100000111110100000110111110010001100011110111110000011011111010111000001010101011111010110111111110111100101010011111011 0 10
34	0.000	528.402	( 0 )	11111111110000111111111000111100111111101100011000000011100000101011110101011000001111111011000001111110001111011110100000111110100000110111110010001100011110111110000011010111010101000001010101011111010110111110110111100101110111011011 0 6
99	0.000	536.089	( 0 )	11111111110000111111111000111100111111101100011000000011100000101011110101011000001111111011000001111110001111011110100000011110100000110111110010001100011110111110000111010010010101000111010111011111010110111010110111100001110111011011 0 9
46	0.000	539.484	( 0 )	11111111110000111111111000111100111111101100011000000011100000101011110101011000001111111011000001111110001111011110100000011110100000110111110010101100011010111110100111010010010101000111010111011111010110111010110111100001110111011111 0 4
121	0.000	548.042	( 0 )	11111111110000111111111000111100111111101100011000000011100000101011110101011000001111111011000001111110001111011110100000010110100000110111110010101100011010111110101101010010010101001110010111010011010010111000100111100001110111011111 0 10
14	0.000	552.289	( 0 )	11111111110000111111111000111100111111101100011000000011100000101011110101011000001111111011000001111110001111011110100000010110100100110111111110101100011010111110111101010010010101001110000111010011010010111000100111100001110111011111 0 5
111	0.000	562.602	( 0 )	11111111110000111111111000111100111111101100011000000011100000101011110101011000001111111011000001111110001111011110100000010110101100111111111110101100010010111110111101010010110100111110000101010001010010011000100111100111110111011111 0 12
95	0.000	567.705	( 0 )	11111111110000111111111000111100111111101100011000000011100000101011110101011000001111111011000001111110001111011110100000010110101100111101111111101100010010111110111101011110110100111110000001010001010010011000100011100111110111011111 0 6
42	0.000	572.807	( 0 )	111111111100001111111110001111001111111011000110000000111000001010111101010110000011111110110000011111100011110111101000000101101011001111000111111011000-0010111110111101011110110100111110000000010001010010011000100010000111110111011111 0 6
7	0.000	581.364	( 0 )	11111111110000111111111000111100111111101100011000000011100000101011110101011000001111111011000001111110001111011110100000010110101100111100011111101100000010110110010111011110100000111110000000010001010010011100000000000111110111001111 0 10
29	0.000	589.921	( 0 )	1111111111000011111111100011110011111110110001100000001110000010101111010101100000111111101100000111111000111101111010000000111010111011111001111110110000001-11011000011101111000000011111000000001000-000010011100000000000111110111001101 0 10
30	0.000	595.024	( 0 )	11111111110000111111111000111100111111101100011000000011100000101011110101011000001111111011000001111110001111011110100000001110101111111110011111111100000011110100000111011110000000111110000000010000000010010100000000011111110111001101 0 6
31	0.000	596.719	( 0 )	1111111111000011111111100011110011111110110001100000001110000010101111010101100000111111101100000111111000111101111010000-001110101111111110011111111100000011110100000011011110000000111110000000010000000010010100000000011111110111001101 0 2
32	0.000	608.814	( 0 )	11111111110000111111111000111100111111101100011000000011100000101011110101011000001111111011000001111110001111011110100001001110101111111111111101111100001111110110000011011110000000111110000000011010000010010100011001011111110111111111 0 14
33	0.000	613.917	( 0 )	111111111100001111111110001111001111111011000110000000111000001010111101010110000011111110110000011111100011110111101000010011101011111111111111011111-000111111011000001101111010100001111000000-0110100000100101000110010111111101-1111111 0 6
13	0.000	638.632	( 0 )	11111111110000111111111000111100111111101100011000000011100000101011110101011000001111111011000001111110001111011110101111001100101101010111111101110110000111100110011011011110111110010100000001111001000110010010011111111111111101111111 0 27
12	0.000	638.632	( 0 )	11111111110000111111111000111100111111101100011000000011100000101011110101011000001111111011000001111110001111011110101111001100101101010111111101110110000111100110011011011110111110010100000001111001000110010010011111111111111101111111 0 0
41	0.000	653.459	( 0 )	11111111110000111111111000111100111111101100011000000011100000101011110101011000001111111011000001111110001111011110101100001110101101010111011111110110100111110110011011010110111111010100000011111101000100000010110111111010111101111111 0 17
101	0.000	660.280	( 0 )	11111111110000111111111000111100111111101100011000000011100000101011110101011000001111111011000001111110001111011110100000001110101101010111011111110010100111110110011011010111111101010000000011110101000100000010110111111000111101111111 0 8
48	0.000	668.837	( 0 )	11111111110000111111111000111100111111101100011000000011100000101011110101011000001111111011000001111110001111011110100010001111101101010111011111110010111111110110111010010111101101001000000011110111000100000010110111111000111101111111 0 10
107	0.000	673.085	( 0 )	11111111110000111111111000111100111111101100011000000011100000101011110101011000001111111011000001111110001111011110100011001111101101010111011111110010111011110110111010010011101101001000000011110111000000000010100111111000111101111111 0 5
37	0.000	682.517	( 0 )	11111111110000111111111000111100111111101100011000000011100000101011110101011000001111111011000001111110001111011110100011001111001101011111111111110111111011110110100010011011101101001000000011110111000000000000100111111100111101111110 0 11
89	0.000	686.765	( 0 )	11111111110000111111111000111100111111101100011000000011100000101011110101011000001111111011000001111110001111011110100011001111001101011111111111010111111011110010100010011001111111001000000011110111000000000000100111111100111101111110 0 5
122	0.000	693.586	( 0 )	11111111110000111111111000111100111111101100011000000011100000101011110101011000001111111011000001111110001111011110100011001011000101011111111111010111111011110010000110011101111111000000000011110011000000100000100111111100111101111110 0 8
45	0.000	702.144	( 0 )	11111111110000111111111000111100111111101100011000000011100000101011110101011000001111111011000001111110001111011110100011000011000100011111111110010101111010110010000100011101110111000000100011110011000000100000000111111100111101111111 0 10
39	0.000	708.104	( 0 )	11111111110000111111111000111100111111101100011000000011100000101011110101011000001111111011000001111110001111011110100011100001000100011111110110010101111010110010001100011101110110000000100011111011000000100010000111111100111101111111 0 7
103	0.000	710.648	( 0 )	11111111110000111111111000111100111111101100011000000011100000101011110101011000001111111011000001111110001111011110100111100001000100011111110110010101111010110011001100011101110110000000100011111011000000100010000111111100111101110111 0 3
4	0.000	714.896	( 0 )	11111111110000111111111000111100111111101100011000000011100000101011110101011000001111111011000001111110001111011110100111100001000100011111110110000101111010110011001100011101100010000000100001111011000000100010000111101100111101110111 0 5
50	0.000	721.718	( 0 )	1111111111000011111111100011110011111110110001100000001110000010101111010101100000111111101100000111111000111101111010011110000100010000111101-110001101111010110011011100011101100010000000100001111011000000100010000111100110111111110111 0 8
10	0.000	727.678	( 0 )	11111111110000111111111000111100111111101100011000000011100000101011110101011000001111111011000001111110001111011110100111100000000110101111011010001111111010110011011100011101100010000000100001111011000000100010000111100110111111000111 0 7
79	0.000	735.365	( 0 )	11111111110000111111111000111100111111101100011000000011100000101011110101011000001111111011000001111110001111011110100111100000000110101111011010001111111000110011011100001111101110000000100001111010000001101010000111100010111111000111 0 9
53	0.000	744.797	( 0 )	111111111100001111111110001111001111111011000110000000111000001010111101010110000011111110110000011111100011110111101001111101000001101011110110100011111110000100110111000011111011100000001000-1111110000011101100000100000010111111000111 0 11
52	0.000	745.645	( 0 )	11111111110000111111111000111100111111101100011000000011100000101011110101011000001111111011000001111110001111011110101111110100000110101111011010001111111000010011011100001111101110000000100011111110000011101100000100000010111111000111 0 1
54	0.000	746.492	( 0 )	11111111110000111111111000111100111111101100011000000011100000101011110101011000001111111011000001111110001111011110101111110100000110111111011010001111111000010011011100001111101110000000100011111110000011101100000100000010111111000111 0 1
55	0.000	746.492	( 0 )	11111111110000111111111000111100111111101100011000000011100000101011110101011000001111111011000001111110001111011110101111110100000110111111011010001111111000010011011100001111101110000000100011111110000011101100000100000010111111000111 0 0
