#java OrderMarkers2 map=/flash/EconomoU/Nurit/lepmap/lepmap_varroa/Q40BIALLDP16HDP40mis.5Chr7.Sites_00_01/map_611.txt data=/flash/EconomoU/Nurit/lepmap/lepmap_varroa/Q40BIALLDP16HDP40mis.5Chr7.Sites_00_01/data_f.call useKosambi=1 numMergeIterations=100 sexAveraged=0 outputPhasedData=2 grandparentPhase=1 recombination1=0 recombination2=0.01 chromosome=4 randSeed=5176451417792573491
#*** LG = 4 likelihood = -17288.727
#marker_number	male_position	female_position	( 0.0 )[	phased data]
412	0.000	0.000	( 0 )	00100101010000111111111101111011011100101110111111011000000000001111110011001010111101011011101010000110001101100011111011001110000000000000111010001011100001010000101011010010010000100110000011000001001100110000111000001110000000001001 0 0
411	0.000	0.000	( 0 )	00100101010000111111111101111011011100101110111111011000000000001111110011001010111101011011101010000110001101100011111011001110000000000000111010001011100001010000101011010010010000100110000011000001001100110000111000001110000000001001 0 0
354	0.000	5.960	( 0 )	00100101010000111111111101111011011100101110111111011000000000001111110011001010111101011011101010000110001101100011111011001110000000000000111010001011100000010000101011110010010000110110000000000001001110110000111000001110000000001000 0 7
359	0.000	9.355	( 0 )	00100101010000111111111101111011011100101110111111011000000000001111110011001010111101011011101010000110001101100011111011001110000000000001111010001011100010010000101011110010010000110110000000000001001110110000101000001110000000001010 0 4
371	0.000	15.316	( 0 )	00100101010000111111111101111011011100101110111111011000000000001111110011001010111101011011101010000110001101100011111011001110000000000001111010001011100010000011101011110010000000110110000000000001001110111000101000011100000000001010 0 7
410	0.000	23.003	( 0 )	00100101010000111111111101111011011100101110111111011000000000001111110011001010111101011011101010000110001101100011111011001110000000000001111000001011010010000011111111110000000000111110000000000001000110111100101000011100000000001010 0 9
361	0.000	34.203	( 0 )	00100101010000111111111101111011011100101110111111011000000000001111110011001010111101011011101010000110001101100011111111111100000000000001111000000011010000000011111111110000000000111110000000001001000110101100100000011100111100001010 0 13
394	0.000	47.200	( 0 )	00100101010000111111111101111011011100101110111111011000000000001111110011001010111101011011101010000110001101100011111111111100000000111110001000000011010000010011111111110000000000111110000000001000000110001100000000011000111100001111 0 15
393	0.000	47.200	( 0 )	00100101010000111111111101111011011100101110111111011000000000001111110011001010111101011011101010000110001101100011111111111100000000111110001000000011010000010011111111110000000000111110000000001000000110001100000000011000111100001111 0 0
357	0.000	53.160	( 0 )	00100101010000111111111101111011011100101110111111011000000000001111110011001010111101011011101010000110001101100011111101111110000001111110001010000011011000010011111110110000000000111110000000000000000110001100000000011000111100001111 0 7
376	0.000	59.121	( 0 )	00100101010000111111111101111011011100101110111111011000000000001111110011001010111101011011101010000110001101100011111101111110000101111110001010100001011000010011111110010000000000111110000000000000000010001100000000011000111100001010 0 7
390	0.000	66.808	( 0 )	00100101010000111111111101111011011100101110111111011000000000001111110011001010111101011011101010000110001101100011111100111110000101111110001110110000001100010011111110010000000000111110000000000000000010001100000000011000111100111000 0 9
391	0.000	67.655	( 0 )	00100101010000111111111101111011011100101110111111011000000000001111110011001010111101011011101010000110001101100011111100111110000101111110-01110110000001100010011111110010000000000111110000000000000000010001100000000011000111100111000 0 1
392	0.000	72.758	( 0 )	00100101010000111111111101111011011100101110111111011000000000001111110011001010111101011011101010000110001101100011111100111110000101111111101110010000001100010111111110010000000000111110000000000000000010011100000000011000111100111011 0 6
380	0.000	92.346	( 0 )	00100101010000111111111101111011011100101110111111011000000000001111110011001010111101011011101010000110001101100011111001111110100101111111111000010000000110011110010100010001000010111010000000010000000010110100000110111000111100111011 0 22
348	0.000	97.448	( 0 )	00100101010000111111111101111011011100101110111111011000000000001111110011001010111101011011101010000110001101100011111001111110100101111111111000010000000110011110010100011101000111011010000000010000000010110100000110111001111100111011 0 6
388	0.000	106.881	( 0 )	00100101010000111111111101111011011100101110111111011000000000001111110011001010111101011011101010000110001101100011111001111111100101111111111000010100000111011110010110011101000111010000000010010110000000110100000110111001111101111011 0 11
374	0.000	112.841	( 0 )	00100101010000111111111101111011011100101110111111011000000000001111110011001010111101011011101010000110001101100011111001111111100101110111111010010100000111111110010110011101100111010000000011010110000000110100000111111001111101111111 0 7
407	0.000	122.273	( 0 )	00100101010000111111111101111011011100101110111111011000000000001111110011001010111101011011101010000110001101100011111001010111110101110111111010100100001111111110011010011101100110010000000011110110000000110100000111111000111101111111 0 11
370	0.000	127.376	( 0 )	00100101010000111111111101111011011100101110111111011000000000001111110011001010111101011011101010000110001101100011111001010011110111110011111000100100101111111110011010011101110110010000000011110110000000110100000111111000111101111111 0 6
343	0.000	134.198	( 0 )	00100101010000111111111101111011011100101110111111011000000000001111110011001010111101011011101010000110001101100011111000010011010111110011111000100100101111111110011010011100110110000000000011110110000000110000000111111000001101111101 0 8
360	0.000	141.885	( 0 )	00100101010000111111111101111011011100101110111111011000000000001111110011001010111101011011101010000110001101100011111010010011011111110011111000110000101111101110011010011100110100000001000011110011000000110000000111111000001101111101 0 9
356	0.000	148.706	( 0 )	001001010100001111111111011110110111001011101111110110000000000011111100110010101111010110111010100001100011011000111111100100111111111100111110101110001011111011100110100111001101000000010000111100110-0100100000000111111100001101111101 0 8
349	0.000	153.809	( 0 )	001001010100001111111111011110110111001011101111110110000000000011111100110010101111010110111010100001100011011000111111100100111111111100111111101110001011111011101110100110101101000000010000111100110-0100100010000111111110001101111101 0 6
403	0.000	161.496	( 0 )	00100101010000111111111101111011011100101110111111011000000000001111110011001010111101011011101010000110001101100011111110000011111111111011101100111000101111101110111110010010111100000001000011110010010101100010000111111110001101111101 0 9
408	0.000	164.891	( 0 )	00100101010000111111111101111011011100101110111111011000000000001111110011001010111101011011101010000110001101100011111110000011111111111011101100111000101110101111111110010010111100000001000011110010010101100010000111111110101101111111 0 4
372	0.000	170.851	( 0 )	00100101010000111111111101111011011100101110111111011000000000001111110011001010111101011011101010000110001101100011111110000011111111111011001100111000101110101111111110010010111100000001000011110010110001000010000111111010100101111110 0 7
405	0.000	178.538	( 0 )	001001010100001111111111011110110111001011101111110110000000000011111100110010101111010110111010100001100011011000111111110000111111111110110011000110000011001011110111-0110010111101000001001011110010110001000010010111111010100101111110 0 9
397	0.000	187.095	( 0 )	001001010100001111111111011110110111001011101111110110000000000011111100110010101111010110111010100001100011011000111111110000111110111110110011000110000001011001100101-1110010110101000000001011110010110011000010010111111010100101111110 0 10
378	0.000	193.056	( 0 )	00100101010000111111111101111011011100101110111111011000000000001111110011001010111101011011101010000110001101100011111111000011111011111011001100011000000111100110010101110011110101000010000011110011100011000010010111111010100101111110 0 7
345	0.000	199.016	( 0 )	001001010100001111111111011110110111001011101111110110000000000011111100110010101111010110111010100001100011011000111111010001111110111110110111000110000001111001100101011101111001010000100000111100111000110000000-0111111010100101111110 0 7
363	0.000	207.573	( 0 )	001001010100001111111111011110110111001011101111110110000000000011111100110010101111010110111010100001100011011000111111010001111110111111110111000110000101101101100101111101111001010000100000111100110000000000000-0111111010110101111111 0 10
400	0.000	212.675	( 0 )	00100101010000111111111101111011011100101110111111011000000000001111110011001010111101011011101010000110001101100011110101000111111011101111011100011000010110110110010111110111100101010010000011110011000000101000000111111010111101111111 0 6
368	0.000	221.233	( 0 )	00100101010000111111111101111011011100101110111111011000000000001111110011001010111101011011101010000110001101100011110111000110101011001111011000011000011110110110010111110111100101010000000011110001000001101000000111111000111101111111 0 10
346	0.000	227.193	( 0 )	00100101010000111111111101111011011100101110111111011000000000001111110011001010111101011011101010000110001101100011110111000110100011001111011010011000011110110110110101110110100101010000000011110001000001100001000111111000111101111111 0 7
382	0.000	234.015	( 0 )	00100101010000111111111101111011011100101110111111011000000000001111110011001010111101011011101010000110001101100011110111000010100011001111011010011010011100110110110101110110101001010000001011110001100001100001000111111001111101111111 0 8
366	0.000	239.975	( 0 )	00100101010000111111111101111011011100101110111111011000000000001111110011001010111101011011101010000110001101100011110111001010100011001111011010011010011000110110110101110110101001010100001011110111100001100001000111111001111111111011 0 7
373	0.000	246.797	( 0 )	00100101010000111111111101111011011100101110111111011000000000001111110011001010111101011011101010000110001101100011111111001010100011001111-11010010010111000110010110111110110111001010100001011110111100001000001000111111001111111111011 0 8
367	0.000	254.484	( 0 )	00100101010000111111111101111011011100101110111111011000000000001111110011001010111101011011101010000110001101100011111111001010100011001111-11010010010111001101011110111010110111001010100100011010111100001000001000111111101111111111011 0 9
350	0.000	261.305	( 0 )	00100101010000111111111101111011011100101110111111011000000000001111110011001010111101011011101010000110001101100011111111001010100010001111101110010010111001101011110111011110011001110100100111010111100001000001100111111101111111111011 0 8
398	0.000	266.408	( 0 )	001001010100001111111111011110110111001011101111110110000000000011111100110010101111010110111010100001100011011000111111111010101000101011111011100100101110011010111101110111100110011101101001110101111000010100011001111111-1111111111111 0 6
381	0.000	273.229	( 0 )	001001010100001111111111011110110111001011101111110110000000000011111100110010101111010110111010100001100011011000111111111010101010101011111011100101101110111010110101110111100110011101101011110101111000010110011001111110-1111101111111 0 8
365	0.000	279.190	( 0 )	00100101010000111111111101111011011100101110111111011000000000001111110011001010111101011011101010000110001101100011110111111110111010001111101110010100111011100011010111011110011001110110101111010111100001011001100111111011111101111111 0 7
375	0.000	284.292	( 0 )	00100101010000111111111101111011011100101110111111011000000000001111110011001010111101011011101010000110001101100011110111111110111010001111101010010100111011100011010111011110111101111110101111010111100001011001100111111011111101110110 0 6
379	0.000	289.394	( 0 )	00100101010000111111111101111011011100101110111111011000000000001111110011001010111101011011101010000110001101100011110111111110111010001111111010110100111011100011010111011110111101111110100111010101100001001001100111101011111101110110 0 6
353	0.000	293.642	( 0 )	00100101010000111111111101111011011100101110111111011000000000001111110011001010111101011011101010000110001101100011110111111110111010001111111010110100111011100111010111011110111101111110100111010101100011001000110111101011111101110100 0 5
406	0.000	299.602	( 0 )	00100101010000111111111101111011011100101110111111011000000000001111110011001010111101011011101010000110001101100011110101111110111010001111111010110100111111100111010111011110111101101010110111010101100010001000010111101011111101110100 0 7
404	0.000	307.289	( 0 )	00100101010000111111111101111011011100101110111111011000000000001111110011001010111101011011101010000110001101100011110101111110111010000011111010110110111111100111010111011111111111100010110011010101000010001000010111101111111101110100 0 9
396	0.000	314.976	( 0 )	00100101010000111111111101111011011100101110111111011000000000001111110011001010111101011011101010000110001101100011111101111110111000000001111010110010111111100111010111011111111111100010110011010101001010010000000111100111111101110100 0 9
344	0.000	322.664	( 0 )	00100101010000111111111101111011011100101110111111011000000000001111110011001010111101011011101010000110001101100011111101111110111000000001111010110010001111100101010111011111111111100010111010010100001010010001000101100111111101110000 0 9
342	0.000	329.485	( 0 )	00100101010000111111111101111011011100101110111111011000000000001111110011001010111101011011101010000110001101100011111101111110111000000001111010010010001111100000000011001111111111100010111010010100001010010001000101000111111101010000 0 8
355	0.000	338.042	( 0 )	00100101010000111111111101111011011100101110111111011000000000001111110011001010111101011011101010000110001101100011111101111110111000100001111100010010001111100000000011001111111011100010111010010100101110010101000101001111111000010000 0 10
369	0.000	344.003	( 0 )	00100101010000111111111101111011011100101110111111011000000000001111110011001010111101011011101010000110001101100011111101111110111000100001111100011010001111110000000011001111011011100000111010010100101110011101101101001111111000010000 0 7
387	0.000	349.963	( 0 )	001001010100001111111111011110110111001011101111110110000000000011111100110010101111010110111010100001100011011000111111011111101110001000011111000111100011111100000000110011110110111000001110110101001011111111011-1101001111001000010000 0 7
352	0.000	355.923	( 0 )	00100101010000111111111101111011011100101110111111011000000000001111110011001010111101011011101010000110001101100011111101111110111000100001111000111110001111010000000010001111011011100000101011010000101111111101111101101111001000010000 0 7
362	0.000	362.745	( 0 )	00100101010000111111111101111011011100101110111111011000000000001111110011001010111101011011101010000110001101100011111001111110111000100001111000111110001110010100000010011111011011101010101011010010101011111101111101101111001000010000 0 8
377	0.000	366.992	( 0 )	00100101010000111111111101111011011100101110111111011000000000001111110011001010111101011011101010000110001101100011111001111110111000100011111000111110001110010100000010011101010111101010101011010010001011111101111101101111001000010000 0 5
399	0.000	374.679	( 0 )	00100101010000111111111101111011011100101110111111011000000000001111110011001010111101011011101010000110001101100011110001111110111000100010111000111010001110010100000010011001010111001010101010010010001011111001111101100110001000010000 0 9
358	0.000	378.927	( 0 )	00100101010000111111111101111011011100101110111111011000000000001111110011001010111101011011101010000110001101100011110001111110111000100010111000111010001110010100000010011001010111001010101010010010001011111000100101100110000000110000 0 5
389	0.000	388.359	( 0 )	001001010100001111111111011110110111001011101111110110000000000011111100110010101111010110111010100001100011011000111110011111101111000000101010001110100011000101000000100110-10-011100101010101-110010011011111000100111100110000000110000 0 11
386	0.000	394.320	( 0 )	00100101010000111111111101111011011100101110111111011000000000001111110011001010111101011011101010000110001101100011111001111110111100000010101000111010001100010110000010111011000111000010101011110010111011111000100111111100000000110000 0 7
364	0.000	402.007	( 0 )	00100101010000111111111101111011011100101110111111011000000000001111110011001010111101011011101010000110001101100011111001111110111100010011101000111010001100010111000010111011000111000110101011110010101010111000100111111101000001110001 0 9
347	0.000	407.109	( 0 )	00100101010000111111111101111011011100101110111111011000000000001111110011001010111101011011101010000110001101100011111001111110110100010011101000111010001100010111000111111011000111000110101011110010100010001000100111111101000001110001 0 6
395	0.000	413.069	( 0 )	00100101010000111111111101111011011100101110111111011000000000001111110011001010111101011011101010000110001101100011111001111110110100010011101000111010001100010111100111111111010111000110001011110010100010001000101111111101100001110101 0 7
385	0.000	420.756	( 0 )	00100101010000111111111101111011011100101110111111011000000000001111110011001010111101011011101010000110001101100011111001111110110100010011100000111010001101010111100101100111010101000110001011110010100010001010001111111001100001110101 0 9
384	0.000	429.314	( 0 )	00100101010000111111111101111011011100101110111111011000000000001111110011001010111101011011101010000110001101100011111000111110110100010011100001111010101101010011100101100011010101000010000011110010110110001010000111111001100001110101 0 10
351	0.000	437.871	( 0 )	00100101010000111111111101111011011100101110111111011000000000001111110011001010111101011011101010000110001101100011111000111110111100010011100101101010101101010011100000100001010101100010000011110111110110001010000111111001100001111101 0 10
409	0.000	441.266	( 0 )	00100101010000111111111101111011011100101110111111011000000000001111110011001010111101011011101010000110001101100011111000011110111100010011100101101010101101010011100000101001010101100010010011110111110110001011000111111001100001111101 0 4
401	0.000	448.087	( 0 )	00100101010000111111111101111011011100101110111111011000000000001111110011001010111101011011101010000110001101100011111000011110111100010011101101101010111101000011100000101001010101100110010011110101111110000011010111111001100001111101 0 8
383	0.000	451.483	( 0 )	00100101010000111111111101111011011100101110111111011000000000001111110011001010111101011011101010000110001101100011110000011110111100010011101101101010111101000011100000101001010100110110011011110101111110000011010111111001100001111101 0 4
402	0.000	463.577	( 0 )	00100101010000111111111101111011011100101110111111011000000000001111110011001010111101011011101010000110001101100011110000011110111100010011111111100010111111000010100000000001000000111110011111010101111110000011010111111000100001111111 0 14
