#java OrderMarkers2 map=/flash/EconomoU/Nurit/lepmap/lepmap_varroa/Q40BIALLDP16HDP40mis.5Chr7.Sites_00_01/map_611.txt data=/flash/EconomoU/Nurit/lepmap/lepmap_varroa/Q40BIALLDP16HDP40mis.5Chr7.Sites_00_01/data_f.call useKosambi=1 numMergeIterations=100 sexAveraged=0 outputPhasedData=2 grandparentPhase=1 recombination1=0 recombination2=0.01 chromosome=5 randSeed=1033174072464701100
#*** LG = 5 likelihood = -15358.234
#marker_number	male_position	female_position	( 0.0 )[	phased data]
451	0.000	0.000	( 0 )	00001111010000010000000011111100111101011000111111000011111111110000111001111101110010110011011000000111111001000000100001000010111110100001110000111110101111100100000011101110101101001000100011111100000110101111010111111001111000110101 0 0
479	0.000	6.822	( 0 )	00001111010000010000000011111100111101011000111111000011111111110000111001111101110010110011011000000111111001000000101001000010111110100001110000101111101110100010010011101100101101001000100011111100000110101111010111111001111000110101 0 8
454	0.000	11.069	( 0 )	00001111010000010000000011111100111101011000111111000011111111110000111001111101110010110011011000000111111001000000101001000110111110100001110000101111101110100011011111101100101101001000100011111100000110101110010111111001111000110101 0 5
433	0.000	18.756	( 0 )	00001111010000010000000011111100111101011000111111000011111111110000111001111101110010110011011000000111111001000000101001000110111110100001110000101111101110100011111111101100101001101010100011111101100110101110010111111110111000110101 0 9
448	0.000	23.859	( 0 )	00001111010000010000000011111100111101011000111111000011111111110000111001111101110010110011011000000111111001000000101001000110111010100001111100101111101110100011111111101110101001101010100011111101100110001110010111111110111000111101 0 6
426	0.000	32.416	( 0 )	00001111010000010000000011111100111101011000111111000011111111110000111001111101110010110011011000000111111001000000101001000110111000000001111110101111101010100011111111101110101001101010000011111101110110001110000111111111111100111111 0 10
425	0.000	33.263	( 0 )	00001111010000010000000011111100111101011000111111000011111111110000111001111101110010110011011000000111111001000000101001000110111000000001111110101111101011100011111111101110101001101010000011111101110110001110000111111111111100111111 0 1
461	0.000	42.696	( 0 )	00001111010000010000000011111100111101011000111111000011111111110000111001111101110010110011011000000111111001000000100001000110110000000001010110101101101011000011111111101110101011101010000011111101110100000110000111111110111100111110 0 11
471	0.000	53.009	( 0 )	00001111010000010000000011111100111101011000111111000011111111110000111001111101110010110011011000000111111001000000100001000110110100000000010110111101111011000011111111101111111111101010000011111101110100000110110111111100010100111110 0 12
447	0.000	60.696	( 0 )	00001111010000010000000011111100111101011000111111000011111111110000111001111101110010110011011000000111111001000000100001000110100110000000010110110001111011000011111111101111111111101010011011111101110101010110110111011100010100111110 0 9
455	0.000	66.656	( 0 )	00001111010000010000000011111100111101011000111111000011111111110000111001111101110010110011011000000111111001000000100001000010100110000000010111110001111011000011111101001111111111100010011011111101110101010110110110001100010100111110 0 7
462	0.000	75.214	( 0 )	00001111010000010000000011111100111101011000111111000011111111110000111001111101110010110011011000000111111001000000101001000010000110000000001111110001111011000011111100001111111111000010011011111101100001010110111110001000010100111110 0 10
463	0.000	78.609	( 0 )	00001111010000010000000011111100111101011000111111000011111111110000111001111101110010110011011000000111111001000000101001000010000110000000001111100001111011000011111100001111111111000010011011111101100001010110111110101000-1010-111110 0 4
427	0.000	89.809	( 0 )	00001111010000010000000011111100111101011000111111000011111111110000111001111101110010110011011000000111111001000000101001000010000111010111001111100001111011100011111110011111111111000010010011111001100001000110101111101000110101111110 0 13
420	0.000	94.057	( 0 )	00001111010000010000000011111100111101011000111111000011111111110000111001111101110010110011011000000111111001000000101001000010000111010111001111100001101011100011111110011111111111000010010011111001100011000100101111111100110101111110 0 5
453	0.000	101.744	( 0 )	00001111010000010000000011111100111101011000111111000011111111110000111001111101110010110011011000000111111001000000101001000110000111010111001111110001101011110011111110011110111111100010010011111001100010010100101111111100111101111111 0 9
423	0.000	110.301	( 0 )	00001111010000010000000011111100111101011000111111000011111111110000111001111101110010110011011000000111111001000000101101001111000111010111001111111001101011110011111111010010111111100010010011111001100010010100101111111110111101110101 0 10
439	0.000	114.548	( 0 )	000011110100000100000000111111001111010110001111110000111111111100001110011111011100101100110110000001111110010000001011-1001111000111010111000010111011101011110011111111010010111111100010010011111001100010010100101111111110111101110101 0 5
432	0.000	122.236	( 0 )	000011110100000100000000111111001111010110001111110000111111111100001110011111011100101100110110000001111110010000001011-1001111000011010111000010111011101011110010111111010011110111110010010011111001000010011100000111111110111101110101 0 9
438	0.000	131.668	( 0 )	00001111010000010000000011111100111101011000111111000011111111110000111001111101110010110011011000000111111001000000101111001111000011110011000010011010011011110010111111010011110111110000000011111011000010111100000111111110111101110111 0 11
458	0.000	138.490	( 0 )	00001111010000010000000011111100111101011000111111000011111111110000111001111101110010110011011000000111111001000000101111000111000011110011100010011110011011110010110101010011110111110000000011111111000011111100000111111110111101111111 0 8
475	0.000	146.177	( 0 )	00001111010000010000000011111100111101011000111111000011111111110000111001111101110010110011011000000111111001000000100111110111000011110010100110111110011011110010110101010011101111110000000011111111000011111100000111111110111001111111 0 9
430	0.000	152.137	( 0 )	00001111010000010000000011111100111101011000111111000011111111110000111001111101110010110011011000000111111001000000100111110111000011110010110110101110011011110010110100010111101111110000000111111111000011101100000111111100111001111111 0 7
424	0.000	162.450	( 0 )	00001111010000010000000011111100111101011000111111000011111111110000111001111101110010110011011000000111111001000000100101110111000010110110110100101110011010110011010110010111101111110000000111111111000000001100000111111100110001111111 0 12
419	0.000	166.698	( 0 )	00001111010000010000000011111100111101011000111111000011111111110000111001111101110010110011011000000111111001000000100101110111010010110110110100101110011000110011010110010111011111110000000111111111100000001100000111111100110001111111 0 5
449	0.000	171.800	( 0 )	00001111010000010000000011111100111101011000111111000011111111110000111001111101110010110011011000000111111001000000100101110011010010110110010100101110011000110011010010010111011111000000000111111111100001001100000111111100110001111111 0 6
457	0.000	182.113	( 0 )	00001111010000010000000011111100111101011000111111000011111111110000111001111101110010110011011000000111111001000000100101101011010011110110010100101110011001110011010010111111111111000100000111011111111001001100000111111100110011111111 0 12
431	0.000	187.216	( 0 )	00001111010000010000000011111100111101011000111111000011111111110000111001111101110010110011011000000111111001000000100001101011010011110110010100101110011001110111010010111111111111000100000001011111111001001111000111111100110011111111 0 6
440	0.000	189.760	( 0 )	00001111010000010000000011111100111101011000111111000011111111110000111001111101110010110011011000000111111001000000100001101011010011010110010100001110011011110111010010111111111111000100000001011111111001001111000111111100110011111111 0 3
418	0.000	194.863	( 0 )	00001111010000010000000011111100111101011000111111000011111111110000111001111101110010110011011000000111111001000000100001101011010011000110010100001010000011110111010010111111111111000100000001011011111001001111000111111100110111111111 0 6
452	0.000	199.965	( 0 )	00001111010000010000000011111100111101011000111111000011111111110000111001111101110010110011011000000111111001000000100000101011010011000111010110001010000011110111000010111110111111000100000001011010111001001111000111111100110111111111 0 6
445	0.000	205.925	( 0 )	00001111010000010000000011111100111101011000111111000011111111110000111001111101110010110011011000000111111001000000100000111011010011000111010111001010000011110111000010111110111111000110000000011010101001001011000111111000110111111111 0 7
450	0.000	211.028	( 0 )	00001111010000010000000011111100111101011000111111000011111111110000111001111101110010110011011000000111111001000000100000111011010011000111011111001011000011110111000010111110111111000110000000011000001001111011000111111000110111111111 0 6
460	0.000	216.988	( 0 )	00001111010000010000000011111100111101011000111111000011111111110000111001111101110010110011011000000111111001000000100000111111010011000111001111001011000011110111000010110110111111000010000000011000000011111010000111111000110111111111 0 7
456	0.000	221.236	( 0 )	00001111010000010000000011111100111101011000111111000011111111110000111001111101110010110011011000000111111001000000100000111111001011000111001111001011000011110111000010110110011111100010000000011000000011111010000111111000110011111111 0 5
464	0.000	229.793	( 0 )	00001111010000010000000011111100111101011000111111000011111111110000111001111101110010110011011000000111111001000000100000001111001001000111001111000011000011110111001010110110011111100110000010011000000111111000000111111000110011110111 0 10
443	0.000	237.480	( 0 )	0000111101000001000000001111110011110101100011111100001111111111000011100111110111001011001101100000011111100100000010001000111000100110011100111110001100101111011001101011-110011111100110000010011000000111111000000111111000100011110111 0 9
459	0.000	245.167	( 0 )	0000111101000001000000001111110011110101100011111100001111111111000011100111110111001011001101100000011111100100000010001001111000100110011100111110001100101111011001101001-110011111001110000010011010000111011000000111111010101011110011 0 9
444	0.000	252.854	( 0 )	00001111010000010000000011111100111101011000111111000011111111110000111001111101110010110011011000000111111001000000100011111110001001101111001111100011001011100110011010011110011111001110001011110110000111011000000111111010101011110011 0 9
470	0.000	257.956	( 0 )	00001111010000010000000011111100111101011000111111000011111111110000111001111101110010110011011000000111111001000000100011111110001001111111001111100010000011100110011010011110011111001110001011110100100111011000000111111010101010110011 0 6
414	0.000	266.514	( 0 )	000011110100000100000000111111001111010110001111110000111111111100001110011111011100101100110110000001111110010000001001111111100010011111110011111000100000101-0110011010011000111111000111001011110100100111011000000111111010101110111011 0 10
428	0.000	270.761	( 0 )	000011110100000100000000111111001111010110001111110000111111111100001110011111011100101100110110000001111110010000001001111111100010011111110011111000100001101-0110001010001000111111000011001011110101100111011000000111111010101110111011 0 5
468	0.000	277.583	( 0 )	000011110100000100000000111111001111010110001111110000111111111100001110011111011100101100110110000001111110010000001001111111100010011110110011111010000001101-0110001110001100101111000011000011110101100111011001000111111010101110111011 0 8
446	0.000	283.543	( 0 )	000011110100000100000000111111001111010110001111110000111111111100001110011111011100101100110110000001111110010000001001111101100010011110110000111010000001111-0110001110001100101111000011000011111101100111011001000111111110101111111011 0 7
436	0.000	291.230	( 0 )	00001111010000010000000011111100111101011000111111000011111111110000111001111101110010110011011000000111111001000000100111110110000001111011000011111000000111110110001110001100101111101011000011111101000111011101011111111110101111111001 0 9
437	0.000	299.787	( 0 )	00001111010000010000000011111100111101011000111111000011111111110000111001111101110010110011011000000111111001000000100111110110000101111011000011111000010111110110011110010100101111101011000011101101000111111101011111111101101011111001 0 10
416	0.000	305.748	( 0 )	00001111010000010000000011111100111101011000111111000011111111110000111001111101110010110011011000000111111001000000100111110100000100111111000011111001010111110110011110010100111111101011000011101001010111111101011111111101101011111001 0 7
473	0.000	312.569	( 0 )	00001111010000010000000011111100111101011000111111000011111111110000111001111101110010110011011000000111111001000000100111110100000100111111000011111001010111110111011110010001011111101011000001101001010111101101011111110101101011011001 0 8
434	0.000	315.114	( 0 )	00001111010000010000000011111100111101011000111111000011111111110000111001111101110010110011011000000111111001000000100111110100000100111111000011111001010111110111011110010001011111101000000001101001010111101101011111110101101111011001 0 3
435	0.000	323.671	( 0 )	00001111010000010000000011111100111101011000111111000011111111110000111001111101110010110011011000000111111001000000100111110100000100111111100011101001111111110111011110010001011111101000000001100001010111101111001111110111101111010000 0 10
415	0.000	329.631	( 0 )	00001111010000010000000011111100111101011000111111000011111111110000111001111101110010110011011000000111111001000000100111110010001100111111100010101001111111110111011110010001011111001000000001100001010111101111001111111111101111010010 0 7
466	0.000	334.734	( 0 )	00001111010000010000000011111100111101011000111111000011111111110000111001111101110010110011011000000111111001000000100111111010001100011111110010101001111111110111011110010001011110001000000001110001010111101111001111111111101111110010 0 6
429	0.000	341.555	( 0 )	000011110100000100000000111111001111010110001111110000111111111100001110011111011100101100110110000001111110010000001001011110100111000111111100101010011111111111110110100100010111100010-0000001110001010111101011001111111101101111110110 0 8
478	0.000	344.950	( 0 )	000011110100000100000000111111001111010110001111110000111111111100001110011111011100101100110110000001111110010000001001011110100111000111111100101010011111111111110110100100010101100010-0000001110001010111001011001111111101101111111111 0 4
422	0.000	349.198	( 0 )	00001111010000010000000011111100111101011000111111000011111111110000111001111101110010110011011000000111111001000000100100111110010100011111110010101001111111111111011010010001010110001010000001110000010111001011001111111001101111111111 0 5
465	0.000	361.293	( 0 )	00001111010000010000000011111100111101011000111111000011111111110000111001111101110010110011011000000111111001000000100100111100010000001111110010101011101111111110011010010001010110000010000001010000010011000000001111111001111110111111 0 14
467	0.000	371.606	( 0 )	00001111010000010000000011111100111101011000111111000011111111110000111001111101110010110011011000000111111001000000100010111100010000001111110010111011100111111110011110010001100100000010001001010000010001000000000111111001011110111111 0 12
417	0.000	377.566	( 0 )	00001111010000010000000011111100111101011000111111000011111111110000111001111101110010110011011000000111111001000000100010101100010000001111110010111111000111111110011110010000100100000010001001010000010001000001000111111000011010111111 0 7
477	0.000	386.124	( 0 )	00001111010000010000000011111100111101011000111111000011111111110000111001111101110010110011011000000111111001000000100010101100010000001111110000010110000111101110011110010010100000000010001001010000000000000001000111111000011010111101 0 10
413	0.000	392.945	( 0 )	00001111010000010000000011111100111101011000111111000011111111110000111001111101110010110011011000000111111001000000100010101100010000001011100000010110000111100010010010010010100000000010001001011000000000000001000111111000011010110101 0 8
472	0.000	397.193	( 0 )	00001111010000010000000011111100111101011000111111000011111111110000111001111101110010110011011000000111111001000000100010101100011010001011100000010110000111000010000010010010100000000010001001011000000000000001000111111000001010110101 0 5
441	0.000	401.440	( 0 )	00001111010000010000000011111100111101011000111111000011111111110000111001111101110010110011011000000111111001000000100010111100011010001011101000010110000111000010000010010010100000000010000001011000000000010001000111111000001010110111 0 5
421	0.000	407.400	( 0 )	00001111010000010000000011111100111101011000111111000011111111110000111001111101110010110011011000000111111001000000100010011100011010001011101000110110000011000010000010011010100000000000000001011000000100010001000111111000001011110111 0 7
469	0.000	414.222	( 0 )	00001111010000010000000011111100111101011000111111000011111111110000111001111101110010110011011000000111111001000000100010011100011010001010101000110100000001000010000010011011100000000000000000011000000100010001000101101000001011110110 0 8
442	0.000	421.909	( 0 )	00001111010000010000000011111100111101011000111111000011111111110000111001111101110010110011011000000111111001000000100010011100011010001010101000110100000001010010000000011011110000000000000000011000000100010011000001100000000011000110 0 9
476	0.000	429.596	( 0 )	00001111010000010000000011111100111101011000111111000011111111110000111001111101110010110011011000000111111001000000100010011100011010101110101100000100000001010000000000011011110000000000000000011000010100010011001001100001000011000110 0 9
474	0.000	438.153	( 0 )	00001111010000010000000011111100111101011000111111000011111111110000111001111101110010110011011000000111111001000000100000011100011010101110001110000000000000010000000000001011110000000000000000010000011100010011001011100001100011000110 0 10
