#java OrderMarkers2 map=/flash/EconomoU/Nurit/lepmap/lepmap_varroa/Q40BIALLDP16HDP40mis.5Chr7.Sites_00_01/map_611.txt data=/flash/EconomoU/Nurit/lepmap/lepmap_varroa/Q40BIALLDP16HDP40mis.5Chr7.Sites_00_01/data_f.call useKosambi=1 numMergeIterations=100 sexAveraged=0 outputPhasedData=2 grandparentPhase=1 recombination1=0 recombination2=0.01 chromosome=6 randSeed=1169403842095120305
#*** LG = 6 likelihood = -14370.0126
#marker_number	male_position	female_position	( 0.0 )[	phased data]
493	0.000	0.000	( 0 )	01101101011110001111111110011011000001000111000000111100011111110000010010000010100100111111111011101001111111000000101001011101111000110111111000000000000011110101000011110001111111010100110000000000001011111100000000000111011000111111 0 0
492	0.000	5.960	( 0 )	01101101011110001111111110011011000001000111000000111100011111110000010010000010100100111111111011101001111111000000101001011101111000111111111000001100001111111101001011110001111111010100110000000000001011111100000000000111011000111111 0 7
501	0.000	11.063	( 0 )	01101101011110001111111110011011000001000111000000111100011111110000010010000010100100111111111011101001111111000000101001011111111000111111111110001100001111111101001011110001111111010100110000000001001011111100000000000111011000111100 0 6
495	0.000	11.063	( 0 )	01101101011110001111111110011011000001000111000000111100011111110000010010000010100100111111111011101001111111000000101001011111111000111111111110001100001111111101001011110001111111010100110000000001001011111100000000000111011000111100 0 0
494	0.000	11.063	( 0 )	01101101011110001111111110011011000001000111000000111100011111110000010010000010100100111111111011101001111111000000101001011111111000111111111110001100001111111101001011110001111111010100110000000001001011111100000000000111011000111100 0 0
498	0.000	17.023	( 0 )	01101101011110001111111110011011000001000111000000111100011111110000010010000010100100111111111011101001111111000000101001011111111000111111111110000000000001111100000011110001111111010100110000000001001011111100000000000111011000111100 0 7
500	0.000	17.023	( 0 )	01101101011110001111111110011011000001000111000000111100011111110000010010000010100100111111111011101001111111000000101001011111111000111111111110000000000001111100000011110001111111010100110000000001001011111100000000000111011000111100 0 0
496	0.000	17.023	( 0 )	01101101011110001111111110011011000001000111000000111100011111110000010010000010100100111111111011101001111111000000101001011111111000111111111110000000000001111100000011110001111111010100110000000001001011111100000000000111011000111100 0 0
499	0.000	17.870	( 0 )	01101101011110001111111110011011000001000111000000111100011111110000010010000010100100111111111011101001111111000000101001011111111000111111111110000000000001111100000011110001111111000100110000000001001011111100000000000111011000111100 0 1
497	0.000	18.718	( 0 )	01101101011110001111111110011011000001000111000000111100011111110000010010000010100100111111111011101001111111000000101001011111111000111111111110000000000001111100000011110001111111000100110000000001001011111100000000000111011001111100 0 1
491	0.000	33.545	( 0 )	01101101011110001111111110011011000001000111000000111100011111110000010010000010100100111111111011101001111111000000101001001011111010011011110011000000010000101100000001110001101111000000110000000001001011111101000010000111010001111100 0 17
489	0.000	48.371	( 0 )	01101101011110001111111110011011000001000111000000111100011111110000010010000010100100111111111011101001111111000000101001001011111010011011110011101000011000101110000001011001101110000000100000000001000011101101000110111101100001111100 0 17
487	0.000	56.928	( 0 )	01101101011110001111111110011011000001000111000000111100011111110000010010000010100100111111111011101001111111000000101011001011111010101011110111101000011010101110010001011111101110000000100000000001000011101101010111111101100001111100 0 10
486	0.000	63.750	( 0 )	01101101011110001111111110011011000001000111000000111100011111110000010010000010100100111111111011101001111111000000101011001010111010101011110111111000011010101110010101011111101110000000100001000011000011101001010111111111100001111101 0 8
514	0.000	71.437	( 0 )	01101101011110001111111110011011000001000111000000111100011111110000010010000010100100111111111011101001111111000000100011101010111010100011110111111000011010101010010101011011101110000000100001000010000011101001010111111011000101111101 0 9
513	0.000	78.259	( 0 )	0110110101111000111111111001101100000100011100000011110001111111000001001000001010010011111111101110100111111100000010001110101011001010001111011-111000011001101010011111011011101110000000000001000010000011101001010111111011000101111111 0 8
517	0.000	81.654	( 0 )	01101101011110001111111110011011000001000111000000111100011111110000010010000010100100111111111011101001111111000000100011100010110010100011110110111000011001101010111111010011101110000100000001000010000011101001010111111011000101111111 0 4
483	0.000	89.341	( 0 )	01101101011110001111111110011011000001000111000000111100011111110000010010000010100100111111111011101001111111000000100010100010110010000011110110101000011001101010111101010101101111000100000001000010000011101001000111111001000101111111 0 9
520	0.000	96.163	( 0 )	01101101011110001111111110011011000001000111000000111100011111110000010010000010100100111111111011101001111111000000100110100010100010000011110110101000111001101111111101010101001111000100000001000010000011101001000111111001110101111111 0 8
537	0.000	103.850	( 0 )	01101101011110001111111110011011000001000111000000111100011111110000010010000010100100111111111011101001111111000000100100100010100000000011110110111000111011101111111111110100000111000100000001000010000011101001000111111001110100111111 0 9
515	0.000	115.945	( 0 )	01101101011110001111111110011011000001000111000000111100011111110000010010000010100100111111111011101001111111000000100100100010100000000001111110111111111011101111111111110000000110100110000001000000000011101000000111100000110100111111 0 14
519	0.000	125.377	( 0 )	01101101011110001111111110011011000001000111000000111100011111110000010010000010100100111111111011101001111111000000100111100010100100000001101111111111111011101111111111110000000110101110110001010000000011111000000111100010110100111111 0 11
481	0.000	140.204	( 0 )	01101101011110001111111110011011000001000111000000111100011111110000010010000010100100111111111011101001111111000000100111100011110100000111101101111111111001111111110111110000110110101010110001110010000011111000000111111110110100111101 0 17
480	0.000	141.899	( 0 )	01101101011110001111111110011011000001000111000000111100011111110000010010000010100100111111111011101001111111000000100111100011110100000111101101111111111001110111110111110000110110101010110001110010000010111000000111111110110100111101 0 2
541	0.000	152.213	( 0 )	01101101011110001111111110011011000001000111000000111100011111110000010010000010100100111111111011101001111111000000100111101011110110000111101111111011111001110111110110110000111111101000010001110010000010111000000111111110100111111101 0 12
530	0.000	159.900	( 0 )	01101101011110001111111110011011000001000111000000111100011111110000010010000010100100111111111011101001111111000000100011101011110110000111101111011011111011110111110100110010111111101100010001110010000000010000000111111110100111111101 0 9
536	0.000	168.457	( 0 )	01101101011110001111111110011011000001000111000000111100011111110000010010000010100100111111111011101001111111000000100011101001110110000111100110000011111011110111110100101110111111111100010011110010000000010000000111111110100111111101 0 10
521	0.000	174.417	( 0 )	01101101011110001111111110011011000001000111000000111100011111110000010010000010100100111111111011101001111111000000101011001001111110000111110110000011111011111111110100101110111111110110010011110010000000010000000111111110100111111101 0 7
490	0.000	179.519	( 0 )	01101101011110001111111110011011000001000111000000111100011111110000010010000010100100111111111011101001111111000000101011001001101111000111110110010011111011111111110101101110111111110011010011110010000000010000000111111110100111111101 0 6
538	0.000	186.341	( 0 )	01101101011110001111111110011011000001000111000000111100011111110000010010000010100100111111111011101001111111000000101111001001001111000111111110010011111111111111110101101110111111110011010011110010101000110000000111111010100111111101 0 8
539	0.000	194.028	( 0 )	01101101011110001111111110011011000001000111000000111100011111110000010010000010100100111111111011101001111111000000101111001101001111000111111110010011101111111010111101101110111111110011010011110110101001110000000111111010100111110111 0 9
509	0.000	203.461	( 0 )	01101101011110001111111110011011000001000111000000111100011111110000010010000010100100111111111011101001111111000000101111010111001011000111111010010010101111111010111111101111111111110011000011110110111001110000000111111010101111110111 0 11
505	0.000	209.421	( 0 )	01101101011110001111111110011011000001000111000000111100011111110000010010000010100100111111111011101001111111000000101101010111001011000011011010010010101111111010111111111111111111110011000011110110111001110100001111111010101111110011 0 7
508	0.000	219.734	( 0 )	01101101011110001111111110011011000001000111000000111100011111110000010010000010100100111111111011101001111111000000101101010111100111000011011010110010101110111010111111111111111101110011000001110110101001110110001111111000001101110011 0 12
485	0.000	227.421	( 0 )	01101101011110001111111110011011000001000111000000111100011111110000010010000010100100111111111011101001111111000000101001010111100110100011011010100010101110111010111111010101111101100011000001110110001001110110001111111000001101110011 0 9
529	0.000	232.524	( 0 )	0110110101111000111111111001101100000100011100000011110001111111000001001000001010010011111111101110100111111100000010100101011-100110110011011010100010100110111010111111010101111101100011000001110010001001110010001111111100001101110011 0 6
482	0.000	242.837	( 0 )	01101101011110001111111110011011000001000111000000111100011111110000010010000010100100111111111011101001111111000000101001011110101110110011011010000000100111011010111111010101010100100010000001110010001001010010000111111100001101110011 0 12
534	0.000	249.659	( 0 )	01101101011110001111111110011011000001000111000000111100011111110000010010000010100100111111111011101001111111000000101001011110101110110011010000000000100011011110111110010101010000100000000001110010001001000010000111111100001101110011 0 8
535	0.000	255.619	( 0 )	01101101011110001111111110011011000001000111000000111100011111110000010010000010100100111111111011101001111111000000101001111110101110110011000000000000100011011110110110010101010000100000001001110010001001000010000111111000001101111111 0 7
484	0.000	263.306	( 0 )	01101101011110001111111110011011000001000111000000111100011111110000010010000010100100111111111011101001111111000000101001111110101110110011000001000000100001011110010100010101010000000000001001110010000001000100000111111000001111111111 0 9
510	0.000	268.408	( 0 )	01101101011110001111111110011011000001000111000000111100011111110000010010000010100100111111111011101001111111000000101001101010111110110011000001000000000000011110010100010101010000000000001001110110000001000100000111111000001111111111 0 6
504	0.000	276.096	( 0 )	01101101011110001111111110011011000001000111000000111100011111110000010010000010100100111111111011101001111111000000101001101010111110110010000001100000000000011110110100010100010000000000000111110110000001101100000111111000001111111111 0 9
525	0.000	287.296	( 0 )	01101101011110001111111110011011000001000111000000111100011111110000010010000010100100111111111011101001111111000000101001101010111111111110000001110000000000011110111100000100010000000000000111110101000001111100000111111000111111111001 0 13
522	0.000	288.144	( 0 )	01101101011110001111111110011011000001000111000000111100011111110000010010000010100100111111111011101001111111000000101001101010111111111110000001110000000000011110111100000100010000000000000111110101000011111100000111111000111111111001 0 1
523	0.000	288.144	( 0 )	01101101011110001111111110011011000001000111000000111100011111110000010010000010100100111111111011101001111111000000101001101010111111111110000001110000000000011110111100000100010000000000000111110101000011111100000111111000111111111001 0 0
524	0.000	289.839	( 0 )	01101101011110001111111110011011000001000111000000111100011111110000010010000010100100111111111011101001111111000000101001101010111111111110000001110000000000011110111100000100010-00000000000111110101100011111100000111111000111111111001 0 2
526	0.000	293.234	( 0 )	01101101011110001111111110011011000001000111000000111100011111110000010010000010100100111111111011101001111111000000101011101010111111111110000101110000000000011010111100000100010-00000000000111110101100111111100000111111000111111111001 0 4
527	0.000	298.337	( 0 )	01101101011110001111111110011011000001000111000000111100011111110000010010000010100100111111111011101001111111000000101011101010111111111110000101110000000001110011111100000100010-00010100000111110101100111111100000111111000111111111001 0 6
540	0.000	306.024	( 0 )	01101101011110001111111110011011000001000111000000111100011111110000010010000010100100111111111011101001111111000000101011101010111111111111001100110100100001110011111101000100010100010100000111110101000111111110010111111000111111111001 0 9
531	0.000	315.456	( 0 )	01101101011110001111111110011011000001000111000000111100011111110000010010000010100100111111111011101001111111000000101011011010101111111111101100110100100101110011111101001100010110000100000111110101000110011110010111111000111101111001 0 11
512	0.000	323.143	( 0 )	01101101011110001111111110011011000001000111000000111100011111110000010010000010100100111111111011101001111111000000101111011110101111111111101100110100100101110011111101111100010110000110000011111101000110010110000111111000111101111001 0 9
502	0.000	330.830	( 0 )	01101101011110001111111110011011000001000111000000111100011111110000010010000010100100111111111011101001111111000000101111011110101111111111101100110100100101110011101111111100110110001111000011111101000110010011101111111000111101111001 0 9
503	0.000	330.830	( 0 )	01101101011110001111111110011011000001000111000000111100011111110000010010000010100100111111111011101001111111000000101111011110101111111111101100110100100101110011101111111100110110001111000011111101000110010011101111111000111101111001 0 0
506	0.000	338.518	( 0 )	01101101011110001111111110011011000001000111000000111100011111110000010010000010100100111111111011101001111111000000101111011110101111111111100100110110100101111011101111111100110100001111000010111111000111000011101111111000111101110001 0 9
542	0.000	344.478	( 0 )	01101101011110001111111110011011000001000111000000111100011111110000010010000010100100111111111011101001111111000000101101011110001111101111100100110110100101111011101111011100110101001111000010111111100111000011001111111000111101110001 0 7
511	0.000	350.438	( 0 )	01101101011110001111111110011011000001000111000000111100011111110000010010000010100100111111111011101001111111000000101101001110001111101111100101110110100100111011100111001100100101001111000010111111100111000011011111111000111101110001 0 7
507	0.000	357.260	( 0 )	01101101011110001111111110011011000001000111000000111100011111110000010010000010100100111111111011101001111111000000101101001110000111101111100111110111100100111011100111001100100101001111000000111110100111000001010111111000111101110000 0 8
518	0.000	362.362	( 0 )	01101101011110001111111110011011000001000111000000111100011111110000010010000010100100111111111011101001111111000000101101001110000111101111110011110111100100100011100111001100100101101111000000111110100111000001010110111000111101110000 0 6
488	0.000	367.465	( 0 )	01101101011110001111111110011011000001000111000000111100011111110000010010000010100100111111111011101001111111000000101101001110000111101111110011110011000000100001000111001100100101101111000000111110100111000001010110101000111101110000 0 6
516	0.000	372.567	( 0 )	01101101011110001111111110011011000001000111000000111100011111110000010010000010100100111111111011101001111111000000101101001110000111101111110011110011000000100001000111001000100101101111000000111110100110000000010110100000111111010000 0 6
532	0.000	379.389	( 0 )	01101101011110001111111110011011000001000111000000111100011111110000010010000010100100111111111011101001111111000000100101001110000111101111110011110011000000100000000011000000100000101110000000111110100110000000000110100000111111010000 0 8
528	0.000	381.084	( 0 )	01101101011110001111111110011011000001000111000000111100011111110000010010000010100100111111111011101001111111000000100101001110000111101111110011110011000000100000000011000000100000101110000000111110110110100000000110100000111111010000 0 2
533	0.000	387.044	( 0 )	01101101011110001111111110011011000001000111000000111100011111110000010010000010100100111111111011101001111111000000100101001110000111101111110011110011101001110000000011000000100000111110000110111110110110100000000110100000111111010000 0 7
