#java OrderMarkers2 map=/flash/EconomoU/Nurit/lepmap/lepmap_varroa/Q40BIALLDP16HDP40mis.5Chr7.Sites_00_01/map_611.txt data=/flash/EconomoU/Nurit/lepmap/lepmap_varroa/Q40BIALLDP16HDP40mis.5Chr7.Sites_00_01/data_f.call useKosambi=1 numMergeIterations=100 sexAveraged=0 outputPhasedData=2 grandparentPhase=1 recombination1=0 recombination2=0.01 chromosome=3 randSeed=2021882011229714417
#*** LG = 3 likelihood = -31367.9237
#marker_number	male_position	female_position	( 0.0 )[	phased data]
315	0.000	0.000	( 0 )	11111111101000001111111000011111111111100111111111111111100000000100000100111011100100101111000000000110001101001111110000000001001111000000011110001100000001100010010110000001111010000111101111011111101101010011100111111011001011001111 0 0
318	0.000	0.000	( 0 )	11111111101000001111111000011111111111100111111111111111100000000100000100111011100100101111000000000110001101001111110000000001001111000000011110001100000001100010010110000001111010000111101111011111101101010011100111111011001011001111 0 0
317	0.000	0.000	( 0 )	11111111101000001111111000011111111111100111111111111111100000000100000100111011100100101111000000000110001101001111110000000001001111000000011110001100000001100010010110000001111010000111101111011111101101010011100111111011001011001111 0 0
314	0.000	0.000	( 0 )	11111111101000001111111000011111111111100111111111111111100000000100000100111011100100101111000000000110001101001111110000000001001111000000011110001100000001100010010110000001111010000111101111011111101101010011100111111011001011001111 0 0
316	0.000	0.848	( 0 )	11111111101000001111111000011111111111100111111111111111100000000100000100111011100100101111000000000110001101001111110000000001001111000000011110001100000001100010010110000001111010000111101011011111101101010011100111111011001011001111 0 1
335	0.000	6.808	( 0 )	11111111101000001111111000011111111111100111111111111111100000000100000100111011100100101111000000000110001101001111110000000001001111000001011110001101000001100010010110000001111010000111001011011111001101010011100111111001001011111111 0 7
270	0.000	8.503	( 0 )	11111111101000001111111000011111111111100111111111111111100000000100000100111011100100101111000000000110001101001111110000000001001111000001011110001101000001100010010110000001111010000111001001011111001101010011000111111001001011111111 0 2
276	0.000	12.751	( 0 )	11111111101000001111111000011111111111100111111111111111100000000100000100111011100100101111000000000110001101001111110000000011001111000001010110001101100001100010010110000000111010000111001001011011001101010011000111111001001011111111 0 5
239	0.000	22.183	( 0 )	11111111101000001111111000011111111111100111111111111111100000000100000100111011100100101111000000000110001101001111110000000011001101000001010010101101100001100010010110000010111000000111000001011011001000000000000111111001001011111111 0 11
262	0.000	29.870	( 0 )	11111111101000001111111000011111111111100111111111111111100000000100000100111011100100101111000000000110001101001111110000000011001001010001110010101011100001100010010100000010111000000100000001011011001000000000000111111001001001111111 0 9
263	0.000	34.973	( 0 )	11111111101000001111111000011111111111100111111111111111100000000100000100111011100100101111000000000110001101001111110000000111000001010011110010101011110001100010010000000010111000000100000001011011000000000000000111111001001001111111 0 6
223	0.000	40.075	( 0 )	11111111101000001111111000011111111111100111111111111111100000000100000100111011100100101111000000000110001101001111110001011111000001010011110010101011111001100010010000000010111000000100000001011011000000001000000111111001001001111011 0 6
211	0.000	43.470	( 0 )	11111111101000001111111000011111111111100111111111111111100000000100000100111011100100101111000000000110001101001111110001011111000001010011110010101011111001100011010000000010111000000000000001011010000000001000000111111001101001111011 0 4
231	0.000	49.430	( 0 )	11111111101000001111111000011111111111100111111111111111100000000100000100111011100100101111000000000110001101001111111001011111000001110011110010100011111001100111010000000010111000001000000001011010000000001000000111111010101001111011 0 7
327	0.000	57.118	( 0 )	11111111101000001111111000011111111111100111111111111111100000000100000100111011100100101111000000000110001101001111111001011111001001110011111010100011111001100111010000110010111111001000000001011010000000001100001111111010101001111011 0 9
275	0.000	63.078	( 0 )	11111111101000001111111000011111111111100111111111111111100000000100000100111011100100101111000000000110001101001111111011011111001000110011111010100011111001100111010000110010111111001000000011011010000100001110001111111010101101111111 0 7
214	0.000	65.622	( 0 )	11111111101000001111111000011111111111100111111111111111100000000100000100111011100100101111000000000110001101001111111011011111001000110111111010100011111001100111010100110010111111001000000011111010000100001110001111111010101101111111 0 3
252	0.000	71.583	( 0 )	11111111101000001111111000011111111111100111111111111111100000000100000100111011100100101111000000000110001101001111111011011111001010100111111010101011111001100111010101110010111111001000000011110010000100001010001111111011101101111111 0 7
261	0.000	74.978	( 0 )	11111111101000001111111000011111111111100111111111111111100000000100000100111011100100101111000000000110001101001111111011011111001110100111111010101011111001100111011101110110111111001000000011110010000100001000001111111011101101111111 0 4
341	0.000	82.665	( 0 )	11111111101000001111111000011111111111100111111111111111100000000100000100111011100100101111000000000110001101001111111011011111001110100111111010101011101001100111011001111110111101001100000011110011000000101000000111111011101101111111 0 9
203	0.000	86.912	( 0 )	11111111101000001111111000011111111111100111111111111111100000000100000100111011100100101111000000000110001101001111110011111111001110100111101010101011101001100111011011111110111101001100000010110011000000101000000111111011101101111111 0 5
273	0.000	92.873	( 0 )	11111111101000001111111000011111111111100111111111111111100000000100000100111011100100101111000000000110001101001111110011110111001110110111101010101011101101101111011011111110111101011100000010110011000000101000000111111000101101111111 0 7
326	0.000	98.833	( 0 )	11111111101000001111111000011111111111100111111111111111100000000100000100111011100100101111000000000110001101001111110010110111000110110111101010101011101101101011011011111100111101010100000010110111010000101000000111111000101101111111 0 7
340	0.000	103.935	( 0 )	11111111101000001111111000011111111111100111111111111111100000000100000100111011100100101111000000000110001101001111110010010111010110110111101010101011101101101011011011111101111101010000001010110111010100101000000111111000101101111111 0 6
331	0.000	111.622	( 0 )	11111111101000001111111000011111111111100111111111111111100000000100000100111011100100101111000000000110001101001111110110010111010110110111101010101011101101101011001011111101001101010000001011110111010100001000001111111001101101111101 0 9
330	0.000	112.470	( 0 )	11111111101000001111111000011111111111100111111111111111100000000100000100111011100100101111000000000110001101001111110110010111010110110111101010101011101101101011001011111101001101010000001011110111110100001000001111111001101101111101 0 1
238	0.000	119.292	( 0 )	11111111101000001111111000011111111111100111111111111111100000000100000100111011100100101111000000000110001101001111110110011111010100110111101010111011101001101010001111011101001101010000000011110111110100001000001111111001101101111101 0 8
243	0.000	123.539	( 0 )	11111111101000001111111000011111111111100111111111111111100000000100000100111011100100101111000000000110001101001111110111011111010100110111101010111011101001101010001111011111001101010000000011110110100100001000001111111001100101111101 0 5
324	0.000	127.786	( 0 )	11111111101000001111111000011111111111100111111111111111100000000100000100111011100100101111000000000110001101001111110111011111011100110111101000111011101001101010001111011111001101010000000011110100100100001000001111111000100111111101 0 5
337	0.000	132.034	( 0 )	11111111101000001111111000011111111111100111111111111111100000000100000100111011100100101111000000000110001101001111110111011111011100110111101000111011001001101110001111011111001101010000000011110100100100000001001111111000100111111111 0 5
268	0.000	136.281	( 0 )	11111111101000001111111000011111111111100111111111111111100000000100000100111011100100101111000000000110001101001111110111111111011100110111101000101011001001101110001111011111001101000000000011010100100100000101001111111000100111111111 0 5
233	0.000	142.242	( 0 )	11111111101000001111111000011111111111100111111111111111100000000100000100111011100100101111000000000110001101001111110111110111011100110111101100101011001001111110001111011111100101000000000011010100100000000101000111111000100111111111 0 7
256	0.000	148.202	( 0 )	11111111101000001111111000011111111111100111111111111111100000000100000100111011100100101111000000000110001101001111110111110111011100010111101100101011001001111110001111011110100111000000000001010110100000000101010111111000100111111110 0 7
213	0.000	152.449	( 0 )	11111111101000001111111000011111111111100111111111111111100000000100000100111011100100101111000000000110001101001111110111110111011000010111101100111011001001110111001111011110110111000000000001010110100000000101010111111000100111111110 0 5
245	0.000	157.552	( 0 )	11111111101000001111111000011111111111100111111111111111100000000100000100111011100100101111000000000110001101001111110111110011011010010111101110111011001001110111001111011110110111100000000001011110100000000101010111111000101111111110 0 6
244	0.000	164.374	( 0 )	11111111101000001111111000011111111111100111111111111111100000000100000100111011100100101111000000000110001101001111110111110011111010110111101110111011001001110111000111001110110111100010000001011110100000000100100111111000101111111110 0 8
328	0.000	168.621	( 0 )	11111111101000001111111000011111111111100111111111111111100000000100000100111011100100101111000000000110001101001111110111110011111010110111101110111001001001100011000111001110110111100010000011011110100000000100100111111000111111111110 0 5
257	0.000	172.868	( 0 )	11111111101000001111111000011111111111100111111111111111100000000100000100111011100100101111000000000110001101001111110111110111111010110011101110111001001011100011000111001100110111100010000111011110100000000100100111111000111111111110 0 5
339	0.000	178.829	( 0 )	11111111101000001111111000011111111111100111111111111111100000000100000100111011100100101111000000000110001101001111110011110111111010110011101110111001001010100010100111011100110111000010000111011110100000000100100111111000011111111110 0 7
279	0.000	183.076	( 0 )	11111111101000001111111000011111111111100111111111111111100000000100000100111011100100101111000000000110001101001111111011110111111010110011101110111001001010110010100111011000110111000000000111011110100000100100100111111000011111111110 0 5
249	0.000	189.898	( 0 )	11111111101000001111111000011111111111100111111111111111100000000100000100111011100100101111000000000110001101001111111011110111111010110011111100111001001010110110100111011000110111000100000111110110100001100100100111111100011111111110 0 8
254	0.000	195.000	( 0 )	11111111101000001111111000011111111111100111111111111111100000000100000100111011100100101111000000000110001101001111111011110111111010110111111100111001000010110110100111011000110111001100000111110110100001100001000111111100011111111110 0 6
237	0.000	199.248	( 0 )	11111111101000001111111000011111111111100111111111111111100000000100000100111011100100101111000000000110001101001111111011110111111110110111111100111000000010110110100111011000111111001100000111110110100001100001001111111100011111111111 0 5
210	0.000	202.643	( 0 )	111111111010000011111110000111111111111001111111111111111000000001000001001110111001001011110000000001100011010011111110111101011111101101111111001110000000101101101001110110001111110010000001111101101000011000010-1111111100111111111111 0 4
320	0.000	209.464	( 0 )	111111111010000011111110000111111111111001111111111111111000000001000001001110111001001011110000000001100011010011111110111101011111101101111111101110000000101101110011110110001111110000000001111100111000011000010-1111111100111101111111 0 8
332	0.000	214.567	( 0 )	11111111101000001111111000011111111111100111111111111111100000000100000100111011100100101111000000000110001101001111111011110101111110110111111110111000001110110111001111011011111111000000000111110011100001000001011111111110111101111111 0 6
338	0.000	219.669	( 0 )	11111111101000001111111000011111111111100111111111111111100000000100000100111011100100101111000000000110001101001111111011110101101110110111111110111000001100110111011111011111111111000000000111110011100001000001010111111010111101111111 0 6
280	0.000	223.064	( 0 )	11111111101000001111111000011111111111100111111111111111100000000100000100111011100100101111000000000110001101001111111011110111101110110111111110111100001100110111011110011111111111000000000111110011100001000001010111111010110101111111 0 4
267	0.000	225.609	( 0 )	11111111101000001111111000011111111111100111111111111111100000000100000100111011100100101111000000000110001101001111111011010111101110110111111110111100001100110111011110011111111111000000000111110010100001000000010111111010110101111111 0 3
274	0.000	229.004	( 0 )	11111111101000001111111000011111111111100111111111111111100000000100000100111011100100101111000000000110001101001111111011010111101100110111101110101100001100110111011110011111111111000000000111110010100001000000110111111010110101111111 0 4
235	0.000	234.964	( 0 )	11111111101000001111111000011111111111100111111111111111100000000100000100111011100100101111000000000110001101001111111110010111101101110111101110101100001100110111011110011111111111000000100111110110100001000000110111111110111101111111 0 7
322	0.000	237.509	( 0 )	11111111101000001111111000011111111111100111111111111111100000000100000100111011100100101111000000000110001101001111111110010011101101110111101110101100001101110110011110011111111111000000100111110110100001000000110111111110111101111111 0 3
209	0.000	241.756	( 0 )	11111111101000001111111000011111111111100111111111111111100000000100000100111011100100101111000000000110001101001111111110010011101101110111101110100100001101110110011100011111111111000000100111110110100001011010110111111110111101111111 0 5
281	0.000	250.313	( 0 )	11111111101000001111111000011111111111100111111111111111100000000100000100111011100100101111000000000110001101001111111110110011000101110111101110100100001101110010111100010101111111000010101111110110100001011010010111111110111101111111 0 10
284	0.000	258.000	( 0 )	1111111110100000111111100001111111111110011111111111111110000000010000010011101110010010111100000000011000110100111111011010001100010111011110111010010000110111001011110001000111111100001011111101001110000101111001-111111110111101111111 0 9
248	0.000	264.822	( 0 )	1111111110100000111111100001111111111110011111111111111110000000010000010011101110010010111100000000011000110100111111000010101100010111111010111010010000110111001111110001000111111101001011111101001110000101111001-111111110011101111111 0 8
219	0.000	270.782	( 0 )	11111111101000001111111000011111111111100111111111111111100000000100000100111011100100101111000000000110001101001111110000101011010101111110101110101100001101110011111100010001111111010010111111010011100001101111111111111110011111111111 0 7
225	0.000	277.604	( 0 )	11111111101000001111111000011111111111100111111111111111100000000100000100111011100100101111000000000110001101001111110000101011010111111110101110101100001101110011111100010001111111010001111111000001100011101111111111111110011111111001 0 8
228	0.000	285.291	( 0 )	111111111010000011111110000111111111111001111111111111111000000001000001001110111001001011110000000001100011010011111100001010010101111111101001001-1100001101110011011100010001111111010001101111000001101011101111111111111111011011111001 0 9
242	0.000	291.252	( 0 )	11111111101000001111111000011111111111100111111111111111100000000100000100111011100100101111000000000110001101001111110000101001010111111110100100111110001101111111011100110101111111010101101111000001101111101111111111111111011011111001 0 7
271	0.000	298.073	( 0 )	11111111101000001111111000011111111111100111111111111111100000000100000100111011100100101111000000000110001101001111110000101001011011111110110100111010001111111111001100110101111111010101101111000011101111101111111011111111011011111001 0 8
215	0.000	300.618	( 0 )	11111111101000001111111000011111111111100111111111111111100000000100000100111011100100101111000000000110001101001111110000101001011011111110110100111010001111111111001100110101111111010101101111000011101111101111101011110111011010111001 0 3
218	0.000	304.013	( 0 )	11111111101000001111111000011111111111100111111111111111100000000100000100111011100100101111000000000110001101001111110010101001011011111110110100111010001111111111001101110101111111010111101111000011101111101111101011100111011010111001 0 4
329	0.000	307.408	( 0 )	11111111101000001111111000011111111111100111111111111111100000000100000100111011100100101111000000000110001101001111110010101001011011111110110100111010001111101101001111110101111111110111101111000011101111101111101011100111011010111001 0 4
236	0.000	313.368	( 0 )	11111111101000001111111000011111111111100111111111111111100000000100000100111011100100101111000000000110001101001111110010101001011011111110110111111010001111101101001111110101111111110111101100000011101111101111101001000111011010111000 0 7
282	0.000	319.328	( 0 )	11111111101000001111111000011111111111100111111111111111100000000100000100111011100100101111000000000110001101001111110010101001010011011110110111110010001110101100000111110101111111110111101100000011101111101111101001000111011000111000 0 7
251	0.000	326.150	( 0 )	11111111101000001111111000011111111111100111111111111111100000000100000100111011100100101111000000000110001101001111110010100001010010011110100011110000001110101100000111110101111111100111101100000011101111101111101001000011011000110000 0 8
241	0.000	332.972	( 0 )	11111111101000001111111000011111111111100111111111111111100000000100000100111011100100101111000000000110001101001111110010100001010010011110000011110000001110101100000001000101111111100011100100000011101111101011101001000011011000110000 0 8
234	0.000	342.404	( 0 )	11111111101000001111111000011111111111100111111111111111100000000100000100111011100100101111000000000110001101001111110110100100010010011110000011110000001110101100000001000001111111100010000-000000111011-1100011101001000011001000110100 0 11
255	0.000	346.652	( 0 )	11111111101000001111111000011111111111100111111111111111100000000100000100111011100100101111000000000110001101001111110110000100010000011110000011111000001100101100000001000001111111100010000000000011101101110011101001000011001000110100 0 5
253	0.000	351.754	( 0 )	11111111101000001111111000011111111111100111111111111111100000000100000100111011100100101111000000000110001101001111110110001100010000011110000011111000001100101100000001000001111111110010000000000011111101010011111001000011001000100100 0 6
208	0.000	360.311	( 0 )	11111111101000001111111000011111111111100111111111111111100000000100000100111011100100101111000000000110001101001111110110001110000000011110000011111000000100001100000000000001111111110010000000000011111101010011111000000111000011100100 0 10
206	0.000	362.856	( 0 )	11111111101000001111111000011111111111100111111111111111100000000100000100111011100100101111000000000110001101001111110110001110000000011110000011111000000100001100000000000001111111110010000000000001111101010011111000000111000011000000 0 3
207	0.000	364.551	( 0 )	11111111101000001111111000011111111111100111111111111111100000000100000100111011100100101111000000000110001101001111110110001110000000011110000011111000000100001100000000000001111111010000000000000001111101010011111000000111000011000000 0 2
205	0.000	365.399	( 0 )	11111111101000001111111000011111111111100111111111111111100000000100000100111011100100101111000000000110001101001111110110001110000000011110000011111000000100001100000000000001111111010000000000000001111101010011111000000101000011000000 0 1
258	0.000	373.086	( 0 )	11111111101000001111111000011111111111100111111111111111100000000100000100111011100100101111000000000110001101001111110100001110000000011110000011111000000000001100000000000001111011010000000100011001110101010001111000000100000011000000 0 9
250	0.000	379.908	( 0 )	11111111101000001111111000011111111111100111111111111111100000000100000100111011100100101111000000000110001101001111110000001110000000011100000001011000000000001100000100000001010011010000000100011001110101010001111000000100001011000000 0 8
277	0.000	383.303	( 0 )	11111111101000001111111000011111111111100111111111111111100000000100000100111011100100101111000000000110001101001111110000001100000000011100000001001000000000001100001100000001010011010000000100011001110101010000111000000100001011000000 0 4
230	0.000	385.847	( 0 )	11111111101000001111111000011111111111100111111111111111100000000100000100111011100100101111000000000110001101001111110000001100000000011100000000001000000000001100001100000001010011000000000100011001110101010000110000000100001011000000 0 3
334	0.000	390.095	( 0 )	11111111101000001111111000011111111111100111111111111111100000000100000100111011100100101111000000000110001101001111110000001100000000011100000000001000000000001100001100000001010001000000000100011001110101110000100000000100101011001000 0 5
272	0.000	395.197	( 0 )	11111111101000001111111000011111111111100111111111111111100000000100000100111011100100101111000000000110001101001111110000001100000000001100000000001000000000001110101100000001000001000000000100011001110101111000000000000100101011001000 0 6
247	0.000	402.019	( 0 )	11111111101000001111111000011111111111100111111111111111100000000100000100111011100100101111000000000110001101001111110000001100000000001100001000001000000000001111111100000001000000000000001100011001111101111100000000000101101011001000 0 8
246	0.000	406.266	( 0 )	11111111101000001111111000011111111111100111111111111111100000000100000100111011100100101111000000000110001101001111110000001100000000000000001000001000-0000000111111110000000-000000000000001100011001111101111100000000000101111011001000 0 5
260	0.000	412.226	( 0 )	1111111110100000111111100001111111111110011111111111111110000000010000010011101110010010111100000000011000110100111111000000110000010000000000100000101010000000101111110000010-000000000000001100111001101101111100000000000101111010001000 0 7
333	0.000	416.474	( 0 )	11111111101000001111111000011111111111100111111111111111100000000100000100111011100100101111000000000110001101001111110000001100000100000000001000001010100000001011111101001100000000000000001100111001101101111100000000011101111000001000 0 5
319	0.000	419.018	( 0 )	11111111101000001111111000011111111111100111111111111111100000000100000100111011100100101111000000000110001101001111110000001100000100000000001000000010100000001011111101101110000000000000001100111001101101111100000000011101111000001000 0 3
285	0.000	429.332	( 0 )	111111111010000011111110000111111111111001111111111111111000000001000001001110111001001011110000000001100011010011111100000011100001000000000000011000101000000010111111111111100000000000010011--111-00101101111100000000011101111100001000 0 12
286	0.000	433.579	( 0 )	11111111101000001111111000011111111111100111111111111111100000000100000100111011100100101111000000000110001101001111110000001110000100000001010001100011110000001011111111111110000000000001001111111110101101111100000000011101111100001000 0 5
293	0.000	440.401	( 0 )	11111111101000001111111000011111111111100111111111111111100000000100000100111011100100101111000000000110001101001111110000001110000110011111010001100011110000001111111111111110000000000001001111111110101101111100000000011001101100001000 0 8
297	0.000	441.248	( 0 )	11111111101000001111111000011111111111100111111111111111100000000100000100111011100100101111000000000110001101001111110000001110000110011111010001100011110000011111111111111110000000000001001111111110101101111100000000011001101100001000 0 1
298	0.000	441.248	( 0 )	11111111101000001111111000011111111111100111111111111111100000000100000100111011100100101111000000000110001101001111110000001110000110011111010001100011110000011111111111111110000000000001001111111110101101111100000000011001101100001000 0 0
296	0.000	441.248	( 0 )	11111111101000001111111000011111111111100111111111111111100000000100000100111011100100101111000000000110001101001111110000001110000110011111010001100011110000011111111111111110000000000001001111111110101101111100000000011001101100001000 0 0
289	0.000	442.096	( 0 )	11111111101000001111111000011111111111100111111111111111100000000100000100111011100100101111000000000110001101001111110000001110000110111111010001100011110000011111111111111110000000000001001111111110101101111100000000011001101100001000 0 1
291	0.000	442.096	( 0 )	11111111101000001111111000011111111111100111111111111111100000000100000100111011100100101111000000000110001101001111110000001110000110111111010001100011110000011111111111111110000000000001001111111110101101111100000000011001101100001000 0 0
290	0.000	442.096	( 0 )	11111111101000001111111000011111111111100111111111111111100000000100000100111011100100101111000000000110001101001111110000001110000110111111010001100011110000011111111111111110000000000001001111111110101101111100000000011001101100001000 0 0
288	0.000	442.096	( 0 )	11111111101000001111111000011111111111100111111111111111100000000100000100111011100100101111000000000110001101001111110000001110000110111111010001100011110000011111111111111110000000000001001111111110101101111100000000011001101100001000 0 0
295	0.000	442.096	( 0 )	11111111101000001111111000011111111111100111111111111111100000000100000100111011100100101111000000000110001101001111110000001110000110111111010001100011110000011111111111111110000000000001001111111110101101111100000000011001101100001000 0 0
294	0.000	442.944	( 0 )	11111111101000001111111000011111111111100111111111111111100000000100000100111011100100101111000000000110001101001111110000001111000110111111010001100011110000011111111111111110000000000001001111111110101101111100000000011001101100001000 0 1
292	0.000	443.791	( 0 )	11111111101000001111111000011111111111100111111111111111100000000100000100111011100100101111000000000110001101001111110000001111000110111111010001100011110000011111111111111110000000000001001111011110101101111100000000011001101100001000 0 1
287	0.000	444.639	( 0 )	11111111101000001111111000011111111111100111111111111111100000000100000100111011100100101111000000000110001101001111110000001111000110111111010001100011110000011111111111111110000000000001001111011110101101111100000000011011101100001000 0 1
299	0.000	445.486	( 0 )	11111111101000001111111000011111111111100111111111111111100000000100000100111011100100101111000000000110001101001111110000001111000110111111010001100011110000011111111111111110000000000001001111011110101101111100000000011111101100001000 0 1
308	0.000	452.308	( 0 )	111111111010000011111110000111111111111001111111111111111000000001000001001110111001001011110000000001100011010011111100000011111111101111110100011000111100000111111111111111100000000000010011-0010000101101111100000000011111101100001000 0 8
301	0.000	452.308	( 0 )	11111111101000001111111000011111111111100111111111111111100000000100000100111011100100101111000000000110001101001111110000001111111110111111010001100011110000011111111111111110000000000001001100010000101101111100000000011111101100001000 0 0
312	0.000	453.155	( 0 )	11111111101000001111111000011111111111100111111111111111100000000100000100111011100100101111000000000110001101001111110000001111111110111111010001100011110000011111111111111110000000000001001100000000101101111100000000011111101100001000 0 1
311	0.000	453.155	( 0 )	11111111101000001111111000011111111111100111111111111111100000000100000100111011100100101111000000000110001101001111110000001111111110111111010001100011110000011111111111111110000000000001001100000000101101111100000000011111101100001000 0 0
300	0.000	453.155	( 0 )	11111111101000001111111000011111111111100111111111111111100000000100000100111011100100101111000000000110001101001111110000001111111110111111010001100011110000011111111111111110000000000001001100000000101101111100000000011111101100001000 0 0
304	0.000	453.155	( 0 )	11111111101000001111111000011111111111100111111111111111100000000100000100111011100100101111000000000110001101001111110000001111111110111111010001100011110000011111111111111110000000000001001100000000101101111100000000011111101100001000 0 0
307	0.000	453.155	( 0 )	11111111101000001111111000011111111111100111111111111111100000000100000100111011100100101111000000000110001101001111110000001111111110111111010001100011110000011111111111111110000000000001001100000000101101111100000000011111101100001000 0 0
305	0.000	453.155	( 0 )	11111111101000001111111000011111111111100111111111111111100000000100000100111011100100101111000000000110001101001111110000001111111110111111010001100011110000011111111111111110000000000001001100000000101101111100000000011111101100001000 0 0
310	0.000	453.155	( 0 )	11111111101000001111111000011111111111100111111111111111100000000100000100111011100100101111000000000110001101001111110000001111111110111111010001100011110000011111111111111110000000000001001100000000101101111100000000011111101100001000 0 0
302	0.000	453.155	( 0 )	11111111101000001111111000011111111111100111111111111111100000000100000100111011100100101111000000000110001101001111110000001111111110111111010001100011110000011111111111111110000000000001001100000000101101111100000000011111101100001000 0 0
306	0.000	453.155	( 0 )	11111111101000001111111000011111111111100111111111111111100000000100000100111011100100101111000000000110001101001111110000001111111110111111010001100011110000011111111111111110000000000001001100000000101101111100000000011111101100001000 0 0
309	0.000	454.003	( 0 )	11111111101000001111111000011111111111100111111111111111100000000100000100111011100100101111000000000110001101001111110000001111111110111111010001100011110000011111111111111110000000000001001100000000101101111100000000010111101100001000 0 1
303	0.000	454.003	( 0 )	11111111101000001111111000011111111111100111111111111111100000000100000100111011100100101111000000000110001101001111110000001111111110111111010001100011110000011111111111111110000000000001001100000000101101111100000000010111101100001000 0 0
313	0.000	454.850	( 0 )	11111111101000001111111000011111111111100111111111111111100000000100000100111011100100101111000000000110001101001111110000001111111110111111010001100011110000011111111111111110000000000001001100000000101101101100000000010111101100001000 0 1
283	0.000	462.538	( 0 )	11111111101000001111111000011111111111100111111111111111100000000100000100111011100100101111000000000110001101001111110011001111110110111111010001100010110000011111111111110110000011100001101100000000101101101100000000010111101100001000 0 9
240	0.000	467.640	( 0 )	11111111101000001111111000011111111111100111111111111111100000000100000100111011100100101111000000000110001101001111110011001111110110101111010001100010110000011101110111110110000011100001101100000100101101101100000000010111101110001100 0 6
217	0.000	471.887	( 0 )	11111111101000001111111000011111111111100111111111111111100000000100000100111011100100101111000000000110001101001111111011001111110110101111010001100010110000011101110111110111000111110101101100000100101101101100000000010111101110001100 0 5
269	0.000	476.135	( 0 )	11111111101000001111111000011111111111100111111111111111100000000100000100111011100100101111000000000110001101001111111011001111110110101011011001110010110000011101110111110111000111111111101100000100101101101100000000010111101110001100 0 5
336	0.000	482.095	( 0 )	11111111101000001111111000011111111111100111111111111111100000000100000100111011100100101111000000000110001101001111111011000011110110101001011001010010110000011101110111110111000111111111101100000100101101001100000000000111101110000100 0 7
323	0.000	487.198	( 0 )	11111111101000001111111000011111111111100111111111111111100000000100000100111011100100101111000000000110001101001111111011010001110110100001111001010010111000011101110111110111000111111111101100000101101101001100000000000111101110000100 0 6
212	0.000	492.300	( 0 )	11111111101000001111111000011111111111100111111111111111100000000100000100111011100100101111000000000110001101001111111011110001111110000001101001010010111000011101110111111111000011111111101100000101101101001100000000000111101110000100 0 6
232	0.000	498.260	( 0 )	11111111101000001111111000011111111111100111111111111111100000000100000100111011100100101111000000000110001101001111111111110001111110000001101001110010111001111101110111111111000010111111101100000101101101001100000000000111101-10000000 0 7
259	0.000	502.508	( 0 )	11111111101000001111111000011111111111100111111111111111100000000100000100111011100100101111000000000110001101001111111111110001111111000001101001110011111001111100110111111111000010111111101100110101101101001100000000000111101010000000 0 5
226	0.000	509.329	( 0 )	11111111101000001111111000011111111111100111111111111111100000000100000100111011100100101111000000000110001101001111111111110001111111000001101001110011111001111100000111111111000010111111101111110101101101011000000000000111001010000001 0 8
229	0.000	511.025	( 0 )	11111111101000001111111000011111111111100111111111111111100000000100000100111011100100101111000000000110001101001111111111110001111111000001101001110011111001111100000111111111000000111111101111110101101100011000000000000111001010000001 0 2
227	0.000	511.873	( 0 )	11111111101000001111111000011111111111100111111111111111100000000100000100111011100100101111000000000110001101001111111111110001111111000001101001110011111001111100000111111111000000111111101111110101101100011000100000000111001010000001 0 1
216	0.000	521.305	( 0 )	11111111101000001111111000011111111111100111111111111111100000000100000100111011100100101111000000000110001101001111111111110101111111100001001001010011111001111100000110111111000000111111101101110000111100011000110001000111001010000001 0 11
325	0.000	527.265	( 0 )	11111111101000001111111000011111111111100111111111111111100000000100000100111011100100101111000000000110001101001111111111110101111111100001001001010011011011111100000110111111000000110111001101110000111100110000110001000111001000000001 0 7
278	0.000	528.961	( 0 )	11111111101000001111111000011111111111100111111111111111100000000100000100111011100100101111000000000110001101001111111111110101111111100000001001010011011011111100000110111111000000110111001101110000111100110000110001000111001000100001 0 2
266	0.000	530.656	( 0 )	11111111101000001111111000011111111111100111111111111111100000000100000100111011100100101111000000000110001101001111111111110101110111100000001001010011011011111000000110111111000000110111001101110000111100110000110001000111001000100001 0 2
321	0.000	537.478	( 0 )	11111111101000001111111000011111111111100111111111111111100000000100000100111011100100101111000000000110001101001111110100110101110111100000001011011011011011011000000010111101000000110111001101110000111100110000110001000111001000100001 0 8
220	0.000	543.438	( 0 )	11111111101000001111111000011111111111100111111111111111100000000100000100111011100100101111000000000110001101001111110100010101110111100000001011011111011011011000000010111101000000110101011101110000111100110000110001000101101000101001 0 7
222	0.000	544.286	( 0 )	11111111101000001111111000011111111111100111111111111111100000000100000100111011100100101111000000000110001101001111110100010101110111100000001011011111011011011000000010111101000000110101011101110000111100110000111001000101101000101001 0 1
221	0.000	544.286	( 0 )	11111111101000001111111000011111111111100111111111111111100000000100000100111011100100101111000000000110001101001111110100010101110111100000001011011111011011011000000010111101000000110101011101110000111100110000111001000101101000101001 0 0
204	0.000	557.283	( 0 )	11111111101000001111111000011111111111100111111111111111100000000100000100111011100100101111000000000110001101001111110100010100110110100000001111011111011011001000000010111110000000101100111101110100110100010000111000001101101000101001 0 15
224	0.000	569.378	( 0 )	11111111101000001111111000011111111111100111111111111111100000000100000100111011100100101111000000000110001101001111110000000100100110000000001111111011011011001000000010111110000000001100111111110100110000010000101010111101100000101001 0 14
264	0.000	581.472	( 0 )	11111111101000001111111000011111111111100111111111111111100000000100000100111011100100101111000000000110001101001111110000000000100110000000001111110011010000001000000011111110000000001000111111111110110000000010101010111101000000101111 0 14
265	0.000	581.472	( 0 )	11111111101000001111111000011111111111100111111111111111100000000100000100111011100100101111000000000110001101001111110000000000100110000000001111110011010000001000000011111110000000001000111111111110110000000010101010111101000000101111 0 0
