#java OrderMarkers2 map=/flash/EconomoU/Nurit/lepmap/lepmap_varroa/Q40BIALLDP16HDP40mis.5Chr7.Sites_00_01/map_611.txt data=/flash/EconomoU/Nurit/lepmap/lepmap_varroa/Q40BIALLDP16HDP40mis.5Chr7.Sites_00_01/data_f.call useKosambi=1 numMergeIterations=100 sexAveraged=0 outputPhasedData=2 grandparentPhase=1 recombination1=0 recombination2=0.01 chromosome=7 randSeed=-2628618325055574192
#*** LG = 7 likelihood = -17594.6498
#marker_number	male_position	female_position	( 0.0 )[	phased data]
543	0.000	0.000	( 0 )	11011111111111101111111111111110010001110111000010111111100000001100110000000000001111000000000000101100111111001100001011001110111101011111110100110111011001111111111000001110101001000010111110111000000101110110101111011100000100100011 0 0
544	0.000	0.000	( 0 )	11011111111111101111111111111110010001110111000010111111100000001100110000000000001111000000000000101100111111001100001011001110111101011111110100110111011001111111111000001110101001000010111110111000000101110110101111011100000100100011 0 0
557	0.000	7.687	( 0 )	11011111111111101111111111111110010001110111000010111111100000001100110000000000001111000000000000101100111111001100001011001110111101011111110110110111111001111111111000001100101001000010111111111000000111110110001111011100000010000011 0 9
563	0.000	18.000	( 0 )	11011111111111101111111111111110010001110111000010111111100000001100110000000000001111000000000000101100111111001100001010000110111101011111110110110111111001111111111000000100000000110010111111111010000111100100001111011100000010001011 0 12
595	0.000	25.688	( 0 )	1101111111111110111111111111111001000111011100001011111110000000110011000000000000111100000000000010110011111100110000001000010000-101011111111110110111111001111111111000000100000000110010111111111110000011100100000111011100000010001011 0 9
596	0.000	31.648	( 0 )	11011111111111101111111111111110010001110111000010111111100000001100110000000000001111000000000000101100111111001100000010000100000101000001111110110111111000111011111000000100000000110010111111111110000011101100000111011100000010001011 0 7
597	0.000	36.750	( 0 )	1101111111111110111111111111111001000111011100001011111110000000110011000000000000111100000000000010110011111100110000001000010000000100000111110011011111-000111011111000000100000000110010111111111110000011101100100101011100000011001011 0 6
606	0.000	44.437	( 0 )	1101111111111110111111111111111001000111011100001011111110000000110011000000000000111100000000000010110011111100110000001000010000000100000111110000011111-0001100111110000001-000000000000011111111111-000011101100100101011100000011001111 0 9
599	0.000	45.285	( 0 )	11011111111111101111111111111110010001110111000010111111100000001100110000000000001111000000000000101100111111001100000010000100000001000001111-0000011111-0001100111110000001-000000000000011111111111-000011101100100101011100000011001111 0 1
554	0.000	52.972	( 0 )	11011111111111101111111111111110010001110111000010111111100000001100110000000000001111000000000000101100111111001100000010000100000001000001111001110111110000110011111010000110000000110010101111111111000011101100100101011101000011001111 0 9
567	0.000	63.285	( 0 )	110111111111111011111111111111100100011101110000101111111000000011001100000000000011110000000000001011001111110011000000100001000000000000001-10011101111100001-0011111-1111011000000011001010111111111100001110110010010-01-101110011001111 0 12
582	0.000	69.246	( 0 )	11011111111111101111111111111110010001110111000010111111100000001100110000000000001111000000000000101100111111001100000011000101010000000000101001110111110000100011111111110110000100100010101111111111000011101100100000010111110011001111 0 7
586	0.000	76.067	( 0 )	1101111111111110111111111111111001000111011100001011111110000000110011000000000000111100000000000010110011111100110000001110010101000000000010100111001111-00110001111111111011000010000001010111111111100001110-100100000010111110010001110 0 8
590	0.000	82.889	( 0 )	11011111111111101111111111111110010001110111000010111111100000001100110000000000001111000000000000101100111111001100000011100101010000000001100001110011101001100011110111110110000100000010101110111111000111100100100000010101111010001110 0 8
560	0.000	87.991	( 0 )	11011111111111101111111111111110010001110111000010111111100000001100110000000000001111000000000000101100111111001100000010100101010000010101100001110011101001100000110111110110000100000010101110111101000111100100100000010101111010001110 0 6
573	0.000	92.239	( 0 )	11011111111111101111111111111110010001110111000010111111100000001100110000000000001111000000000000101100111111001100000010100101010000010101100001110011101001100000110111110110000110000010101110111100000111100100100100010101111011101110 0 5
598	0.000	102.552	( 0 )	11011111111111101111111111111110010001110111000010111111100000001100110000000000001111000000000000101100111111001100000010100101010000010111100001110011000001100010110111110110000110000010001110111100000101100100100111111101111111111110 0 12
547	0.000	110.239	( 0 )	11011111111111101111111111111110010001110111000010111111100000001100110000000000001111000000000000101100111111001100000010100101010000110111111001110011000101100010010111110110000110000000001010111100000101100100110111111101101111111110 0 9
568	0.000	117.061	( 0 )	11011111111111101111111111111110010001110111000010111111100000001100110000000000001111000000000000101100111111001100000010000101010000110111111001110011000101100010010111110111001010000000001010111100000101000110110111111101001111110110 0 8
587	0.000	127.374	( 0 )	11011111111111101111111111111110010001110111000010111111100000001100110000000000001111000000000000101100111111001100000110000111010000110111111001110011000101100010010011110111001011000000001010111000000101001110010111111010000101110110 0 12
555	0.000	138.575	( 0 )	110111111111111011111111111111100100011101110000101111111000000011001100000000000011110000000000001011001111110011000001100101100100001101111110000100100001011110100100111100110010110-0000000011111000000101001110010111111010100101110010 0 13
585	0.000	145.396	( 0 )	110111111111111011111111111111100100011101110000101111111000000011001100000000000011110000000000001011001111110011000001110101101100001101111110000010100001011110100000111000110010110-0000000-11111000000101001110010111111010110101110010 0 8
569	0.000	153.084	( 0 )	11011111111111101111111111111110010001110111000010111111100000001100110000000000001111000000000000101100111111001100000111010110110010110111111000001010001101111010000011100011001111110000000111111000001100101110111111111010110101110010 0 9
559	0.000	157.331	( 0 )	1101111111111110111111111111111001000111011100001011111110000000110011000000000000111100000000000010110011111100110000011101011011001011011111100000101000110111101000100110011100111111000000011111100-001100101110111111111010110101110110 0 5
592	0.000	166.763	( 0 )	1101111111111110111111111111111001000111011100001011111110000000110011000000000000111100000000000010110011111100110000011101011011111011011111100000101001110111001000100110011100111111000000010111100-001000111011111111111010100101110111 0 11
571	0.000	174.451	( 0 )	11011111111111101111111111111110010001110111000010111111100000001100110000000000001111000000000000101100111111001100000111000110111110110111111000001010011101110010000001111111011111110000100101111001001000111001111111111000000101110111 0 9
558	0.000	180.411	( 0 )	11011111111111101111111111111110010001110111000010111111100000001100110000000000001111000000000000101100111111001100000111001110111110110111011000001010011111110010000011111111011111110000100101111001001000001001110111111000000101110111 0 7
572	0.000	188.968	( 0 )	11011111111111101111111111111110010001110111000010111111100000001100110000000000001111000000000000101100111111001100000111101110111110010111011000001010011111110010000011111111111110100000100101111001000000000001110111111101100101110111 0 10
588	0.000	194.928	( 0 )	11011111111111101111111111111110010001110111000010111111100000001100110000000000001111000000000000101100111111001100000111101110111111000111011000001010011111110010001011111111111110000000100111111001100000000001100111111101100101110111 0 7
561	0.000	202.615	( 0 )	11011111111111101111111111111110010001110111000010111111100000001100110000000000001111000000000000101100111111001100000111101110100111000111011000001011011111111010011011111111111110001000100111111011101100000001100111111101100101110111 0 9
594	0.000	208.576	( 0 )	11011111111111101111111111111110010001110111000010111111100000001100110000000000001111000000000000101100111111001100000111101111100111000111011000001011011110101010011-11111111111110001000100111111011101100000011100111111000100101110111 0 7
610	0.000	216.263	( 0 )	11011111111111101111111111111110010001110111000010111111100000001100110000000000001111000000000000101100111111001100000111101111100111100111011000101011011010101010111-111111111111010010001001111110111011000010110001111110-0100101110111 0 9
550	0.000	222.223	( 0 )	110111111111111011111111111111100100011101110000101111111000000011001100000000000011110000000000001011001111110011000001111001111001111001110110001010110110101010101111111111101101010000001001111110101011100010100001111110-0100101110111 0 7
580	0.000	230.780	( 0 )	11011111111111101111111111111110010001110111000010111111100000001100110000000000001111000000000000101100111111001100001111100111100111100111011100101011011010111010111111111110110101000000001111110010001010001010010111111011100101110111 0 10
581	0.000	236.740	( 0 )	11011111111111101111111111111110010001110111000010111111100000001100110000000000001111000000000000101100111111001100001111000111101111110111011100101011011010111010101111110110110101000000001111110010001010000010010111111011100101111111 0 7
584	0.000	242.701	( 0 )	11011111111111101111111111111110010001110111000010111111100000001100110000000000001111000000000000101100111111001100001111000111101-11110111011100101011011010111010101111100110101101000000001011110010001010000000000111111011100101111111 0 7
546	0.000	246.096	( 0 )	11011111111111101111111111111110010001110111000010111111100000001100110000000000001111000000000000101100111111001100001011000111101011110111011101101011111010111010101111100110101101000000001011110010001010000000000111111111100101111111 0 4
552	0.000	254.653	( 0 )	11011111111111101111111111111110010001110111000010111111100000001100110000000000001111000000000000101100111111001100001011000111101001110111011101101111111010111010100111100110101100100000001011010010000010000000010111111101100101111101 0 10
611	0.000	263.210	( 0 )	11011111111111101111111111111110010001110111000010111111100000001100110000000000001111000000000000101100111111001100001011000110100001111111011111101111111000111010100011000110101100100000000010010010000010000000010111111100100101111101 0 10
562	0.000	269.170	( 0 )	11011111111111101111111111111110010001110111000010111111100000001100110000000000001111000000000000101100111111001100001011000100100001111111011111001111011000111010100011010110001000100000000010010010000010000000000111111100100101111101 0 7
565	0.000	276.857	( 0 )	11011111111111101111111111111110010001110111000010111111100000001100110000000000001111000000000000101100111111001100001001000100100001011111011111000110011000111010100001110110001000000000010010010010000000000000000111111100100101111101 0 9
566	0.000	284.545	( 0 )	11011111111111101111111111111110010001110111000010111111100000001100110000000000001111000000000000101100111111001100001001000100100001011111011110000100011000110010000001110110000000000000011010010000000000000000000111111100100011111101 0 9
591	0.000	290.505	( 0 )	11011111111111101111111111111110010001110111000010111111100000001100110000000000001111000000000000101100111111001100001001000100100001011111011110000100010000110010000000110110000000000000011110010000000000000000000111000100100011110101 0 7
556	0.000	299.062	( 0 )	11011111111111101111111111111110010001110111000010111111100000001100110000000000001111000000000000101100111111001100001011000100110001011111011110000100010000111100000000111110000000000000011110000000000000000000000001000100100010110101 0 10
601	0.000	305.022	( 0 )	11011111111111101111111111111110010001110111000010111111100000001100110000000000001111000000000000101100111111001100001011100100110001111111011110000100000000011100000000111110000000000000111100000000000000000000000001000100100110110101 0 7
600	0.000	305.022	( 0 )	11011111111111101111111111111110010001110111000010111111100000001100110000000000001111000000000000101100111111001100001011100100110001111111011110000100000000011100000000111110000000000000111100000000000000000000000001000100100110110101 0 0
602	0.000	305.870	( 0 )	11011111111111101111111111111110010001110111000010111111100000001100110000000000001111000000000000101100111111001100001011100100110001111111-11110000100000000011100000000111110000000000000111100000000000000000000000001000100100110110101 0 1
609	0.000	306.717	( 0 )	11011111111111101111111111111110010001110111000010111111100000001100110000000000001111000000000000101100111111001100001011100101110001111111111110000100000000011100000000111110000000000000111100000000000000000000000001000100100110110101 0 1
603	0.000	308.413	( 0 )	11011111111111101111111111111110010001110111000010111111100000001100110000000000001111000000000000101100111111001100001011100101110001111111110100000100000000011100000000111110000000000000111100000000000000000000000001000100100110110101 0 2
607	0.000	309.260	( 0 )	11011111111111101111111111111110010001110111000010111111100000001100110000000000001111000000000000101100111111001100001011100101111001111111110100000100000000011100000000111110000000000000111100000000000000000000000001000100100110110101 0 1
605	0.000	309.260	( 0 )	11011111111111101111111111111110010001110111000010111111100000001100110000000000001111000000000000101100111111001100001011100101111001111111110100000100000000011100000000111110000000000000111100000000000000000000000001000100100110110101 0 0
604	0.000	310.108	( 0 )	11011111111111101111111111111110010001110111000010111111100000001100110000000000001111000000000000101100111111001100001011100101111101111111110100000100000000011100000000111110000000000000111100000000000000000000000001000100100110110101 0 1
608	0.000	310.956	( 0 )	11011111111111101111111111111110010001110111000010111111100000001100110000000000001111000000000000101100111111001100001011100101111101111111110100000100000000011100000000111110000000000000111100000000000000000000000001000101100110110101 0 1
548	0.000	320.388	( 0 )	11011111111111101111111111111110010001110111000010111111100000001100110000000000001111000000000000101100111111001100001000100001111101011111000110000100000000011100000000111110000001000000111100000000000000000000000001000001100110011101 0 11
579	0.000	328.945	( 0 )	11011111111111101111111111111110010001110111000010111111100000001100110000000000001111000000000000101100111111001100001000000001111101001111000010000100000000011101001000011110000001000000111100000000000000000000000000000001000010001101 0 10
593	0.000	332.340	( 0 )	11011111111111101111111111111110010001110111000010111111100000001100110000000000001111000000000000101100111111001100001000000001111101001110000010000100000000001101001000011110000001000100111100000000000100000000000000000001000010001101 0 4
589	0.000	333.188	( 0 )	11011111111111101111111111111110010001110111000010111111100000001100110000000000001111000000000000101100111111001100001000000001111101001110000010000100000000001101001000011110000001000110111100000000000100000000000000000001000010001101 0 1
551	0.000	337.435	( 0 )	11011111111111101111111111111110010001110111000010111111100000001100110000000000001111000000000000101100111111001100001000000001111101001110000010000100000000001101000000011110000000000111111100000000000100000000000000000001000010001000 0 5
578	0.000	343.395	( 0 )	11011111111111101111111111111110010001110111000010111111100000001100110000000000001111000000000000101100111111001100001000000001111101001110000010000100000000000101000000001100000000000111101100010000000101000000000000000001000010000000 0 7
564	0.000	347.643	( 0 )	11011111111111101111111111111110010001110111000010111111100000001100110000000000001111000000000000101100111111001100001000000001111111101110000010000100000000000101010000001000000000000111101100010000000101000000000000000001000011000000 0 5
583	0.000	350.187	( 0 )	11011111111111101111111111111110010001110111000010111111100000001100110000000000001111000000000000101100111111001100001000000001111111101110000010000100000000000101010000001000000000000111101100010000000101000100000000000101010011000000 0 3
545	0.000	354.435	( 0 )	11011111111111101111111111111110010001110111000010111111100000001100110000000000001111000000000000101100111111001100001000001001111111101110000010000000000000000101010000000000000000000011101100010000000101100100000000000101010011000000 0 5
553	0.000	358.682	( 0 )	1101111111111110111111111111111001000111011100001011111110000000110011000000000000111100000000000010110011111100110000100000110111111110111000001000000000001000-101010000000000000000000011101100010000000101100100000100000111010011000000 0 5
570	0.000	366.370	( 0 )	11011111111111101111111111111110010001110111000010111111100000001100110000000000001111000000000000101100111111001100001000001100001111101110000010000000000010011101011000000000000000000011101100010000000101101100000101100111011011000000 0 9
549	0.000	369.765	( 0 )	11011111111111101111111111111110010001110111000010111111100000001100110000000000001111000000000000101100111111001100001000001100001111101110001010000000000010011101111100000000000000000011111100010000000101101100000101100111011011000000 0 4
574	0.000	377.452	( 0 )	11011111111111101111111111111110010001110111000010111111100000001100110000000000001111000000000000101100111111001100001001101110000111111110001110000000000010011111111100000000000000000011111100010000000111101100000111100111011011000000 0 9
576	0.000	380.847	( 0 )	11011111111111101111111111111110010001110111000010111111100000001100110000000000001111000000000000101100111111001100001011101110000111111110001110000000000010011111111100000000000000000111111100011000010111101100000111100111011011000000 0 4
575	0.000	382.542	( 0 )	11011111111111101111111111111110010001110111000010111111100000001100110000000000001111000000000000101100111111001100001011101110000111111110001110000000001010011111111100000000000000010111111100011000010111101100000111100111011011000000 0 2
577	0.000	390.229	( 0 )	11011111111111101111111111111110010001110111000010111111100000001100110000000000001111000000000000101100111111001100001011101110000111111110001110000000001010011111111100000000000110010101111100011011000011111100010111100111011011000000 0 9
