#java OrderMarkers2 map=map4_14_js.txt data=data_f.call useKosambi=1 numMergeIterations=100 sexAveraged=1 outputPhasedData=2 grandparentPhase=1 recombination2=0 chromosome=3 randSeed=-4773881925998089515
#*** LG = 3 likelihood = -156.679
#marker_number	male_position	female_position	( 0.0 )[	phased data]
17787	0.000	0.000	( 0 )	------------ 0 0	---000 0 0	-------- 0 0	------ 0 0	---------- 0 0	------ 0 0	------ 0 0	------ 0 0	11-- 0 0	-------- 0 0	1111100011 0 0	11 0 0	---- 0 0	------------ 0 0	-------- 0 0	111--- 0 0	-------------- 0 0	-----10111 0 0	-----01000 0 0	001-100------- 0 0	10000----- 0 0	---100---101 0 0	-----01011 0 0	11111111 0 0	---- 0 0	---100 0 0	-------- 0 0	---- 0 0	--00 0 0	0000---- 0 0
17786	0.000	0.000	( 0 )	------------ 0 0	---000 0 0	-------- 0 0	------ 0 0	---------- 0 0	------ 0 0	------ 0 0	------ 0 0	11-- 0 0	-------- 0 0	1111100011 0 0	11 0 0	---- 0 0	------------ 0 0	-------- 0 0	111--- 0 0	-------------- 0 0	-----10111 0 0	-----01000 0 0	001-100------- 0 0	10000----- 0 0	---100---101 0 0	-----01011 0 0	11111111 0 0	---- 0 0	---100 0 0	-------- 0 0	---- 0 0	--00 0 0	0000---- 0 0
17784	0.000	0.000	( 0 )	------------ 0 0	---000 0 0	-------- 0 0	------ 0 0	---------- 0 0	------ 0 0	------ 0 0	------ 0 0	11-- 0 0	-------- 0 0	1111100011 0 0	11 0 0	---- 0 0	------------ 0 0	-------- 0 0	111--- 0 0	-------------- 0 0	-----10111 0 0	-----01000 0 0	001-100------- 0 0	10000----- 0 0	---100---101 0 0	-----01011 0 0	11111111 0 0	---- 0 0	---100 0 0	-------- 0 0	---- 0 0	--00 0 0	0000---- 0 0
17762	0.000	0.000	( 0 )	------------ 0 0	---000 0 0	-------- 0 0	------ 0 0	---------- 0 0	------ 0 0	------ 0 0	------ 0 0	11-- 0 0	-------- 0 0	1111100011 0 0	11 0 0	---- 0 0	------------ 0 0	-------- 0 0	111--- 0 0	-------------- 0 0	-----10111 0 0	-----01000 0 0	001-100------- 0 0	10000----- 0 0	---100---101 0 0	-----01011 0 0	11111111 0 0	---- 0 0	---100 0 0	-------- 0 0	---- 0 0	--00 0 0	0000---- 0 0
17764	0.000	0.000	( 0 )	------------ 0 0	---000 0 0	-------- 0 0	------ 0 0	---------- 0 0	------ 0 0	------ 0 0	------ 0 0	11-- 0 0	-------- 0 0	1111100011 0 0	11 0 0	---- 0 0	------------ 0 0	-------- 0 0	111--- 0 0	-------------- 0 0	-----10111 0 0	-----01000 0 0	001-100------- 0 0	10000----- 0 0	---100---101 0 0	-----01011 0 0	11111111 0 0	---- 0 0	---100 0 0	-------- 0 0	---- 0 0	--00 0 0	0000---- 0 0
17798	0.000	0.000	( 0 )	------------ 0 0	---000 0 0	-------- 0 0	------ 0 0	---------- 0 0	------ 0 0	------ 0 0	------ 0 0	11-- 0 0	-------- 0 0	1111100011 0 0	11 0 0	---- 0 0	------------ 0 0	-------- 0 0	111--- 0 0	-------------- 0 0	-----10111 0 0	-----01000 0 0	001-100------- 0 0	10000----- 0 0	---100---101 0 0	-----01011 0 0	11111111 0 0	---- 0 0	---100 0 0	-------- 0 0	---- 0 0	--00 0 0	0000---- 0 0
17795	0.000	0.000	( 0 )	------------ 0 0	---000 0 0	-------- 0 0	------ 0 0	---------- 0 0	------ 0 0	------ 0 0	------ 0 0	11-- 0 0	-------- 0 0	1111100011 0 0	11 0 0	---- 0 0	------------ 0 0	-------- 0 0	111--- 0 0	-------------- 0 0	-----10111 0 0	-----01000 0 0	001-100------- 0 0	10000----- 0 0	---100---101 0 0	-----01011 0 0	11111111 0 0	---- 0 0	---100 0 0	-------- 0 0	---- 0 0	--00 0 0	0000---- 0 0
17770	10.137	10.137	( 0 )	------------ 0 0	---000 0 0	-------- 0 0	------ 0 0	---------- 0 0	------ 0 0	------ 0 0	------ 0 0	11-- 0 0	-------- 0 0	1111100011 0 0	11 0 0	---- 0 0	------------ 0 0	-------- 0 0	111--- 0 0	-------------- 0 0	-----10111 0 0	-----01000 0 0	001-100------- 0 0	10000----- 0 0	----0----101 2 0	-----01011 0 0	11111111 0 0	---- 0 0	---100 0 0	-------- 0 0	---- 0 0	--00 0 0	0000---- 0 0
17793	10.137	10.137	( 0 )	------------ 0 0	---000 0 0	-------- 0 0	------ 0 0	---------- 0 0	------ 0 0	------ 0 0	------ 0 0	11-- 0 0	-------- 0 0	1111100011 0 0	11 0 0	---- 0 0	------------ 0 0	-------- 0 0	111--- 0 0	-------------- 0 0	-----10111 0 0	-----01000 0 0	001-100------- 0 0	10000----- 0 0	----0----101 0 0	-----01011 0 0	11111111 0 0	---- 0 0	---100 0 0	-------- 0 0	---- 0 0	--00 0 0	0000---- 0 0
17768	10.137	10.137	( 0 )	------------ 0 0	---000 0 0	-------- 0 0	------ 0 0	---------- 0 0	------ 0 0	------ 0 0	------ 0 0	11-- 0 0	-------- 0 0	1111100011 0 0	11 0 0	---- 0 0	------------ 0 0	-------- 0 0	111--- 0 0	-------------- 0 0	-----10111 0 0	-----01000 0 0	001-100------- 0 0	10000----- 0 0	----0----101 0 0	-----01011 0 0	11111111 0 0	---- 0 0	---100 0 0	-------- 0 0	---- 0 0	--00 0 0	0000---- 0 0
17802	10.137	10.137	( 0 )	------------ 0 0	---000 0 0	-------- 0 0	------ 0 0	---------- 0 0	------ 0 0	------ 0 0	------ 0 0	11-- 0 0	-------- 0 0	1111100011 0 0	11 0 0	---- 0 0	------------ 0 0	-------- 0 0	111--- 0 0	-------------- 0 0	-----10111 0 0	-----01000 0 0	001-100------- 0 0	10000----- 0 0	----0----101 0 0	-----01011 0 0	11111111 0 0	---- 0 0	---100 0 0	-------- 0 0	---- 0 0	--00 0 0	0000---- 0 0
17797	10.137	10.137	( 0 )	------------ 0 0	---000 0 0	-------- 0 0	------ 0 0	---------- 0 0	------ 0 0	------ 0 0	------ 0 0	11-- 0 0	-------- 0 0	1111100011 0 0	11 0 0	---- 0 0	------------ 0 0	-------- 0 0	111--- 0 0	-------------- 0 0	-----10111 0 0	-----01000 0 0	001-100------- 0 0	10000----- 0 0	----0----101 0 0	-----01011 0 0	11111111 0 0	---- 0 0	---100 0 0	-------- 0 0	---- 0 0	--00 0 0	0000---- 0 0
17799	10.137	10.137	( 0 )	------------ 0 0	---000 0 0	-------- 0 0	------ 0 0	---------- 0 0	------ 0 0	------ 0 0	------ 0 0	11-- 0 0	-------- 0 0	1111100011 0 0	11 0 0	---- 0 0	------------ 0 0	-------- 0 0	111--- 0 0	-------------- 0 0	-----10111 0 0	-----01000 0 0	001-100------- 0 0	10000----- 0 0	----0----101 0 0	-----01011 0 0	11111111 0 0	---- 0 0	---100 0 0	-------- 0 0	---- 0 0	--00 0 0	0000---- 0 0
17783	10.137	10.137	( 0 )	------------ 0 0	---000 0 0	-------- 0 0	------ 0 0	---------- 0 0	------ 0 0	------ 0 0	------ 0 0	11-- 0 0	-------- 0 0	1111100011 0 0	11 0 0	---- 0 0	------------ 0 0	-------- 0 0	111--- 0 0	-------------- 0 0	-----10111 0 0	-----01000 0 0	001-100------- 0 0	10000----- 0 0	----0----101 0 0	-----01011 0 0	11111111 0 0	---- 0 0	---100 0 0	-------- 0 0	---- 0 0	--00 0 0	0000---- 0 0
17758	10.137	10.137	( 0 )	------------ 0 0	---000 0 0	-------- 0 0	------ 0 0	---------- 0 0	------ 0 0	------ 0 0	------ 0 0	11-- 0 0	-------- 0 0	1111100011 0 0	11 0 0	---- 0 0	------------ 0 0	-------- 0 0	111--- 0 0	-------------- 0 0	-----10111 0 0	-----01000 0 0	001-100------- 0 0	10000----- 0 0	----0----101 0 0	-----01011 0 0	11111111 0 0	---- 0 0	---100 0 0	-------- 0 0	---- 0 0	--00 0 0	0000---- 0 0
17777	10.137	10.137	( 0 )	------------ 0 0	---000 0 0	-------- 0 0	------ 0 0	---------- 0 0	------ 0 0	------ 0 0	------ 0 0	11-- 0 0	-------- 0 0	1111100011 0 0	11 0 0	---- 0 0	------------ 0 0	-------- 0 0	111--- 0 0	-------------- 0 0	-----10111 0 0	-----01000 0 0	001-100------- 0 0	10000----- 0 0	----0----101 0 0	-----01011 0 0	11111111 0 0	---- 0 0	---100 0 0	-------- 0 0	---- 0 0	--00 0 0	0000---- 0 0
17776	10.137	10.137	( 0 )	------------ 0 0	---000 0 0	-------- 0 0	------ 0 0	---------- 0 0	------ 0 0	------ 0 0	------ 0 0	11-- 0 0	-------- 0 0	1111100011 0 0	11 0 0	---- 0 0	------------ 0 0	-------- 0 0	111--- 0 0	-------------- 0 0	-----10111 0 0	-----01000 0 0	001-100------- 0 0	10000----- 0 0	----0----101 0 0	-----01011 0 0	11111111 0 0	---- 0 0	---100 0 0	-------- 0 0	---- 0 0	--00 0 0	0000---- 0 0
17785	10.137	10.137	( 0 )	------------ 0 0	---000 0 0	-------- 0 0	------ 0 0	---------- 0 0	------ 0 0	------ 0 0	------ 0 0	11-- 0 0	-------- 0 0	1111100011 0 0	11 0 0	---- 0 0	------------ 0 0	-------- 0 0	111--- 0 0	-------------- 0 0	-----10111 0 0	-----01000 0 0	001-100------- 0 0	10000----- 0 0	----0----101 0 0	-----01011 0 0	11111111 0 0	---- 0 0	---100 0 0	-------- 0 0	---- 0 0	--00 0 0	0000---- 0 0
17759	10.137	10.137	( 0 )	------------ 0 0	---000 0 0	-------- 0 0	------ 0 0	---------- 0 0	------ 0 0	------ 0 0	------ 0 0	11-- 0 0	-------- 0 0	1111100011 0 0	11 0 0	---- 0 0	------------ 0 0	-------- 0 0	111--- 0 0	-------------- 0 0	-----10111 0 0	-----01000 0 0	001-100------- 0 0	10000----- 0 0	----0----101 0 0	-----01011 0 0	11111111 0 0	---- 0 0	---100 0 0	-------- 0 0	---- 0 0	--00 0 0	0000---- 0 0
17801	10.137	10.137	( 0 )	------------ 0 0	---000 0 0	-------- 0 0	------ 0 0	---------- 0 0	------ 0 0	------ 0 0	------ 0 0	11-- 0 0	-------- 0 0	1111100011 0 0	11 0 0	---- 0 0	------------ 0 0	-------- 0 0	111--- 0 0	-------------- 0 0	-----10111 0 0	-----01000 0 0	001-100------- 0 0	10000----- 0 0	----0----101 0 0	-----01011 0 0	11111111 0 0	---- 0 0	---100 0 0	-------- 0 0	---- 0 0	--00 0 0	0000---- 0 0
17792	25.290	25.290	( 0 )	------------ 0 0	---000 0 0	-------- 0 0	------ 0 0	---------- 0 0	------ 0 0	------ 0 0	------ 0 0	11-- 0 0	-------- 0 0	1111100011 0 0	11 0 0	---- 0 0	------------ 0 0	-------- 0 0	111--- 0 0	-------------- 0 0	-----10111 0 0	-----01000 0 0	----1--------- 5 0	10000----- 0 0	----0----101 0 0	-----01011 0 0	11111111 0 0	---- 0 0	---100 0 0	-------- 0 0	---- 0 0	--00 0 0	0000---- 0 0
17803	25.290	25.290	( 0 )	------------ 0 0	---000 0 0	-------- 0 0	------ 0 0	---------- 0 0	------ 0 0	------ 0 0	------ 0 0	11-- 0 0	-------- 0 0	1111100011 0 0	11 0 0	---- 0 0	------------ 0 0	-------- 0 0	111--- 0 0	-------------- 0 0	-----10111 0 0	-----01000 0 0	----1--------- 0 0	10000----- 0 0	----0----101 0 0	-----01011 0 0	11111111 0 0	---- 0 0	---100 0 0	-------- 0 0	---- 0 0	--00 0 0	0000---- 0 0
17761	25.290	25.290	( 0 )	------------ 0 0	---000 0 0	-------- 0 0	------ 0 0	---------- 0 0	------ 0 0	------ 0 0	------ 0 0	11-- 0 0	-------- 0 0	1111100011 0 0	11 0 0	---- 0 0	------------ 0 0	-------- 0 0	111--- 0 0	-------------- 0 0	-----10111 0 0	-----01000 0 0	----1--------- 0 0	10000----- 0 0	----0----101 0 0	-----01011 0 0	11111111 0 0	---- 0 0	---100 0 0	-------- 0 0	---- 0 0	--00 0 0	0000---- 0 0
17782	25.290	25.290	( 0 )	------------ 0 0	---000 0 0	-------- 0 0	------ 0 0	---------- 0 0	------ 0 0	------ 0 0	------ 0 0	11-- 0 0	-------- 0 0	1111100011 0 0	11 0 0	---- 0 0	------------ 0 0	-------- 0 0	111--- 0 0	-------------- 0 0	-----10111 0 0	-----01000 0 0	----1--------- 0 0	10000----- 0 0	----0----101 0 0	-----01011 0 0	11111111 0 0	---- 0 0	---100 0 0	-------- 0 0	---- 0 0	--00 0 0	0000---- 0 0
17788	25.290	25.290	( 0 )	------------ 0 0	---000 0 0	-------- 0 0	------ 0 0	---------- 0 0	------ 0 0	------ 0 0	------ 0 0	11-- 0 0	-------- 0 0	1111100011 0 0	11 0 0	---- 0 0	------------ 0 0	-------- 0 0	111--- 0 0	-------------- 0 0	-----10111 0 0	-----01000 0 0	110-111------- 0 0	10000----- 0 0	----0----101 0 0	-----01011 0 0	11111111 0 0	---- 0 0	---100 0 0	-------- 0 0	---- 0 0	--00 0 0	0000---- 0 0
17778	25.290	25.290	( 0 )	------------ 0 0	---000 0 0	-------- 0 0	------ 0 0	---------- 0 0	------ 0 0	------ 0 0	------ 0 0	11-- 0 0	-------- 0 0	1111100011 0 0	11 0 0	---- 0 0	------------ 0 0	-------- 0 0	111--- 0 0	-------------- 0 0	-----10111 0 0	-----01000 0 0	110-111------- 0 0	10000----- 0 0	---001---101 0 0	-----01011 0 0	11111111 0 0	---- 0 0	---100 0 0	-------- 0 0	---- 0 0	--00 0 0	0000---- 0 0
17791	25.290	25.290	( 0 )	------------ 0 0	---000 0 0	-------- 0 0	------ 0 0	---------- 0 0	------ 0 0	------ 0 0	------ 0 0	11-- 0 0	-------- 0 0	1111100011 0 0	11 0 0	---- 0 0	------------ 0 0	-------- 0 0	111--- 0 0	-------------- 0 0	-----10111 0 0	-----01000 0 0	110-111------- 0 0	10000----- 0 0	---001---101 0 0	-----01011 0 0	11111111 0 0	---- 0 0	---100 0 0	-------- 0 0	---- 0 0	--00 0 0	0000---- 0 0
17772	25.290	25.290	( 0 )	------------ 0 0	---000 0 0	-------- 0 0	------ 0 0	---------- 0 0	------ 0 0	------ 0 0	------ 0 0	11-- 0 0	-------- 0 0	1111100011 0 0	11 0 0	---- 0 0	------------ 0 0	-------- 0 0	111--- 0 0	-------------- 0 0	-----10111 0 0	-----01000 0 0	110-111------- 0 0	10000----- 0 0	---001---101 0 0	-----01011 0 0	11111111 0 0	---- 0 0	---100 0 0	-------- 0 0	---- 0 0	--00 0 0	0000---- 0 0
17800	25.290	25.290	( 0 )	------------ 0 0	---000 0 0	-------- 0 0	------ 0 0	---------- 0 0	------ 0 0	------ 0 0	------ 0 0	11-- 0 0	-------- 0 0	1111100011 0 0	11 0 0	---- 0 0	------------ 0 0	-------- 0 0	111--- 0 0	-------------- 0 0	-----10111 0 0	-----01000 0 0	110-111------- 0 0	10000----- 0 0	---001---101 0 0	-----01011 0 0	11111111 0 0	---- 0 0	---100 0 0	-------- 0 0	---- 0 0	--00 0 0	0000---- 0 0
17809	25.290	25.290	( 0 )	------------ 0 0	---000 0 0	-------- 0 0	------ 0 0	---------- 0 0	------ 0 0	------ 0 0	------ 0 0	11-- 0 0	-------- 0 0	1111100011 0 0	11 0 0	---- 0 0	------------ 0 0	-------- 0 0	111--- 0 0	-------------- 0 0	-----10111 0 0	-----01000 0 0	110-111------- 0 0	10000----- 0 0	---001---101 0 0	-----01011 0 0	11111111 0 0	---- 0 0	---100 0 0	-------- 0 0	---- 0 0	--00 0 0	0000---- 0 0
17794	25.290	25.290	( 0 )	------------ 0 0	---000 0 0	-------- 0 0	------ 0 0	---------- 0 0	------ 0 0	------ 0 0	------ 0 0	11-- 0 0	-------- 0 0	1111100011 0 0	11 0 0	---- 0 0	------------ 0 0	-------- 0 0	111--- 0 0	-------------- 0 0	-----10111 0 0	-----01000 0 0	110-111------- 0 0	10000----- 0 0	---001---101 0 0	-----01011 0 0	11111111 0 0	---- 0 0	---100 0 0	-------- 0 0	---- 0 0	--00 0 0	0000---- 0 0
17757	25.290	25.290	( 0 )	------------ 0 0	---000 0 0	-------- 0 0	------ 0 0	---------- 0 0	------ 0 0	------ 0 0	------ 0 0	11-- 0 0	-------- 0 0	1111100011 0 0	11 0 0	---- 0 0	------------ 0 0	-------- 0 0	111--- 0 0	-------------- 0 0	-----10111 0 0	-----01000 0 0	110-111------- 0 0	10000----- 0 0	---001---101 0 0	-----01011 0 0	11111111 0 0	---- 0 0	---100 0 0	-------- 0 0	---- 0 0	--00 0 0	0000---- 0 0
17790	25.290	25.290	( 0 )	------------ 0 0	---000 0 0	-------- 0 0	------ 0 0	---------- 0 0	------ 0 0	------ 0 0	------ 0 0	11-- 0 0	-------- 0 0	1111100011 0 0	11 0 0	---- 0 0	------------ 0 0	-------- 0 0	111--- 0 0	-------------- 0 0	-----10111 0 0	-----01000 0 0	110-111------- 0 0	10000----- 0 0	---001---101 0 0	-----01011 0 0	11111111 0 0	---- 0 0	---100 0 0	-------- 0 0	---- 0 0	--00 0 0	0000---- 0 0
