#java OrderMarkers2 map=map4_14_js.txt data=data_f.call useKosambi=1 numMergeIterations=100 sexAveraged=1 outputPhasedData=2 grandparentPhase=1 recombination2=0 chromosome=2 randSeed=9164036244701064732
#*** LG = 2 likelihood = -235.6766
#marker_number	male_position	female_position	( 0.0 )[	phased data]
10596	0.000	0.000	( 0 )	------------ 0 0	------ 0 0	----0011 0 0	------ 0 0	10111----- 0 0	000000 0 0	------ 0 0	---111 0 0	1100 0 0	-------- 0 0	---------- 0 0	1- 0 0	---- 0 0	0-000-0-000- 0 0	11011001 0 0	111--- 0 0	-------------- 0 0	1011110101 0 0	-----00001 0 0	11110101111101 0 0	-00---1--- 0 0	111011------ 0 0	---------- 0 0	-------- 0 0	11-- 0 0	011001 0 0	1111---- 0 0	11-- 0 0	--00 0 0	11100000 0 0
10574	0.000	0.000	( 0 )	------------ 0 0	------ 0 0	----0011 0 0	------ 0 0	10111----- 0 0	000000 0 0	------ 0 0	---111 0 0	1100 0 0	-------- 0 0	---------- 0 0	1- 0 0	---- 0 0	0-000-0-000- 0 0	11011001 0 0	111--- 0 0	-------------- 0 0	1011110101 0 0	-----00001 0 0	11110101111101 0 0	-00---1--- 0 0	111011------ 0 0	---------- 0 0	-------- 0 0	11-- 0 0	011001 0 0	1111---- 0 0	11-- 0 0	--00 0 0	11100000 0 0
10655	0.000	0.000	( 0 )	------------ 0 0	------ 0 0	----0011 0 0	------ 0 0	10111----- 0 0	000000 0 0	------ 0 0	---111 0 0	1100 0 0	-------- 0 0	---------- 0 0	1- 0 0	---- 0 0	0-000-0-000- 0 0	11011001 0 0	111--- 0 0	-------------- 0 0	1011110101 0 0	-----00001 0 0	11110101111101 0 0	-00---1--- 0 0	111011------ 0 0	---------- 0 0	-------- 0 0	11-- 0 0	011001 0 0	1111---- 0 0	11-- 0 0	--00 0 0	11100000 0 0
10630	0.000	0.000	( 0 )	------------ 0 0	------ 0 0	----0011 0 0	------ 0 0	10111----- 0 0	000000 0 0	------ 0 0	---111 0 0	1100 0 0	-------- 0 0	---------- 0 0	1- 0 0	---- 0 0	0-000-0-000- 0 0	11011001 0 0	111--- 0 0	-------------- 0 0	1011110101 0 0	-----00001 0 0	11110101111101 0 0	-00---1--- 0 0	111011------ 0 0	---------- 0 0	-------- 0 0	11-- 0 0	011001 0 0	1111---- 0 0	11-- 0 0	--00 0 0	11100000 0 0
10567	0.000	0.000	( 0 )	------------ 0 0	------ 0 0	----0011 0 0	------ 0 0	10111----- 0 0	000000 0 0	------ 0 0	---111 0 0	1100 0 0	-------- 0 0	---------- 0 0	1- 0 0	---- 0 0	0-000-0-000- 0 0	11011001 0 0	111--- 0 0	-------------- 0 0	1011110101 0 0	-----00001 0 0	11110101111101 0 0	-00---1--- 0 0	111011------ 0 0	---------- 0 0	-------- 0 0	11-- 0 0	011001 0 0	1111---- 0 0	11-- 0 0	--00 0 0	11100000 0 0
10617	0.000	0.000	( 0 )	------------ 0 0	------ 0 0	----0011 0 0	------ 0 0	10111----- 0 0	000000 0 0	------ 0 0	---111 0 0	1100 0 0	-------- 0 0	---------- 0 0	1- 0 0	---- 0 0	0-000-0-000- 0 0	11011001 0 0	111--- 0 0	-------------- 0 0	1011110101 0 0	-----00001 0 0	11110101111101 0 0	-00---1--- 0 0	111011------ 0 0	---------- 0 0	-------- 0 0	11-- 0 0	011001 0 0	1111---- 0 0	11-- 0 0	--00 0 0	11100000 0 0
10590	3.711	3.711	( 0 )	------------ 0 0	------ 0 0	----0011 0 0	------ 0 0	10111----- 0 0	000000 0 0	------ 0 0	---111 0 0	1100 0 0	-------- 0 0	---------- 0 0	1- 0 0	---- 0 0	0-000-0-000- 0 0	11011001 0 0	111--- 0 0	-------------- 0 0	1011110101 0 0	-----00001 0 0	11110101111101 0 0	------1--- 2 0	111011------ 0 0	---------- 0 0	-------- 0 0	11-- 0 0	011001 0 0	1111---- 0 0	11-- 0 0	--00 0 0	11100000 0 0
10566	3.711	3.711	( 0 )	------------ 0 0	------ 0 0	----0011 0 0	------ 0 0	10111----- 0 0	000000 0 0	------ 0 0	---111 0 0	1100 0 0	-------- 0 0	---------- 0 0	1- 0 0	---- 0 0	0-000-0-000- 0 0	11011001 0 0	111--- 0 0	-------------- 0 0	1011110101 0 0	-----00001 0 0	11110101111101 0 0	------1--- 0 0	111011------ 0 0	---------- 0 0	-------- 0 0	11-- 0 0	011001 0 0	1111---- 0 0	11-- 0 0	--00 0 0	11100000 0 0
10621	3.711	3.711	( 0 )	------------ 0 0	------ 0 0	----0011 0 0	------ 0 0	10111----- 0 0	000000 0 0	------ 0 0	---111 0 0	1100 0 0	-------- 0 0	---------- 0 0	1- 0 0	---- 0 0	0-000-0-000- 0 0	11011001 0 0	111--- 0 0	-------------- 0 0	1011110101 0 0	-----00001 0 0	11110101111101 0 0	------1--- 0 0	111011------ 0 0	---------- 0 0	-------- 0 0	11-- 0 0	011001 0 0	1111---- 0 0	11-- 0 0	--00 0 0	11100000 0 0
10553	3.711	3.711	( 0 )	------------ 0 0	------ 0 0	----0011 0 0	------ 0 0	10111----- 0 0	000000 0 0	------ 0 0	---111 0 0	1100 0 0	-------- 0 0	---------- 0 0	1- 0 0	---- 0 0	0-000-0-000- 0 0	11011001 0 0	111--- 0 0	-------------- 0 0	1011110101 0 0	-----00001 0 0	11110101111101 0 0	------1--- 0 0	111011------ 0 0	---------- 0 0	-------- 0 0	11-- 0 0	011001 0 0	1111---- 0 0	11-- 0 0	--00 0 0	11100000 0 0
10581	3.711	3.711	( 0 )	------------ 0 0	------ 0 0	----0011 0 0	------ 0 0	10111----- 0 0	000000 0 0	------ 0 0	---111 0 0	1100 0 0	-------- 0 0	---------- 0 0	1- 0 0	---- 0 0	0-000-0-000- 0 0	11011001 0 0	111--- 0 0	-------------- 0 0	1011110101 0 0	-----00001 0 0	11110101111101 0 0	------1--- 0 0	111011------ 0 0	---------- 0 0	-------- 0 0	11-- 0 0	011001 0 0	1111---- 0 0	11-- 0 0	--00 0 0	11100000 0 0
10633	3.711	3.711	( 0 )	------------ 0 0	------ 0 0	----0011 0 0	------ 0 0	10111----- 0 0	000000 0 0	------ 0 0	---111 0 0	1100 0 0	-------- 0 0	---------- 0 0	1- 0 0	---- 0 0	0-000-0-000- 0 0	11011001 0 0	111--- 0 0	-------------- 0 0	1011110101 0 0	-----00001 0 0	11110101111101 0 0	------1--- 0 0	111011------ 0 0	---------- 0 0	-------- 0 0	11-- 0 0	011001 0 0	1111---- 0 0	11-- 0 0	--00 0 0	11100000 0 0
10583	3.711	3.711	( 0 )	------------ 0 0	------ 0 0	----0011 0 0	------ 0 0	10111----- 0 0	000000 0 0	------ 0 0	---111 0 0	1100 0 0	-------- 0 0	---------- 0 0	1- 0 0	---- 0 0	0-000-0-000- 0 0	11011001 0 0	111--- 0 0	-------------- 0 0	1011110101 0 0	-----00001 0 0	11110101111101 0 0	------1--- 0 0	111011------ 0 0	---------- 0 0	-------- 0 0	11-- 0 0	011001 0 0	1111---- 0 0	11-- 0 0	--00 0 0	11100000 0 0
10576	3.711	3.711	( 0 )	------------ 0 0	------ 0 0	----0011 0 0	------ 0 0	10111----- 0 0	000000 0 0	------ 0 0	---111 0 0	1100 0 0	-------- 0 0	---------- 0 0	1- 0 0	---- 0 0	0-000-0-000- 0 0	11011001 0 0	111--- 0 0	-------------- 0 0	1011110101 0 0	-----00001 0 0	11110101111101 0 0	------1--- 0 0	111011------ 0 0	---------- 0 0	-------- 0 0	11-- 0 0	011001 0 0	1111---- 0 0	11-- 0 0	--00 0 0	11100000 0 0
10609	3.711	3.711	( 0 )	------------ 0 0	------ 0 0	----0011 0 0	------ 0 0	10111----- 0 0	000000 0 0	------ 0 0	---111 0 0	1100 0 0	-------- 0 0	---------- 0 0	1- 0 0	---- 0 0	0-000-0-000- 0 0	11011001 0 0	111--- 0 0	-------------- 0 0	1011110101 0 0	-----00001 0 0	11110101111101 0 0	------1--- 0 0	111011------ 0 0	---------- 0 0	-------- 0 0	11-- 0 0	011001 0 0	1111---- 0 0	11-- 0 0	--00 0 0	11100000 0 0
10631	3.711	3.711	( 0 )	------------ 0 0	------ 0 0	----0011 0 0	------ 0 0	10111----- 0 0	000000 0 0	------ 0 0	---111 0 0	1100 0 0	-------- 0 0	---------- 0 0	1- 0 0	---- 0 0	0-000-0-000- 0 0	11011001 0 0	111--- 0 0	-------------- 0 0	1011110101 0 0	-----00001 0 0	11110101111101 0 0	------1--- 0 0	111011------ 0 0	---------- 0 0	-------- 0 0	11-- 0 0	011001 0 0	1111---- 0 0	11-- 0 0	--00 0 0	11100000 0 0
10629	5.378	5.378	( 0 )	------------ 0 0	------ 0 0	----0011 0 0	------ 0 0	10111----- 0 0	000000 0 0	------ 0 0	---111 0 0	1100 0 0	-------- 0 0	---------- 0 0	1- 0 0	---- 0 0	0-000-0-000- 0 0	11-11001 1 0	111--- 0 0	-------------- 0 0	1011110101 0 0	-----00001 0 0	11110101111101 0 0	------1--- 0 0	111011------ 0 0	---------- 0 0	-------- 0 0	11-- 0 0	011001 0 0	1111---- 0 0	11-- 0 0	--00 0 0	11100000 0 0
10578	5.378	5.378	( 0 )	------------ 0 0	------ 0 0	----0011 0 0	------ 0 0	10111----- 0 0	000000 0 0	------ 0 0	---111 0 0	1100 0 0	-------- 0 0	---------- 0 0	1- 0 0	---- 0 0	0-000-0-000- 0 0	11-11001 0 0	111--- 0 0	-------------- 0 0	1011110101 0 0	-----00001 0 0	11110101111101 0 0	------1--- 0 0	111011------ 0 0	---------- 0 0	-------- 0 0	11-- 0 0	011001 0 0	1111---- 0 0	11-- 0 0	--00 0 0	11100000 0 0
10546	5.378	5.378	( 0 )	------------ 0 0	------ 0 0	----0011 0 0	------ 0 0	10111----- 0 0	000000 0 0	------ 0 0	---111 0 0	1100 0 0	-------- 0 0	---------- 0 0	1- 0 0	---- 0 0	0-000-0-000- 0 0	11-11001 0 0	111--- 0 0	-------------- 0 0	1011110101 0 0	-----00001 0 0	11110101111101 0 0	------1--- 0 0	111011------ 0 0	---------- 0 0	-------- 0 0	11-- 0 0	011001 0 0	1111---- 0 0	11-- 0 0	--00 0 0	11100000 0 0
10543	5.378	5.378	( 0 )	------------ 0 0	------ 0 0	----0011 0 0	------ 0 0	10111----- 0 0	000000 0 0	------ 0 0	---111 0 0	1100 0 0	-------- 0 0	---------- 0 0	1- 0 0	---- 0 0	0-000-0-000- 0 0	11-11001 0 0	111--- 0 0	-------------- 0 0	1011110101 0 0	-----00001 0 0	11110101111101 0 0	------1--- 0 0	111011------ 0 0	---------- 0 0	-------- 0 0	11-- 0 0	011001 0 0	1111---- 0 0	11-- 0 0	--00 0 0	11100000 0 0
10587	5.378	5.378	( 0 )	------------ 0 0	------ 0 0	----0011 0 0	------ 0 0	10111----- 0 0	000000 0 0	------ 0 0	---111 0 0	1100 0 0	-------- 0 0	---------- 0 0	1- 0 0	---- 0 0	0-000-0-000- 0 0	11-11001 0 0	111--- 0 0	-------------- 0 0	1011110101 0 0	-----00001 0 0	11110101111101 0 0	------1--- 0 0	111011------ 0 0	---------- 0 0	-------- 0 0	11-- 0 0	011001 0 0	1111---- 0 0	11-- 0 0	--00 0 0	11100000 0 0
10624	5.378	5.378	( 0 )	------------ 0 0	------ 0 0	----0011 0 0	------ 0 0	10111----- 0 0	000000 0 0	------ 0 0	---111 0 0	1100 0 0	-------- 0 0	---------- 0 0	1- 0 0	---- 0 0	0-000-0-000- 0 0	11-11001 0 0	111--- 0 0	-------------- 0 0	1011110101 0 0	-----00001 0 0	11110101111101 0 0	------1--- 0 0	111011------ 0 0	---------- 0 0	-------- 0 0	11-- 0 0	011001 0 0	1111---- 0 0	11-- 0 0	--00 0 0	11100000 0 0
10570	5.378	5.378	( 0 )	------------ 0 0	------ 0 0	----0011 0 0	------ 0 0	10111----- 0 0	000000 0 0	------ 0 0	---111 0 0	1100 0 0	-------- 0 0	---------- 0 0	1- 0 0	---- 0 0	0-000-0-000- 0 0	11-11001 0 0	111--- 0 0	-------------- 0 0	1011110101 0 0	-----00001 0 0	11110101111101 0 0	------1--- 0 0	111011------ 0 0	---------- 0 0	-------- 0 0	11-- 0 0	011001 0 0	1111---- 0 0	11-- 0 0	--00 0 0	11100000 0 0
10604	5.378	5.378	( 0 )	------------ 0 0	------ 0 0	----0011 0 0	------ 0 0	10111----- 0 0	000000 0 0	------ 0 0	---111 0 0	1100 0 0	-------- 0 0	---------- 0 0	1- 0 0	---- 0 0	0-000-0-000- 0 0	11-11001 0 0	111--- 0 0	-------------- 0 0	1011110101 0 0	-----00001 0 0	11110101111101 0 0	------1--- 0 0	111011------ 0 0	---------- 0 0	-------- 0 0	11-- 0 0	011001 0 0	1111---- 0 0	11-- 0 0	--00 0 0	11100000 0 0
10594	8.412	8.412	( 0 )	------------ 0 0	------ 0 0	----0011 0 0	------ 0 0	10111----- 0 0	000000 0 0	------ 0 0	---111 0 0	1100 0 0	-------- 0 0	---------- 0 0	1- 0 0	---- 0 0	0-000-0-000- 0 0	11-11001 0 0	111--- 0 0	-------------- 0 0	1011110101 0 0	-----00001 0 0	11110101111101 0 0	------1--- 0 0	11101------- 1 0	---------- 0 0	-------- 0 0	11-- 0 0	-11001 1 0	1111---- 0 0	11-- 0 0	--00 0 0	11100000 0 0
10628	8.412	8.412	( 0 )	------------ 0 0	------ 0 0	----0011 0 0	------ 0 0	10111----- 0 0	000000 0 0	------ 0 0	---111 0 0	1100 0 0	-------- 0 0	---------- 0 0	1- 0 0	---- 0 0	0-000-0-000- 0 0	11-11001 0 0	111--- 0 0	-------------- 0 0	1011110101 0 0	-----00001 0 0	11110101111101 0 0	------1--- 0 0	11101------- 0 0	---------- 0 0	-------- 0 0	11-- 0 0	-11001 0 0	1111---- 0 0	11-- 0 0	--00 0 0	11100000 0 0
10619	9.841	9.841	( 0 )	------------ 0 0	------ 0 0	----0011 0 0	------ 0 0	10111----- 0 0	000000 0 0	------ 0 0	---111 0 0	1100 0 0	-------- 0 0	---------- 0 0	1- 0 0	---- 0 0	0-000-0-000- 0 0	11-11001 0 0	111--- 0 0	-------------- 0 0	1011110101 0 0	-----00001 0 0	11110101111101 0 0	------1--- 0 0	11101------- 0 0	---------- 0 0	-------- 0 0	11-- 0 0	-11001 0 0	1111---- 0 0	1--- 1 0	--00 0 0	11100000 0 0
10605	9.841	9.841	( 0 )	------------ 0 0	------ 0 0	----0011 0 0	------ 0 0	10111----- 0 0	000000 0 0	------ 0 0	---111 0 0	1100 0 0	-------- 0 0	---------- 0 0	1- 0 0	---- 0 0	0-000-0-000- 0 0	11-11001 0 0	111--- 0 0	-------------- 0 0	1011110101 0 0	-----00001 0 0	11110101111101 0 0	-1----1--- 0 0	11101------- 0 0	---------- 0 0	-------- 0 0	11-- 0 0	-11001 0 0	1111---- 0 0	1--- 0 0	--00 0 0	11100000 0 0
10575	9.841	9.841	( 0 )	------------ 0 0	------ 0 0	----0011 0 0	------ 0 0	10111----- 0 0	000000 0 0	------ 0 0	---111 0 0	1100 0 0	-------- 0 0	---------- 0 0	1- 0 0	---- 0 0	0-000-0-000- 0 0	11-11001 0 0	111--- 0 0	-------------- 0 0	1011110101 0 0	-----00001 0 0	11110101111101 0 0	-1----1--- 0 0	11101------- 0 0	---------- 0 0	-------- 0 0	11-- 0 0	-11001 0 0	1111---- 0 0	1--- 0 0	--00 0 0	11100000 0 0
10561	9.841	9.841	( 0 )	------------ 0 0	------ 0 0	----0011 0 0	------ 0 0	10111----- 0 0	000000 0 0	------ 0 0	---111 0 0	1100 0 0	-------- 0 0	---------- 0 0	1- 0 0	---- 0 0	0-000-0-000- 0 0	11-11001 0 0	111--- 0 0	-------------- 0 0	1011110101 0 0	-----00001 0 0	11110101111101 0 0	-11---1--- 0 0	11101------- 0 0	---------- 0 0	-------- 0 0	11-- 0 0	-11001 0 0	1111---- 0 0	1--- 0 0	--00 0 0	11100000 0 0
10623	9.841	9.841	( 0 )	------------ 0 0	------ 0 0	----0011 0 0	------ 0 0	10111----- 0 0	000000 0 0	------ 0 0	---111 0 0	1100 0 0	-------- 0 0	---------- 0 0	1- 0 0	---- 0 0	0-000-0-000- 0 0	11-11001 0 0	111--- 0 0	-------------- 0 0	1011110101 0 0	-----00001 0 0	11110101111101 0 0	-11---1--- 0 0	111010------ 0 0	---------- 0 0	-------- 0 0	11-- 0 0	-11001 0 0	1111---- 0 0	1--- 0 0	--00 0 0	11100000 0 0
10565	17.910	17.910	( 0 )	------------ 0 0	------ 0 0	----0011 0 0	------ 0 0	10111----- 0 0	000000 0 0	------ 0 0	---111 0 0	1100 0 0	-------- 0 0	---------- 0 0	1- 0 0	---- 0 0	0-000-0-000- 0 0	11-11001 0 0	111--- 0 0	-------------- 0 0	1011110101 0 0	-----00001 0 0	11110101111101 0 0	-11---1--- 0 0	1----0------ 4 0	---------- 0 0	-------- 0 0	11-- 0 0	-11001 0 0	1111---- 0 0	1--- 0 0	--00 0 0	11100000 0 0
10556	17.910	17.910	( 0 )	------------ 0 0	------ 0 0	----0011 0 0	------ 0 0	10111----- 0 0	000000 0 0	------ 0 0	---111 0 0	1100 0 0	-------- 0 0	---------- 0 0	1- 0 0	---- 0 0	0-000-0-000- 0 0	11-11001 0 0	111--- 0 0	-------------- 0 0	1011110101 0 0	-----00001 0 0	11110101111101 0 0	-11---1--- 0 0	1----0------ 0 0	---------- 0 0	-------- 0 0	11-- 0 0	-11001 0 0	1111---- 0 0	1--- 0 0	--00 0 0	11100000 0 0
10610	17.910	17.910	( 0 )	------------ 0 0	------ 0 0	----0011 0 0	------ 0 0	10111----- 0 0	000000 0 0	------ 0 0	---111 0 0	1100 0 0	-------- 0 0	---------- 0 0	1- 0 0	---- 0 0	0-000-0-000- 0 0	11-11001 0 0	111--- 0 0	-------------- 0 0	1011110101 0 0	-----00001 0 0	11110101111101 0 0	-11---1--- 0 0	1----0------ 0 0	---------- 0 0	-------- 0 0	11-- 0 0	-11001 0 0	1111---- 0 0	1--- 0 0	--00 0 0	11100000 0 0
10651	17.910	17.910	( 0 )	------------ 0 0	------ 0 0	----0011 0 0	------ 0 0	10111----- 0 0	000000 0 0	------ 0 0	---111 0 0	1100 0 0	-------- 0 0	---------- 0 0	1- 0 0	---- 0 0	0-000-0-000- 0 0	11-11001 0 0	111--- 0 0	-------------- 0 0	1011110101 0 0	-----00001 0 0	11110101111101 0 0	-11---1--- 0 0	1----0------ 0 0	---------- 0 0	-------- 0 0	11-- 0 0	-11001 0 0	1111---- 0 0	10-- 0 0	--00 0 0	11100000 0 0
10579	17.910	17.910	( 0 )	------------ 0 0	------ 0 0	----0011 0 0	------ 0 0	10111----- 0 0	000000 0 0	------ 0 0	---111 0 0	1100 0 0	-------- 0 0	---------- 0 0	1- 0 0	---- 0 0	0-000-0-000- 0 0	11-11001 0 0	111--- 0 0	-------------- 0 0	1011110101 0 0	-----00001 0 0	11110101111101 0 0	-11---1--- 0 0	100100------ 0 0	---------- 0 0	-------- 0 0	11-- 0 0	-11001 0 0	1111---- 0 0	10-- 0 0	--00 0 0	11100000 0 0
10552	19.911	19.911	( 0 )	------------ 0 0	------ 0 0	----0011 0 0	------ 0 0	10111----- 0 0	000000 0 0	------ 0 0	---111 0 0	1100 0 0	-------- 0 0	---------- 0 0	1- 0 0	---- 0 0	0-000-0-000- 0 0	11111001 0 0	111--- 0 0	-------------- 0 0	1011110101 0 0	-----00001 0 0	11110101111101 0 0	-11---1--- 0 0	-00100------ 1 0	---------- 0 0	-------- 0 0	11-- 0 0	-11001 0 0	1111---- 0 0	10-- 0 0	--00 0 0	11100000 0 0
10563	19.911	19.911	( 0 )	------------ 0 0	------ 0 0	----0011 0 0	------ 0 0	10111----- 0 0	000000 0 0	------ 0 0	---111 0 0	1100 0 0	-------- 0 0	---------- 0 0	1- 0 0	---- 0 0	0-000-0-000- 0 0	11111001 0 0	111--- 0 0	-------------- 0 0	1011110101 0 0	-----00001 0 0	11110101111101 0 0	-11---1--- 0 0	-00100------ 0 0	---------- 0 0	-------- 0 0	11-- 0 0	-11001 0 0	1111---- 0 0	10-- 0 0	--00 0 0	11100000 0 0
10564	22.294	22.294	( 0 )	------------ 0 0	------ 0 0	----0011 0 0	------ 0 0	10111----- 0 0	-00000 1 0	------ 0 0	---111 0 0	1100 0 0	-------- 0 0	---------- 0 0	1- 0 0	---- 0 0	0-000-0-000- 0 0	11111001 0 0	111--- 0 0	-------------- 0 0	1011110101 0 0	-----00001 0 0	11110101111101 0 0	-11---1--- 0 0	000100------ 0 0	---------- 0 0	-------- 0 0	11-- 0 0	111001 0 0	1111---- 0 0	10-- 0 0	--00 0 0	11100000 0 0
10577	22.294	22.294	( 0 )	------------ 0 0	------ 0 0	----0011 0 0	------ 0 0	10111----- 0 0	100000 0 0	------ 0 0	---111 0 0	1100 0 0	-------- 0 0	---------- 0 0	1- 0 0	---- 0 0	0-000-0-000- 0 0	11111001 0 0	111--- 0 0	-------------- 0 0	1011110101 0 0	-----00001 0 0	11110101111101 0 0	-11---1--- 0 0	000100------ 0 0	---------- 0 0	-------- 0 0	11-- 0 0	111001 0 0	1111---- 0 0	10-- 0 0	--00 0 0	11100000 0 0
10571	22.294	22.294	( 0 )	------------ 0 0	------ 0 0	----0011 0 0	------ 0 0	10111----- 0 0	100000 0 0	------ 0 0	---111 0 0	1100 0 0	-------- 0 0	---------- 0 0	1- 0 0	---- 0 0	0-000-0-000- 0 0	11111001 0 0	111--- 0 0	-------------- 0 0	1011110101 0 0	-----00001 0 0	11110101111101 0 0	-11---1--- 0 0	000100------ 0 0	---------- 0 0	-------- 0 0	11-- 0 0	111001 0 0	1111---- 0 0	10-- 0 0	--00 0 0	11100000 0 0
10586	22.294	22.294	( 0 )	------------ 0 0	------ 0 0	----0011 0 0	------ 0 0	10111----- 0 0	100000 0 0	------ 0 0	---111 0 0	1100 0 0	-------- 0 0	---------- 0 0	1- 0 0	---- 0 0	0-000-0-000- 0 0	11111001 0 0	111--- 0 0	-------------- 0 0	1011110101 0 0	-----00001 0 0	11110101111101 0 0	-11---1--- 0 0	000100------ 0 0	---------- 0 0	-------- 0 0	11-- 0 0	111001 0 0	1111---- 0 0	10-- 0 0	--00 0 0	11100000 0 0
10582	22.294	22.294	( 0 )	------------ 0 0	------ 0 0	----0011 0 0	------ 0 0	10111----- 0 0	100000 0 0	------ 0 0	---111 0 0	1100 0 0	-------- 0 0	---------- 0 0	1- 0 0	---- 0 0	0-000-0-000- 0 0	11111001 0 0	111--- 0 0	-------------- 0 0	1011110101 0 0	-----00001 0 0	11110101111101 0 0	-11---1--- 0 0	000100------ 0 0	---------- 0 0	-------- 0 0	11-- 0 0	111001 0 0	1111---- 0 0	10-- 0 0	--00 0 0	11100000 0 0
10548	22.294	22.294	( 0 )	------------ 0 0	------ 0 0	----0011 0 0	------ 0 0	10111----- 0 0	100000 0 0	------ 0 0	---111 0 0	1100 0 0	-------- 0 0	---------- 0 0	1- 0 0	---- 0 0	0-000-0-000- 0 0	11111001 0 0	111--- 0 0	-------------- 0 0	1011110101 0 0	-----00001 0 0	11110101111101 0 0	-11---1--- 0 0	000100------ 0 0	---------- 0 0	-------- 0 0	11-- 0 0	111001 0 0	1111---- 0 0	10-- 0 0	--00 0 0	11100000 0 0
10620	22.294	22.294	( 0 )	------------ 0 0	------ 0 0	----0011 0 0	------ 0 0	10111----- 0 0	100000 0 0	------ 0 0	---111 0 0	1100 0 0	-------- 0 0	---------- 0 0	1- 0 0	---- 0 0	0-000-0-000- 0 0	11111001 0 0	111--- 0 0	-------------- 0 0	1011110101 0 0	-----00001 0 0	11110101111101 0 0	-11---1--- 0 0	000100------ 0 0	---------- 0 0	-------- 0 0	11-- 0 0	111001 0 0	1111---- 0 0	10-- 0 0	--00 0 0	11100000 0 0
10612	22.294	22.294	( 0 )	------------ 0 0	------ 0 0	----0011 0 0	------ 0 0	10111----- 0 0	100000 0 0	------ 0 0	---111 0 0	1100 0 0	-------- 0 0	---------- 0 0	1- 0 0	---- 0 0	0-000-0-000- 0 0	11111001 0 0	111--- 0 0	-------------- 0 0	1011110101 0 0	-----00001 0 0	11110101111101 0 0	-11---1--- 0 0	000100------ 0 0	---------- 0 0	-------- 0 0	11-- 0 0	111001 0 0	1111---- 0 0	10-- 0 0	--00 0 0	11100000 0 0
