#java OrderMarkers2 map=map4_14_js.txt data=data_f.call useKosambi=1 numMergeIterations=100 sexAveraged=1 outputPhasedData=2 grandparentPhase=1 recombination2=0 chromosome=1 randSeed=5617745525917078383
#*** LG = 1 likelihood = -73.2784
#marker_number	male_position	female_position	( 0.0 )[	phased data]
1106	0.000	0.000	( 0 )	1---111---11 0 0	---000 0 0	-------- 0 0	------ 0 0	-----11110 0 0	111--- 0 0	111--- 0 0	1-01-0 0 0	---- 0 0	-------- 0 0	---------- 0 0	-1 0 0	--01 0 0	------------ 0 0	----0010 0 0	------ 0 0	-------------- 0 0	---------- 0 0	---------- 0 0	1111010------- 0 0	-----00101 0 0	------101011 0 0	---------- 0 0	-------- 0 0	---- 0 0	011100 0 0	1001---- 0 0	-1-0 0 0	---- 0 0	11110110 0 0
1048	0.000	0.000	( 0 )	1---111---11 0 0	---000 0 0	-------- 0 0	------ 0 0	-----11110 0 0	111--- 0 0	111--- 0 0	1-01-0 0 0	---- 0 0	-------- 0 0	---------- 0 0	-1 0 0	--01 0 0	------------ 0 0	----0010 0 0	------ 0 0	-------------- 0 0	---------- 0 0	---------- 0 0	1111010------- 0 0	-----00101 0 0	------101011 0 0	---------- 0 0	-------- 0 0	---- 0 0	011100 0 0	1001---- 0 0	-1-0 0 0	---- 0 0	11110110 0 0
1047	0.000	0.000	( 0 )	1---111---11 0 0	---000 0 0	-------- 0 0	------ 0 0	-----11110 0 0	111--- 0 0	111--- 0 0	1-01-0 0 0	---- 0 0	-------- 0 0	---------- 0 0	-1 0 0	--01 0 0	------------ 0 0	----0010 0 0	------ 0 0	-------------- 0 0	---------- 0 0	---------- 0 0	1111010------- 0 0	-----00101 0 0	------101011 0 0	---------- 0 0	-------- 0 0	---- 0 0	011100 0 0	1001---- 0 0	-1-0 0 0	---- 0 0	11110110 0 0
1091	0.000	0.000	( 0 )	1---111---11 0 0	---000 0 0	-------- 0 0	------ 0 0	-----11110 0 0	111--- 0 0	111--- 0 0	1-01-0 0 0	---- 0 0	-------- 0 0	---------- 0 0	-1 0 0	--01 0 0	------------ 0 0	----0010 0 0	------ 0 0	-------------- 0 0	---------- 0 0	---------- 0 0	1111010------- 0 0	-----00101 0 0	------101011 0 0	---------- 0 0	-------- 0 0	---- 0 0	011100 0 0	1001---- 0 0	-1-0 0 0	---- 0 0	11110110 0 0
1112	0.000	0.000	( 0 )	1---111---11 0 0	---000 0 0	-------- 0 0	------ 0 0	-----11110 0 0	111--- 0 0	111--- 0 0	1-01-0 0 0	---- 0 0	-------- 0 0	---------- 0 0	-1 0 0	--01 0 0	------------ 0 0	----0010 0 0	------ 0 0	-------------- 0 0	---------- 0 0	---------- 0 0	1111010------- 0 0	-----00101 0 0	------101011 0 0	---------- 0 0	-------- 0 0	---- 0 0	011100 0 0	1001---- 0 0	-1-0 0 0	---- 0 0	11110110 0 0
1051	0.000	0.000	( 0 )	1---111---11 0 0	---000 0 0	-------- 0 0	------ 0 0	-----11110 0 0	111--- 0 0	111--- 0 0	1-01-0 0 0	---- 0 0	-------- 0 0	---------- 0 0	-1 0 0	--01 0 0	------------ 0 0	----0010 0 0	------ 0 0	-------------- 0 0	---------- 0 0	---------- 0 0	1111010------- 0 0	-----00101 0 0	------101011 0 0	---------- 0 0	-------- 0 0	---- 0 0	011100 0 0	1001---- 0 0	-1-0 0 0	---- 0 0	11110110 0 0
1080	0.000	0.000	( 0 )	1---111---11 0 0	---000 0 0	-------- 0 0	------ 0 0	-----11110 0 0	111--- 0 0	111--- 0 0	1-01-0 0 0	---- 0 0	-------- 0 0	---------- 0 0	-1 0 0	--01 0 0	------------ 0 0	----0010 0 0	------ 0 0	-------------- 0 0	---------- 0 0	---------- 0 0	1111010------- 0 0	-----00101 0 0	------101011 0 0	---------- 0 0	-------- 0 0	---- 0 0	011100 0 0	1001---- 0 0	-1-0 0 0	---- 0 0	11110110 0 0
1045	0.000	0.000	( 0 )	1---111---11 0 0	---000 0 0	-------- 0 0	------ 0 0	-----11110 0 0	111--- 0 0	111--- 0 0	1-01-0 0 0	---- 0 0	-------- 0 0	---------- 0 0	-1 0 0	--01 0 0	------------ 0 0	----0010 0 0	------ 0 0	-------------- 0 0	---------- 0 0	---------- 0 0	1111010------- 0 0	-----00101 0 0	------101011 0 0	---------- 0 0	-------- 0 0	---- 0 0	011100 0 0	1001---- 0 0	-1-0 0 0	---- 0 0	11110110 0 0
1037	0.000	0.000	( 0 )	1---111---11 0 0	---000 0 0	-------- 0 0	------ 0 0	-----11110 0 0	111--- 0 0	111--- 0 0	1-01-0 0 0	---- 0 0	-------- 0 0	---------- 0 0	-1 0 0	--01 0 0	------------ 0 0	----0010 0 0	------ 0 0	-------------- 0 0	---------- 0 0	---------- 0 0	1111010------- 0 0	-----00101 0 0	------101011 0 0	---------- 0 0	-------- 0 0	---- 0 0	011100 0 0	1001---- 0 0	-1-0 0 0	---- 0 0	11110110 0 0
1070	0.000	0.000	( 0 )	1---111---11 0 0	---000 0 0	-------- 0 0	------ 0 0	-----11110 0 0	111--- 0 0	111--- 0 0	1-01-0 0 0	---- 0 0	-------- 0 0	---------- 0 0	-1 0 0	--01 0 0	------------ 0 0	----0010 0 0	------ 0 0	-------------- 0 0	---------- 0 0	---------- 0 0	1111010------- 0 0	-----00101 0 0	------101011 0 0	---------- 0 0	-------- 0 0	---- 0 0	011100 0 0	1001---- 0 0	-1-0 0 0	---- 0 0	11110110 0 0
1067	0.000	0.000	( 0 )	1---111---11 0 0	---000 0 0	-------- 0 0	------ 0 0	-----11110 0 0	111--- 0 0	111--- 0 0	1-01-0 0 0	---- 0 0	-------- 0 0	---------- 0 0	-1 0 0	--01 0 0	------------ 0 0	----0010 0 0	------ 0 0	-------------- 0 0	---------- 0 0	---------- 0 0	1111010------- 0 0	-----00101 0 0	------101011 0 0	---------- 0 0	-------- 0 0	---- 0 0	011100 0 0	1001---- 0 0	-1-0 0 0	---- 0 0	11110110 0 0
1033	0.000	0.000	( 0 )	1---111---11 0 0	---000 0 0	-------- 0 0	------ 0 0	-----11110 0 0	111--- 0 0	111--- 0 0	1-01-0 0 0	---- 0 0	-------- 0 0	---------- 0 0	-1 0 0	--01 0 0	------------ 0 0	----0010 0 0	------ 0 0	-------------- 0 0	---------- 0 0	---------- 0 0	1111010------- 0 0	-----00101 0 0	------101011 0 0	---------- 0 0	-------- 0 0	---- 0 0	011100 0 0	1001---- 0 0	-1-0 0 0	---- 0 0	11110110 0 0
1114	0.000	0.000	( 0 )	1---111---11 0 0	---000 0 0	-------- 0 0	------ 0 0	-----11110 0 0	111--- 0 0	111--- 0 0	1-01-0 0 0	---- 0 0	-------- 0 0	---------- 0 0	-1 0 0	--01 0 0	------------ 0 0	----0010 0 0	------ 0 0	-------------- 0 0	---------- 0 0	---------- 0 0	1111010------- 0 0	-----00101 0 0	------101011 0 0	---------- 0 0	-------- 0 0	---- 0 0	011100 0 0	1001---- 0 0	-1-0 0 0	---- 0 0	11110110 0 0
1055	0.000	0.000	( 0 )	1---111---11 0 0	---000 0 0	-------- 0 0	------ 0 0	-----11110 0 0	111--- 0 0	111--- 0 0	1-01-0 0 0	---- 0 0	-------- 0 0	---------- 0 0	-1 0 0	--01 0 0	------------ 0 0	----0010 0 0	------ 0 0	-------------- 0 0	---------- 0 0	---------- 0 0	1111010------- 0 0	-----00101 0 0	------101011 0 0	---------- 0 0	-------- 0 0	---- 0 0	011100 0 0	1001---- 0 0	-1-0 0 0	---- 0 0	11110110 0 0
1010	0.000	0.000	( 0 )	1---111---11 0 0	---000 0 0	-------- 0 0	------ 0 0	-----11110 0 0	111--- 0 0	111--- 0 0	1-01-0 0 0	---- 0 0	-------- 0 0	---------- 0 0	-1 0 0	--01 0 0	------------ 0 0	----0010 0 0	------ 0 0	-------------- 0 0	---------- 0 0	---------- 0 0	1111010------- 0 0	-----00101 0 0	------101011 0 0	---------- 0 0	-------- 0 0	---- 0 0	011100 0 0	1001---- 0 0	-1-0 0 0	---- 0 0	11110110 0 0
1102	0.000	0.000	( 0 )	1---111---11 0 0	---000 0 0	-------- 0 0	------ 0 0	-----11110 0 0	111--- 0 0	111--- 0 0	1-01-0 0 0	---- 0 0	-------- 0 0	---------- 0 0	-1 0 0	--01 0 0	------------ 0 0	----0010 0 0	------ 0 0	-------------- 0 0	---------- 0 0	---------- 0 0	1111010------- 0 0	-----00101 0 0	------101011 0 0	---------- 0 0	-------- 0 0	---- 0 0	011100 0 0	1001---- 0 0	-1-0 0 0	---- 0 0	11110110 0 0
1082	0.000	0.000	( 0 )	1---111---11 0 0	---000 0 0	-------- 0 0	------ 0 0	-----11110 0 0	111--- 0 0	111--- 0 0	1-01-0 0 0	---- 0 0	-------- 0 0	---------- 0 0	-1 0 0	--01 0 0	------------ 0 0	----0010 0 0	------ 0 0	-------------- 0 0	---------- 0 0	---------- 0 0	1111010------- 0 0	-----00101 0 0	------101011 0 0	---------- 0 0	-------- 0 0	---- 0 0	011100 0 0	1001---- 0 0	-1-0 0 0	---- 0 0	11110110 0 0
1109	0.000	0.000	( 0 )	1---111---11 0 0	---000 0 0	-------- 0 0	------ 0 0	-----11110 0 0	111--- 0 0	111--- 0 0	1-01-0 0 0	---- 0 0	-------- 0 0	---------- 0 0	-1 0 0	--01 0 0	------------ 0 0	----0010 0 0	------ 0 0	-------------- 0 0	---------- 0 0	---------- 0 0	1111010------- 0 0	-----00101 0 0	------101011 0 0	---------- 0 0	-------- 0 0	---- 0 0	011100 0 0	1001---- 0 0	-1-0 0 0	---- 0 0	11110110 0 0
1115	0.000	0.000	( 0 )	1---111---11 0 0	---000 0 0	-------- 0 0	------ 0 0	-----11110 0 0	111--- 0 0	111--- 0 0	1-01-0 0 0	---- 0 0	-------- 0 0	---------- 0 0	-1 0 0	--01 0 0	------------ 0 0	----0010 0 0	------ 0 0	-------------- 0 0	---------- 0 0	---------- 0 0	1111010------- 0 0	-----00101 0 0	------101011 0 0	---------- 0 0	-------- 0 0	---- 0 0	011100 0 0	1001---- 0 0	-1-0 0 0	---- 0 0	11110110 0 0
1090	8.412	8.412	( 0 )	1-----1---11 2 0	---000 0 0	-------- 0 0	------ 0 0	-----11110 0 0	111--- 0 0	111--- 0 0	1-01-0 0 0	---- 0 0	-------- 0 0	---------- 0 0	-1 0 0	--01 0 0	------------ 0 0	----0010 0 0	------ 0 0	-------------- 0 0	---------- 0 0	---------- 0 0	1111010------- 0 0	-----00101 0 0	------101011 0 0	---------- 0 0	-------- 0 0	---- 0 0	011100 0 0	1001---- 0 0	---0 1 0	---- 0 0	11110110 0 0
1029	8.412	8.412	( 0 )	1-----1---11 0 0	---000 0 0	-------- 0 0	------ 0 0	-----11110 0 0	111--- 0 0	111--- 0 0	1-01-0 0 0	---- 0 0	-------- 0 0	---------- 0 0	-1 0 0	--01 0 0	------------ 0 0	----0010 0 0	------ 0 0	-------------- 0 0	---------- 0 0	---------- 0 0	1111010------- 0 0	-----00101 0 0	------101011 0 0	---------- 0 0	-------- 0 0	---- 0 0	011100 0 0	1001---- 0 0	---0 0 0	---- 0 0	11110110 0 0
1058	8.412	8.412	( 0 )	1-----1---11 0 0	---000 0 0	-------- 0 0	------ 0 0	-----11110 0 0	111--- 0 0	111--- 0 0	1-01-0 0 0	---- 0 0	-------- 0 0	---------- 0 0	-1 0 0	--01 0 0	------------ 0 0	----0010 0 0	------ 0 0	-------------- 0 0	---------- 0 0	---------- 0 0	1111010------- 0 0	-----00101 0 0	------101011 0 0	---------- 0 0	-------- 0 0	---- 0 0	011100 0 0	1001---- 0 0	---0 0 0	---- 0 0	11110110 0 0
1059	8.412	8.412	( 0 )	1-----1---11 0 0	---000 0 0	-------- 0 0	------ 0 0	-----11110 0 0	111--- 0 0	111--- 0 0	1-01-0 0 0	---- 0 0	-------- 0 0	---------- 0 0	-1 0 0	--01 0 0	------------ 0 0	----0010 0 0	------ 0 0	-------------- 0 0	---------- 0 0	---------- 0 0	1111010------- 0 0	-----00101 0 0	------101011 0 0	---------- 0 0	-------- 0 0	---- 0 0	011100 0 0	1001---- 0 0	---0 0 0	---- 0 0	11110110 0 0
1087	8.412	8.412	( 0 )	1-----1---11 0 0	---000 0 0	-------- 0 0	------ 0 0	-----11110 0 0	111--- 0 0	111--- 0 0	1-01-0 0 0	---- 0 0	-------- 0 0	---------- 0 0	-1 0 0	--01 0 0	------------ 0 0	----0010 0 0	------ 0 0	-------------- 0 0	---------- 0 0	---------- 0 0	1111010------- 0 0	-----00101 0 0	------101011 0 0	---------- 0 0	-------- 0 0	---- 0 0	011100 0 0	1001---- 0 0	---0 0 0	---- 0 0	11110110 0 0
1110	8.412	8.412	( 0 )	1-----1---11 0 0	---000 0 0	-------- 0 0	------ 0 0	-----11110 0 0	111--- 0 0	111--- 0 0	1-01-0 0 0	---- 0 0	-------- 0 0	---------- 0 0	-1 0 0	--01 0 0	------------ 0 0	----0010 0 0	------ 0 0	-------------- 0 0	---------- 0 0	---------- 0 0	1111010------- 0 0	-----00101 0 0	------101011 0 0	---------- 0 0	-------- 0 0	---- 0 0	011100 0 0	1001---- 0 0	---0 0 0	---- 0 0	11110110 0 0
1043	8.412	8.412	( 0 )	1-----1---11 0 0	---000 0 0	-------- 0 0	------ 0 0	-----11110 0 0	111--- 0 0	111--- 0 0	1-01-0 0 0	---- 0 0	-------- 0 0	---------- 0 0	-1 0 0	--01 0 0	------------ 0 0	----0010 0 0	------ 0 0	-------------- 0 0	---------- 0 0	---------- 0 0	1111010------- 0 0	-----00101 0 0	------101011 0 0	---------- 0 0	-------- 0 0	---- 0 0	011100 0 0	1001---- 0 0	---0 0 0	---- 0 0	11110110 0 0
1089	8.412	8.412	( 0 )	1-----1---11 0 0	---000 0 0	-------- 0 0	------ 0 0	-----11110 0 0	111--- 0 0	111--- 0 0	1-01-0 0 0	---- 0 0	-------- 0 0	---------- 0 0	-1 0 0	--01 0 0	------------ 0 0	----0010 0 0	------ 0 0	-------------- 0 0	---------- 0 0	---------- 0 0	1111010------- 0 0	-----00101 0 0	------101011 0 0	---------- 0 0	-------- 0 0	---- 0 0	011100 0 0	1001---- 0 0	---0 0 0	---- 0 0	11110110 0 0
1113	8.412	8.412	( 0 )	1-----1---11 0 0	---000 0 0	-------- 0 0	------ 0 0	-----11110 0 0	111--- 0 0	111--- 0 0	1-01-0 0 0	---- 0 0	-------- 0 0	---------- 0 0	-1 0 0	--01 0 0	------------ 0 0	----0010 0 0	------ 0 0	-------------- 0 0	---------- 0 0	---------- 0 0	1111010------- 0 0	-----00101 0 0	------101011 0 0	---------- 0 0	-------- 0 0	---- 0 0	011100 0 0	1001---- 0 0	---0 0 0	---- 0 0	11110110 0 0
1036	8.412	8.412	( 0 )	1-----1---11 0 0	---000 0 0	-------- 0 0	------ 0 0	-----11110 0 0	111--- 0 0	111--- 0 0	1-01-0 0 0	---- 0 0	-------- 0 0	---------- 0 0	-1 0 0	--01 0 0	------------ 0 0	----0010 0 0	------ 0 0	-------------- 0 0	---------- 0 0	---------- 0 0	1111010------- 0 0	-----00101 0 0	------101011 0 0	---------- 0 0	-------- 0 0	---- 0 0	011100 0 0	1001---- 0 0	---0 0 0	---- 0 0	11110110 0 0
1030	8.412	8.412	( 0 )	1---001---11 0 0	---000 0 0	-------- 0 0	------ 0 0	-----11110 0 0	111--- 0 0	111--- 0 0	1-01-0 0 0	---- 0 0	-------- 0 0	---------- 0 0	-1 0 0	--01 0 0	------------ 0 0	----0010 0 0	------ 0 0	-------------- 0 0	---------- 0 0	---------- 0 0	1111010------- 0 0	-----00101 0 0	------101011 0 0	---------- 0 0	-------- 0 0	---- 0 0	011100 0 0	1001---- 0 0	---0 0 0	---- 0 0	11110110 0 0
1038	8.412	8.412	( 0 )	1---001---11 0 0	---000 0 0	-------- 0 0	------ 0 0	-----11110 0 0	111--- 0 0	111--- 0 0	1-01-0 0 0	---- 0 0	-------- 0 0	---------- 0 0	-1 0 0	--01 0 0	------------ 0 0	----0010 0 0	------ 0 0	-------------- 0 0	---------- 0 0	---------- 0 0	1111010------- 0 0	-----00101 0 0	------101011 0 0	---------- 0 0	-------- 0 0	---- 0 0	011100 0 0	1001---- 0 0	---0 0 0	---- 0 0	11110110 0 0
1068	8.412	8.412	( 0 )	1---001---11 0 0	---000 0 0	-------- 0 0	------ 0 0	-----11110 0 0	111--- 0 0	111--- 0 0	1-01-0 0 0	---- 0 0	-------- 0 0	---------- 0 0	-1 0 0	--01 0 0	------------ 0 0	----0010 0 0	------ 0 0	-------------- 0 0	---------- 0 0	---------- 0 0	1111010------- 0 0	-----00101 0 0	------101011 0 0	---------- 0 0	-------- 0 0	---- 0 0	011100 0 0	1001---- 0 0	---0 0 0	---- 0 0	11110110 0 0
1066	8.412	8.412	( 0 )	1---001---11 0 0	---000 0 0	-------- 0 0	------ 0 0	-----11110 0 0	111--- 0 0	111--- 0 0	1-01-0 0 0	---- 0 0	-------- 0 0	---------- 0 0	-1 0 0	--01 0 0	------------ 0 0	----0010 0 0	------ 0 0	-------------- 0 0	---------- 0 0	---------- 0 0	1111010------- 0 0	-----00101 0 0	------101011 0 0	---------- 0 0	-------- 0 0	---- 0 0	011100 0 0	1001---- 0 0	---0 0 0	---- 0 0	11110110 0 0
1117	8.412	8.412	( 0 )	1---001---11 0 0	---000 0 0	-------- 0 0	------ 0 0	-----11110 0 0	111--- 0 0	111--- 0 0	1-01-0 0 0	---- 0 0	-------- 0 0	---------- 0 0	-1 0 0	--01 0 0	------------ 0 0	----0010 0 0	------ 0 0	-------------- 0 0	---------- 0 0	---------- 0 0	1111010------- 0 0	-----00101 0 0	------101011 0 0	---------- 0 0	-------- 0 0	---- 0 0	011100 0 0	1001---- 0 0	---0 0 0	---- 0 0	11110110 0 0
1095	8.412	8.412	( 0 )	1---001---11 0 0	---000 0 0	-------- 0 0	------ 0 0	-----11110 0 0	111--- 0 0	111--- 0 0	1-01-0 0 0	---- 0 0	-------- 0 0	---------- 0 0	-1 0 0	--01 0 0	------------ 0 0	----0010 0 0	------ 0 0	-------------- 0 0	---------- 0 0	---------- 0 0	1111010------- 0 0	-----00101 0 0	------101011 0 0	---------- 0 0	-------- 0 0	---- 0 0	011100 0 0	1001---- 0 0	---0 0 0	---- 0 0	11110110 0 0
1050	8.412	8.412	( 0 )	1---001---11 0 0	---000 0 0	-------- 0 0	------ 0 0	-----11110 0 0	111--- 0 0	111--- 0 0	1-01-0 0 0	---- 0 0	-------- 0 0	---------- 0 0	-1 0 0	--01 0 0	------------ 0 0	----0010 0 0	------ 0 0	-------------- 0 0	---------- 0 0	---------- 0 0	1111010------- 0 0	-----00101 0 0	------101011 0 0	---------- 0 0	-------- 0 0	---- 0 0	011100 0 0	1001---- 0 0	-0-0 0 0	---- 0 0	11110110 0 0
1131	8.412	8.412	( 0 )	1---001---11 0 0	---000 0 0	-------- 0 0	------ 0 0	-----11110 0 0	111--- 0 0	111--- 0 0	1-01-0 0 0	---- 0 0	-------- 0 0	---------- 0 0	-1 0 0	--01 0 0	------------ 0 0	----0010 0 0	------ 0 0	-------------- 0 0	---------- 0 0	---------- 0 0	1111010------- 0 0	-----00101 0 0	------101011 0 0	---------- 0 0	-------- 0 0	---- 0 0	011100 0 0	1001---- 0 0	-0-0 0 0	---- 0 0	11110110 0 0
1061	8.412	8.412	( 0 )	1---001---11 0 0	---000 0 0	-------- 0 0	------ 0 0	-----11110 0 0	111--- 0 0	111--- 0 0	1-01-0 0 0	---- 0 0	-------- 0 0	---------- 0 0	-1 0 0	--01 0 0	------------ 0 0	----0010 0 0	------ 0 0	-------------- 0 0	---------- 0 0	---------- 0 0	1111010------- 0 0	-----00101 0 0	------101011 0 0	---------- 0 0	-------- 0 0	---- 0 0	011100 0 0	1001---- 0 0	-0-0 0 0	---- 0 0	11110110 0 0
1049	8.412	8.412	( 0 )	1---001---11 0 0	---000 0 0	-------- 0 0	------ 0 0	-----11110 0 0	111--- 0 0	111--- 0 0	1-01-0 0 0	---- 0 0	-------- 0 0	---------- 0 0	-1 0 0	--01 0 0	------------ 0 0	----0010 0 0	------ 0 0	-------------- 0 0	---------- 0 0	---------- 0 0	1111010------- 0 0	-----00101 0 0	------101011 0 0	---------- 0 0	-------- 0 0	---- 0 0	011100 0 0	1001---- 0 0	-0-0 0 0	---- 0 0	11110110 0 0
1088	8.412	8.412	( 0 )	1---001---11 0 0	---000 0 0	-------- 0 0	------ 0 0	-----11110 0 0	111--- 0 0	111--- 0 0	1-01-0 0 0	---- 0 0	-------- 0 0	---------- 0 0	-1 0 0	--01 0 0	------------ 0 0	----0010 0 0	------ 0 0	-------------- 0 0	---------- 0 0	---------- 0 0	1111010------- 0 0	-----00101 0 0	------101011 0 0	---------- 0 0	-------- 0 0	---- 0 0	011100 0 0	1001---- 0 0	-0-0 0 0	---- 0 0	11110110 0 0
1130	8.412	8.412	( 0 )	1---001---11 0 0	---000 0 0	-------- 0 0	------ 0 0	-----11110 0 0	111--- 0 0	111--- 0 0	1-01-0 0 0	---- 0 0	-------- 0 0	---------- 0 0	-1 0 0	--01 0 0	------------ 0 0	----0010 0 0	------ 0 0	-------------- 0 0	---------- 0 0	---------- 0 0	1111010------- 0 0	-----00101 0 0	------101011 0 0	---------- 0 0	-------- 0 0	---- 0 0	011100 0 0	1001---- 0 0	-0-0 0 0	---- 0 0	11110110 0 0
1065	8.412	8.412	( 0 )	1---001---11 0 0	---000 0 0	-------- 0 0	------ 0 0	-----11110 0 0	111--- 0 0	111--- 0 0	1-01-0 0 0	---- 0 0	-------- 0 0	---------- 0 0	-1 0 0	--01 0 0	------------ 0 0	----0010 0 0	------ 0 0	-------------- 0 0	---------- 0 0	---------- 0 0	1111010------- 0 0	-----00101 0 0	------101011 0 0	---------- 0 0	-------- 0 0	---- 0 0	011100 0 0	1001---- 0 0	-0-0 0 0	---- 0 0	11110110 0 0
1042	8.412	8.412	( 0 )	1---001---11 0 0	---000 0 0	-------- 0 0	------ 0 0	-----11110 0 0	111--- 0 0	111--- 0 0	1-01-0 0 0	---- 0 0	-------- 0 0	---------- 0 0	-1 0 0	--01 0 0	------------ 0 0	----0010 0 0	------ 0 0	-------------- 0 0	---------- 0 0	---------- 0 0	1111010------- 0 0	-----00101 0 0	------101011 0 0	---------- 0 0	-------- 0 0	---- 0 0	011100 0 0	1001---- 0 0	-0-0 0 0	---- 0 0	11110110 0 0
1057	8.412	8.412	( 0 )	1---001---11 0 0	---000 0 0	-------- 0 0	------ 0 0	-----11110 0 0	111--- 0 0	111--- 0 0	1-01-0 0 0	---- 0 0	-------- 0 0	---------- 0 0	-1 0 0	--01 0 0	------------ 0 0	----0010 0 0	------ 0 0	-------------- 0 0	---------- 0 0	---------- 0 0	1111010------- 0 0	-----00101 0 0	------101011 0 0	---------- 0 0	-------- 0 0	---- 0 0	011100 0 0	1001---- 0 0	-0-0 0 0	---- 0 0	11110110 0 0
1104	8.412	8.412	( 0 )	1---001---11 0 0	---000 0 0	-------- 0 0	------ 0 0	-----11110 0 0	111--- 0 0	111--- 0 0	1-01-0 0 0	---- 0 0	-------- 0 0	---------- 0 0	-1 0 0	--01 0 0	------------ 0 0	----0010 0 0	------ 0 0	-------------- 0 0	---------- 0 0	---------- 0 0	1111010------- 0 0	-----00101 0 0	------101011 0 0	---------- 0 0	-------- 0 0	---- 0 0	011100 0 0	1001---- 0 0	-0-0 0 0	---- 0 0	11110110 0 0
1035	8.412	8.412	( 0 )	1---001---11 0 0	---000 0 0	-------- 0 0	------ 0 0	-----11110 0 0	111--- 0 0	111--- 0 0	1-01-0 0 0	---- 0 0	-------- 0 0	---------- 0 0	-1 0 0	--01 0 0	------------ 0 0	----0010 0 0	------ 0 0	-------------- 0 0	---------- 0 0	---------- 0 0	1111010------- 0 0	-----00101 0 0	------101011 0 0	---------- 0 0	-------- 0 0	---- 0 0	011100 0 0	1001---- 0 0	-0-0 0 0	---- 0 0	11110110 0 0
1056	8.412	8.412	( 0 )	1---001---11 0 0	---000 0 0	-------- 0 0	------ 0 0	-----11110 0 0	111--- 0 0	111--- 0 0	1-01-0 0 0	---- 0 0	-------- 0 0	---------- 0 0	-1 0 0	--01 0 0	------------ 0 0	----0010 0 0	------ 0 0	-------------- 0 0	---------- 0 0	---------- 0 0	1111010------- 0 0	-----00101 0 0	------101011 0 0	---------- 0 0	-------- 0 0	---- 0 0	011100 0 0	1001---- 0 0	-0-0 0 0	---- 0 0	11110110 0 0
1092	8.412	8.412	( 0 )	1---001---11 0 0	---000 0 0	-------- 0 0	------ 0 0	-----11110 0 0	111--- 0 0	111--- 0 0	1-01-0 0 0	---- 0 0	-------- 0 0	---------- 0 0	-1 0 0	--01 0 0	------------ 0 0	----0010 0 0	------ 0 0	-------------- 0 0	---------- 0 0	---------- 0 0	1111010------- 0 0	-----00101 0 0	------101011 0 0	---------- 0 0	-------- 0 0	---- 0 0	011100 0 0	1001---- 0 0	-0-0 0 0	---- 0 0	11110110 0 0
1034	8.412	8.412	( 0 )	1---001---11 0 0	---000 0 0	-------- 0 0	------ 0 0	-----11110 0 0	111--- 0 0	111--- 0 0	1-01-0 0 0	---- 0 0	-------- 0 0	---------- 0 0	-1 0 0	--01 0 0	------------ 0 0	----0010 0 0	------ 0 0	-------------- 0 0	---------- 0 0	---------- 0 0	1111010------- 0 0	-----00101 0 0	------101011 0 0	---------- 0 0	-------- 0 0	---- 0 0	011100 0 0	1001---- 0 0	-0-0 0 0	---- 0 0	11110110 0 0
1078	8.412	8.412	( 0 )	1---001---11 0 0	---000 0 0	-------- 0 0	------ 0 0	-----11110 0 0	111--- 0 0	111--- 0 0	1-01-0 0 0	---- 0 0	-------- 0 0	---------- 0 0	-1 0 0	--01 0 0	------------ 0 0	----0010 0 0	------ 0 0	-------------- 0 0	---------- 0 0	---------- 0 0	1111010------- 0 0	-----00101 0 0	------101011 0 0	---------- 0 0	-------- 0 0	---- 0 0	011100 0 0	1001---- 0 0	-0-0 0 0	---- 0 0	11110110 0 0
1121	8.412	8.412	( 0 )	1---001---11 0 0	---000 0 0	-------- 0 0	------ 0 0	-----11110 0 0	111--- 0 0	111--- 0 0	1-01-0 0 0	---- 0 0	-------- 0 0	---------- 0 0	-1 0 0	--01 0 0	------------ 0 0	----0010 0 0	------ 0 0	-------------- 0 0	---------- 0 0	---------- 0 0	1111010------- 0 0	-----00101 0 0	------101011 0 0	---------- 0 0	-------- 0 0	---- 0 0	011100 0 0	1001---- 0 0	-0-0 0 0	---- 0 0	11110110 0 0
1032	8.412	8.412	( 0 )	1---001---11 0 0	---000 0 0	-------- 0 0	------ 0 0	-----11110 0 0	111--- 0 0	111--- 0 0	1-01-0 0 0	---- 0 0	-------- 0 0	---------- 0 0	-1 0 0	--01 0 0	------------ 0 0	----0010 0 0	------ 0 0	-------------- 0 0	---------- 0 0	---------- 0 0	1111010------- 0 0	-----00101 0 0	------101011 0 0	---------- 0 0	-------- 0 0	---- 0 0	011100 0 0	1001---- 0 0	-0-0 0 0	---- 0 0	11110110 0 0
