#java OrderMarkers2 map=map3_3_js.txt data=data_f.call useKosambi=1 numMergeIterations=1 sexAveraged=1 outputPhasedData=2 grandparentPhase=1 randSeed=5364212754991850223
#*** LG = 1 likelihood = -1614.2374
#marker_number	male_position	female_position	( 0.0 )[	phased data]
7380	0.000	0.000	( 0 )	-11111-00111 0 0	1101101111 0 0	110001 0 0
2254	0.000	0.000	( 0 )	-11111-00111 0 0	1101101111 0 0	110001 0 0
10336	8.412	8.412	( 0 )	111111100111 1 0	1101101111 0 0	110001 0 0
7986	8.412	8.412	( 0 )	111111100111 0 0	1101101111 0 0	110001 0 0
12378	8.412	8.412	( 0 )	111111100111 0 0	1101101111 0 0	110001 0 0
10719	8.412	8.412	( 0 )	111111100111 0 0	1101101111 0 0	110001 0 0
10487	8.412	8.412	( 0 )	111111100111 0 0	1101101111 0 0	110001 0 0
6743	8.412	8.412	( 0 )	111111100111 0 0	1101101111 0 0	110001 0 0
5214	8.412	8.412	( 0 )	111111100111 0 0	1101101111 0 0	110001 0 0
6942	8.412	8.412	( 0 )	111111100111 0 0	1101101111 0 0	110001 0 0
19332	8.412	8.412	( 0 )	111111100111 0 0	1101101111 0 0	110001 0 0
7974	8.412	8.412	( 0 )	111111100111 0 0	1101101111 0 0	110001 0 0
16280	8.412	8.412	( 0 )	111111100111 0 0	1101101111 0 0	110001 0 0
10493	8.412	8.412	( 0 )	111111100111 0 0	1101101111 0 0	110001 0 0
10514	8.412	8.412	( 0 )	111111100111 0 0	1101101111 0 0	110001 0 0
851	8.412	8.412	( 0 )	111111100111 0 0	1101101111 0 0	110001 0 0
10659	8.412	8.412	( 0 )	111111100111 0 0	1101101111 0 0	110001 0 0
10878	8.412	8.412	( 0 )	111111100111 0 0	1101101111 0 0	110001 0 0
7849	8.412	8.412	( 0 )	111111100111 0 0	1101101111 0 0	110001 0 0
10342	8.412	8.412	( 0 )	111111100111 0 0	1101101111 0 0	110001 0 0
8051	8.412	8.412	( 0 )	111111100111 0 0	1101101111 0 0	110001 0 0
7033	8.412	8.412	( 0 )	111111100111 0 0	1101101111 0 0	110001 0 0
6712	8.412	8.412	( 0 )	111111100111 0 0	1101101111 0 0	110001 0 0
964	8.412	8.412	( 0 )	111111100111 0 0	1101101111 0 0	110001 0 0
7923	8.412	8.412	( 0 )	111111100111 0 0	1101101111 0 0	110001 0 0
13573	8.412	8.412	( 0 )	111111100111 0 0	1101101111 0 0	110001 0 0
948	8.412	8.412	( 0 )	111111100111 0 0	1101101111 0 0	110001 0 0
848	8.412	8.412	( 0 )	111111100111 0 0	1101101111 0 0	110001 0 0
17376	8.412	8.412	( 0 )	111111100111 0 0	1101101111 0 0	110001 0 0
2910	8.412	8.412	( 0 )	111111100111 0 0	1101101111 0 0	110001 0 0
11749	8.412	8.412	( 0 )	111111100111 0 0	1101101111 0 0	110001 0 0
13595	8.412	8.412	( 0 )	111111100111 0 0	1101101111 0 0	110001 0 0
13597	8.412	8.412	( 0 )	111111100111 0 0	1101101111 0 0	110001 0 0
946	8.412	8.412	( 0 )	111111100111 0 0	1101101111 0 0	110001 0 0
779	8.412	8.412	( 0 )	111111100111 0 0	1101101111 0 0	110001 0 0
2924	8.412	8.412	( 0 )	111111100111 0 0	1101101111 0 0	110001 0 0
868	8.412	8.412	( 0 )	111111100111 0 0	1101101111 0 0	110001 0 0
17450	8.412	8.412	( 0 )	111111100111 0 0	1101101111 0 0	110001 0 0
876	8.412	8.412	( 0 )	111111100111 0 0	1101101111 0 0	110001 0 0
861	8.412	8.412	( 0 )	111111100111 0 0	1101101111 0 0	110001 0 0
17330	8.412	8.412	( 0 )	111111100111 0 0	1101101111 0 0	110001 0 0
16175	8.412	8.412	( 0 )	111111100111 0 0	1101101111 0 0	110001 0 0
2964	8.412	8.412	( 0 )	111111100111 0 0	1101101111 0 0	110001 0 0
11747	8.412	8.412	( 0 )	111111100111 0 0	1101101111 0 0	110001 0 0
13585	8.412	8.412	( 0 )	111111100111 0 0	1101101111 0 0	110001 0 0
17433	8.412	8.412	( 0 )	111111100111 0 0	1101101111 0 0	110001 0 0
17323	8.412	8.412	( 0 )	111111100111 0 0	1101101111 0 0	110001 0 0
13580	8.412	8.412	( 0 )	111111100111 0 0	1101101111 0 0	110001 0 0
2923	8.412	8.412	( 0 )	111111100111 0 0	1101101111 0 0	110001 0 0
4160	8.412	8.412	( 0 )	111111100111 0 0	1101101111 0 0	110001 0 0
958	8.412	8.412	( 0 )	111111100111 0 0	1101101111 0 0	110001 0 0
2963	8.412	8.412	( 0 )	111111100111 0 0	1101101111 0 0	110001 0 0
7906	8.412	8.412	( 0 )	111111100111 0 0	1101101111 0 0	110001 0 0
873	8.412	8.412	( 0 )	111111100111 0 0	1101101111 0 0	110001 0 0
13601	8.412	8.412	( 0 )	111111100111 0 0	1101101111 0 0	110001 0 0
850	8.412	8.412	( 0 )	111111100111 0 0	1101101111 0 0	110001 0 0
13338	8.412	8.412	( 0 )	111111100111 0 0	1101101111 0 0	110001 0 0
17456	8.412	8.412	( 0 )	111111100111 0 0	1101101111 0 0	110001 0 0
844	8.412	8.412	( 0 )	111111100111 0 0	1101101111 0 0	110001 0 0
13662	8.412	8.412	( 0 )	111111100111 0 0	1101101111 0 0	110001 0 0
11752	8.412	8.412	( 0 )	111111100111 0 0	1101101111 0 0	110001 0 0
13666	8.412	8.412	( 0 )	111111100111 0 0	1101101111 0 0	110001 0 0
1001	8.412	8.412	( 0 )	111111100111 0 0	1101101111 0 0	110001 0 0
2958	8.412	8.412	( 0 )	111111100111 0 0	1101101111 0 0	110001 0 0
13579	8.412	8.412	( 0 )	111111100111 0 0	1101101111 0 0	110001 0 0
13628	8.412	8.412	( 0 )	111111100111 0 0	1101101111 0 0	110001 0 0
2921	8.412	8.412	( 0 )	111111100111 0 0	1101101111 0 0	110001 0 0
2967	8.412	8.412	( 0 )	111111100111 0 0	1101101111 0 0	110001 0 0
17406	8.412	8.412	( 0 )	111111100111 0 0	1101101111 0 0	110001 0 0
11424	8.412	8.412	( 0 )	111111100111 0 0	1101101111 0 0	110001 0 0
992	8.412	8.412	( 0 )	111111100111 0 0	1101101111 0 0	110001 0 0
11755	8.412	8.412	( 0 )	111111100111 0 0	1101101111 0 0	110001 0 0
13664	8.412	8.412	( 0 )	111111100111 0 0	1101101111 0 0	110001 0 0
13636	8.412	8.412	( 0 )	111111100111 0 0	1101101111 0 0	110001 0 0
2909	8.412	8.412	( 0 )	111111100111 0 0	1101101111 0 0	110001 0 0
13665	8.412	8.412	( 0 )	111111100111 0 0	1101101111 0 0	110001 0 0
17416	8.412	8.412	( 0 )	111111100111 0 0	1101101111 0 0	110001 0 0
6746	8.412	8.412	( 0 )	111111100111 0 0	1101101111 0 0	110001 0 0
4125	8.412	8.412	( 0 )	111111100111 0 0	1101101111 0 0	110001 0 0
2383	8.412	8.412	( 0 )	111111100111 0 0	1101101111 0 0	110001 0 0
13627	8.412	8.412	( 0 )	111111100111 0 0	1101101111 0 0	110001 0 0
10341	8.412	8.412	( 0 )	111111100111 0 0	1101101111 0 0	110001 0 0
2904	8.412	8.412	( 0 )	111111100111 0 0	1101101111 0 0	110001 0 0
13667	8.412	8.412	( 0 )	111111100111 0 0	1101101111 0 0	110001 0 0
863	8.412	8.412	( 0 )	111111100111 0 0	1101101111 0 0	110001 0 0
11750	8.412	8.412	( 0 )	111111100111 0 0	1101101111 0 0	110001 0 0
13668	8.412	8.412	( 0 )	111111100111 0 0	1101101111 0 0	110001 0 0
13582	8.412	8.412	( 0 )	111111100111 0 0	1101101111 0 0	110001 0 0
11751	8.412	8.412	( 0 )	111111100111 0 0	1101101111 0 0	110001 0 0
773	8.412	8.412	( 0 )	111111100111 0 0	1101101111 0 0	110001 0 0
853	8.412	8.412	( 0 )	111111100111 0 0	1101101111 0 0	110001 0 0
2953	8.412	8.412	( 0 )	111111100111 0 0	1101101111 0 0	110001 0 0
2922	8.412	8.412	( 0 )	111111100111 0 0	1101101111 0 0	110001 0 0
2946	8.412	8.412	( 0 )	111111100111 0 0	1101101111 0 0	110001 0 0
13629	8.412	8.412	( 0 )	111111100111 0 0	1101101111 0 0	110001 0 0
13602	8.412	8.412	( 0 )	111111100111 0 0	1101101111 0 0	110001 0 0
11553	8.412	8.412	( 0 )	111111100111 0 0	1101101111 0 0	110001 0 0
13623	8.412	8.412	( 0 )	111111100111 0 0	1101101111 0 0	110001 0 0
2962	8.412	8.412	( 0 )	111111100111 0 0	1101101111 0 0	110001 0 0
3089	8.412	8.412	( 0 )	111111100111 0 0	1101101111 0 0	110001 0 0
2913	8.412	8.412	( 0 )	111111100111 0 0	1101101111 0 0	110001 0 0
13658	8.412	8.412	( 0 )	111111100111 0 0	1101101111 0 0	110001 0 0
2931	8.412	8.412	( 0 )	111111100111 0 0	1101101111 0 0	110001 0 0
11757	8.412	8.412	( 0 )	111111100111 0 0	1101101111 0 0	110001 0 0
17563	8.412	8.412	( 0 )	111111100111 0 0	1101101111 0 0	110001 0 0
862	8.412	8.412	( 0 )	111111100111 0 0	1101101111 0 0	110001 0 0
875	8.412	8.412	( 0 )	111111100111 0 0	1101101111 0 0	110001 0 0
7853	8.412	8.412	( 0 )	111111100111 0 0	1101101111 0 0	110001 0 0
13504	8.412	8.412	( 0 )	111111100111 0 0	1101101111 0 0	110001 0 0
13577	8.412	8.412	( 0 )	111111100111 0 0	1101101111 0 0	110001 0 0
6997	8.412	8.412	( 0 )	111111100111 0 0	1101101111 0 0	110001 0 0
7945	8.412	8.412	( 0 )	111111100111 0 0	1101101111 0 0	110001 0 0
19284	16.824	16.824	( 0 )	111110100111 1 0	1101101111 0 0	110001 0 0
17353	16.824	16.824	( 0 )	111110100111 0 0	1101101111 0 0	110001 0 0
877	16.824	16.824	( 0 )	111110100111 0 0	1101101111 0 0	110001 0 0
13575	16.824	16.824	( 0 )	111110100111 0 0	1101101111 0 0	110001 0 0
17315	16.824	16.824	( 0 )	111110100111 0 0	1101101111 0 0	110001 0 0
2925	16.824	16.824	( 0 )	111110100111 0 0	1101101111 0 0	110001 0 0
11641	16.824	16.824	( 0 )	111110100111 0 0	1101101111 0 0	110001 0 0
6894	16.824	16.824	( 0 )	111110100111 0 0	1101101111 0 0	110001 0 0
17318	16.824	16.824	( 0 )	111110100111 0 0	1101101111 0 0	110001 0 0
13336	16.824	16.824	( 0 )	111110100111 0 0	1101101111 0 0	110001 0 0
17303	16.824	16.824	( 0 )	111110100111 0 0	1101101111 0 0	110001 0 0
874	16.824	16.824	( 0 )	111110100111 0 0	1101101111 0 0	110001 0 0
2902	16.824	16.824	( 0 )	111110100111 0 0	1101101111 0 0	110001 0 0
1004	16.824	16.824	( 0 )	111110100111 0 0	1101101111 0 0	110001 0 0
17382	16.824	16.824	( 0 )	111110100111 0 0	1101101111 0 0	110001 0 0
11738	16.824	16.824	( 0 )	111110100111 0 0	1101101111 0 0	110001 0 0
11661	16.824	16.824	( 0 )	111110100111 0 0	1101101111 0 0	110001 0 0
768	16.824	16.824	( 0 )	111110100111 0 0	1101101111 0 0	110001 0 0
2801	16.824	16.824	( 0 )	111110100111 0 0	1101101111 0 0	110001 0 0
13657	16.824	16.824	( 0 )	111110100111 0 0	1101101111 0 0	110001 0 0
11741	16.824	16.824	( 0 )	111110100111 0 0	1101101111 0 0	110001 0 0
13616	16.824	16.824	( 0 )	111110100111 0 0	1101101111 0 0	110001 0 0
13583	16.824	16.824	( 0 )	111110100111 0 0	1101101111 0 0	110001 0 0
966	16.824	16.824	( 0 )	111110100111 0 0	1101101111 0 0	110001 0 0
11739	16.824	16.824	( 0 )	111110100111 0 0	1101101111 0 0	110001 0 0
854	16.824	16.824	( 0 )	111110100111 0 0	1101101111 0 0	110001 0 0
17311	16.824	16.824	( 0 )	111110100111 0 0	1101101111 0 0	110001 0 0
17362	16.824	16.824	( 0 )	111110100111 0 0	1101101111 0 0	110001 0 0
17339	16.824	16.824	( 0 )	111110100111 0 0	1101101111 0 0	110001 0 0
19295	16.824	16.824	( 0 )	111110100111 0 0	1101101111 0 0	110001 0 0
13622	16.824	16.824	( 0 )	111110100111 0 0	1101101111 0 0	110001 0 0
11758	16.824	16.824	( 0 )	111110100111 0 0	1101101111 0 0	110001 0 0
938	16.824	16.824	( 0 )	111110100111 0 0	1101101111 0 0	110001 0 0
969	16.824	16.824	( 0 )	111110100111 0 0	1101101111 0 0	110001 0 0
17297	16.824	16.824	( 0 )	111110100111 0 0	1101101111 0 0	110001 0 0
13641	16.824	16.824	( 0 )	111110100111 0 0	1101101111 0 0	110001 0 0
963	16.824	16.824	( 0 )	111110100111 0 0	1101101111 0 0	110001 0 0
13651	16.824	16.824	( 0 )	111110100111 0 0	1101101111 0 0	110001 0 0
11675	16.824	16.824	( 0 )	111110100111 0 0	1101101111 0 0	110001 0 0
13578	16.824	16.824	( 0 )	111110100111 0 0	1101101111 0 0	110001 0 0
13633	16.824	16.824	( 0 )	111110100111 0 0	1101101111 0 0	110001 0 0
2936	16.824	16.824	( 0 )	111110100111 0 0	1101101111 0 0	110001 0 0
2971	16.824	16.824	( 0 )	111110100111 0 0	1101101111 0 0	110001 0 0
13646	16.824	16.824	( 0 )	111110100111 0 0	1101101111 0 0	110001 0 0
860	16.824	16.824	( 0 )	111110100111 0 0	1101101111 0 0	110001 0 0
869	16.824	16.824	( 0 )	111110100111 0 0	1101101111 0 0	110001 0 0
17380	16.824	16.824	( 0 )	111110100111 0 0	1101101111 0 0	110001 0 0
17354	16.824	16.824	( 0 )	111110100111 0 0	1101101111 0 0	110001 0 0
2919	16.824	16.824	( 0 )	111110100111 0 0	1101101111 0 0	110001 0 0
11760	16.824	16.824	( 0 )	111110100111 0 0	1101101111 0 0	110001 0 0
13660	16.824	16.824	( 0 )	111110100111 0 0	1101101111 0 0	110001 0 0
879	16.824	16.824	( 0 )	111110100111 0 0	1101101111 0 0	110001 0 0
11745	20.401	20.401	( 0 )	111110100111 0 0	11011-1111 0 1	110001 0 0
3101	20.401	20.401	( 0 )	111110100111 0 0	11011-1111 0 0	110001 0 0
942	20.401	20.401	( 0 )	111110100111 0 0	11011-1111 0 0	110001 0 0
1000	20.401	20.401	( 0 )	111110100111 0 0	11011-1111 0 0	110001 0 0
11740	20.401	20.401	( 0 )	111110100111 0 0	11011-1111 0 0	110001 0 0
13655	20.401	20.401	( 0 )	111110100111 0 0	11011-1111 0 0	110001 0 0
11768	20.401	20.401	( 0 )	111110100111 0 0	11011-1111 0 0	110001 0 0
13570	20.401	20.401	( 0 )	111110100111 0 0	11011-1111 0 0	110001 0 0
1005	20.401	20.401	( 0 )	111110100111 0 0	11011-1111 0 0	110001 0 0
2951	20.401	20.401	( 0 )	111110100111 0 0	11011-1111 0 0	110001 0 0
13621	20.401	20.401	( 0 )	111110100111 0 0	11011-1111 0 0	110001 0 0
13587	20.401	20.401	( 0 )	111110100111 0 0	11011-1111 0 0	110001 0 0
13617	20.401	20.401	( 0 )	111110100111 0 0	11011-1111 0 0	110001 0 0
17325	20.401	20.401	( 0 )	111110100111 0 0	11011-1111 0 0	110001 0 0
17447	20.401	20.401	( 0 )	111110100111 0 0	11011-1111 0 0	110001 0 0
11756	20.401	20.401	( 0 )	111110100111 0 0	11011-1111 0 0	110001 0 0
2914	20.401	20.401	( 0 )	111110100111 0 0	11011-1111 0 0	110001 0 0
2932	20.401	20.401	( 0 )	111110100111 0 0	11011-1111 0 0	110001 0 0
846	20.401	20.401	( 0 )	111110100111 0 0	11011-1111 0 0	110001 0 0
13590	20.401	20.401	( 0 )	111110100111 0 0	11011-1111 0 0	110001 0 0
945	20.401	20.401	( 0 )	111110100111 0 0	11011-1111 0 0	110001 0 0
947	20.401	20.401	( 0 )	111110100111 0 0	11011-1111 0 0	110001 0 0
2961	20.401	20.401	( 0 )	111110100111 0 0	11011-1111 0 0	110001 0 0
7758	20.401	20.401	( 0 )	111110100111 0 0	11011-1111 0 0	110001 0 0
17294	20.401	20.401	( 0 )	111110100111 0 0	11011-1111 0 0	110001 0 0
13661	20.401	20.401	( 0 )	111110100111 0 0	11011-1111 0 0	110001 0 0
856	20.401	20.401	( 0 )	111110100111 0 0	11011-1111 0 0	110001 0 0
951	20.401	20.401	( 0 )	111110100111 0 0	11011-1111 0 0	110001 0 0
13600	20.401	20.401	( 0 )	111110100111 0 0	11011-1111 0 0	110001 0 0
13605	20.401	20.401	( 0 )	111110100111 0 0	11011-1111 0 0	110001 0 0
13470	20.401	20.401	( 0 )	111110100111 0 0	11011-1111 0 0	110001 0 0
2911	20.401	20.401	( 0 )	111110100111 0 0	11011-1111 0 0	110001 0 0
13598	20.401	20.401	( 0 )	111110100111 0 0	11011-1111 0 0	110001 0 0
986	20.401	20.401	( 0 )	111110100111 0 0	11011-1111 0 0	110001 0 0
13637	20.401	20.401	( 0 )	111110100111 0 0	11011-1111 0 0	110001 0 0
13652	20.401	20.401	( 0 )	111110100111 0 0	11011-1111 0 0	110001 0 0
996	20.401	20.401	( 0 )	111110100111 0 0	11011-1111 0 0	110001 0 0
13584	20.401	20.401	( 0 )	111110100111 0 0	11011-1111 0 0	110001 0 0
17317	20.401	20.401	( 0 )	111110100111 0 0	11011-1111 0 0	110001 0 0
17381	20.401	20.401	( 0 )	111110100111 0 0	11011-1111 0 0	110001 0 0
2917	20.401	20.401	( 0 )	111110100111 0 0	11011-1111 0 0	110001 0 0
13612	20.401	20.401	( 0 )	111110100111 0 0	11011-1111 0 0	110001 0 0
2856	20.401	20.401	( 0 )	111110100111 0 0	11011-1111 0 0	110001 0 0
2918	20.401	20.401	( 0 )	111110100111 0 0	11011-1111 0 0	110001 0 0
866	20.401	20.401	( 0 )	111110100111 0 0	11011-1111 0 0	110001 0 0
778	20.401	20.401	( 0 )	111110100111 0 0	11011-1111 0 0	110001 0 0
13626	20.401	20.401	( 0 )	111110100111 0 0	11011-1111 0 0	110001 0 0
13619	20.401	20.401	( 0 )	111110100111 0 0	11011-1111 0 0	110001 0 0
11687	20.401	20.401	( 0 )	111110100111 0 0	11011-1111 0 0	110001 0 0
3091	31.701	31.701	( 0 )	111110100111 0 0	11011-1111 0 0	1--001 2 0
7205	31.701	31.701	( 0 )	111110100111 0 0	11011-1111 0 0	1--001 0 0
17383	31.701	31.701	( 0 )	111110100111 0 0	11011-1111 0 0	1--001 0 0
940	31.701	31.701	( 0 )	111110100111 0 0	11011-1111 0 0	1--001 0 0
13647	31.701	31.701	( 0 )	111110100111 0 0	11011-1111 0 0	1--001 0 0
13476	31.701	31.701	( 0 )	111110100111 0 0	11011-1111 0 0	1--001 0 0
17358	31.701	31.701	( 0 )	111110100111 0 0	11011-1111 0 0	1--001 0 0
2928	31.701	31.701	( 0 )	111110100111 0 0	11011-1111 0 0	1--001 0 0
3096	31.701	31.701	( 0 )	111110100111 0 0	11011-1111 0 0	1--001 0 0
17289	31.701	31.701	( 0 )	111110100111 0 0	11011-1111 0 0	1--001 0 0
2930	31.701	31.701	( 0 )	111110100111 0 0	11011-1111 0 0	1--001 0 0
13656	31.701	31.701	( 0 )	111110100111 0 0	11011-1111 0 0	1--001 0 0
13625	31.701	31.701	( 0 )	111110100111 0 0	11011-1111 0 0	1--001 0 0
965	31.701	31.701	( 0 )	111110100111 0 0	11011-1111 0 0	1--001 0 0
11772	31.701	31.701	( 0 )	111110100111 0 0	11011-1111 0 0	1--001 0 0
858	31.701	31.701	( 0 )	111110100111 0 0	11011-1111 0 0	1--001 0 0
999	31.701	31.701	( 0 )	111110100111 0 0	11011-1111 0 0	1--001 0 0
13609	31.701	31.701	( 0 )	111110100111 0 0	11011-1111 0 0	1--001 0 0
2903	31.701	31.701	( 0 )	111110100111 0 0	11011-1111 0 0	1--001 0 0
1008	31.701	31.701	( 0 )	111110100111 0 0	11011-1111 0 0	1--001 0 0
13581	31.701	31.701	( 0 )	111110100111 0 0	11011-1111 0 0	1--001 0 0
2952	31.701	31.701	( 0 )	111110100111 0 0	11011-1111 0 0	1--001 0 0
13634	31.701	31.701	( 0 )	111110100111 0 0	11011-1111 0 0	1--001 0 0
780	31.701	31.701	( 0 )	111110100111 0 0	11011-1111 0 0	1--001 0 0
13576	31.701	31.701	( 0 )	111110100111 0 0	11011-1111 0 0	1--001 0 0
20293	31.701	31.701	( 0 )	111110100111 0 0	11011-1111 0 0	1--001 0 0
845	31.701	31.701	( 0 )	111110100111 0 0	11011-1111 0 0	1--001 0 0
936	31.701	31.701	( 0 )	111110100111 0 0	11011-1111 0 0	1--001 0 0
17310	31.701	31.701	( 0 )	111110100111 0 0	11011-1111 0 0	1--001 0 0
2633	31.701	31.701	( 0 )	111110100111 0 0	1101111111 0 0	1--001 0 0
13631	35.278	35.278	( 0 )	111110100111 0 0	110111-111 0 1	1--001 0 0
13618	35.278	35.278	( 0 )	111110100111 0 0	110111-111 0 0	1--001 0 0
13650	35.278	35.278	( 0 )	111110100111 0 0	110111-111 0 0	1--001 0 0
13659	35.278	35.278	( 0 )	111110100111 0 0	110111-111 0 0	1--001 0 0
17345	35.278	35.278	( 0 )	111110100111 0 0	110111-111 0 0	1--001 0 0
7814	35.278	35.278	( 0 )	111110100111 0 0	110111-111 0 0	1--001 0 0
2926	40.857	40.857	( 0 )	1111-0100111 1 0	110111-111 0 0	1--001 0 0
13574	40.857	40.857	( 0 )	111100100111 0 0	110111-111 0 0	1--001 0 0
13571	46.435	46.435	( 0 )	-11100100111 1 0	110111-111 0 0	1--001 0 0
13337	46.435	46.435	( 0 )	-11100100111 0 0	110111-111 0 0	1--001 0 0
11763	46.435	46.435	( 0 )	011100100111 0 0	110111-111 0 0	1--001 0 0
16235	46.435	46.435	( 0 )	011100100111 0 0	110111-111 0 0	1--001 0 0
13639	55.666	55.666	( 0 )	011-00100-11 1 1	110111-111 0 0	1--001 0 0
17295	55.666	55.666	( 0 )	011-00100-11 0 0	110111-111 0 0	1--001 0 0
2957	55.666	55.666	( 0 )	011-00100-11 0 0	110111-111 0 0	1--001 0 0
13645	55.666	55.666	( 0 )	011-00100-11 0 0	110111-111 0 0	1--001 0 0
941	55.666	55.666	( 0 )	011-00100-11 0 0	110111-111 0 0	1--001 0 0
770	55.666	55.666	( 0 )	011-00100-11 0 0	110111-111 0 0	1--001 0 0
857	55.666	55.666	( 0 )	011-00100-11 0 0	110111-111 0 0	1--001 0 0
930	55.666	55.666	( 0 )	011-00100-11 0 0	110111-111 0 0	1--001 0 0
11761	55.666	55.666	( 0 )	011-00100-11 0 0	110111-111 0 0	1--001 0 0
11762	55.666	55.666	( 0 )	011-00100-11 0 0	110111-111 0 0	1--001 0 0
2905	55.666	55.666	( 0 )	011-00100-11 0 0	110111-111 0 0	1--001 0 0
2912	55.666	55.666	( 0 )	011-00100-11 0 0	110111-111 0 0	1--001 0 0
13604	55.666	55.666	( 0 )	011-00100-11 0 0	110111-111 0 0	1--001 0 0
933	55.666	55.666	( 0 )	011-00100-11 0 0	110111-111 0 0	1--001 0 0
13663	55.666	55.666	( 0 )	011-00100-11 0 0	110111-111 0 0	1--001 0 0
2929	55.666	55.666	( 0 )	011-00100-11 0 0	110111-111 0 0	1--001 0 0
17293	55.666	55.666	( 0 )	011-00100-11 0 0	110111-111 0 0	1--001 0 0
13613	55.666	55.666	( 0 )	011-00100-11 0 0	110111-111 0 0	1--001 0 0
928	55.666	55.666	( 0 )	011-00100-11 0 0	110111-111 0 0	1--001 0 0
13632	55.666	55.666	( 0 )	011-00100-11 0 0	110111-111 0 0	1--001 0 0
870	55.666	55.666	( 0 )	011-00100-11 0 0	110111-111 0 0	1--001 0 0
13572	55.666	55.666	( 0 )	011-00100-11 0 0	110111-111 0 0	1--001 0 0
2965	55.666	55.666	( 0 )	011-00100-11 0 0	110111-111 0 0	1--001 0 0
852	55.666	55.666	( 0 )	011-00100-11 0 0	110111-111 0 0	1--001 0 0
949	55.666	55.666	( 0 )	011-00100-11 0 0	110111-111 0 0	1--001 0 0
13653	55.666	55.666	( 0 )	011-00100-11 0 0	110111-111 0 0	1--001 0 0
13630	55.666	55.666	( 0 )	011-00100-11 0 0	110111-111 0 0	1--001 0 0
13669	55.666	55.666	( 0 )	011-00100-11 0 0	110111-111 0 0	1--001 0 0
998	55.666	55.666	( 0 )	011-00100-11 0 0	110111-111 0 0	1--001 0 0
878	55.666	55.666	( 0 )	011-00100-11 0 0	110111-111 0 0	1--001 0 0
13640	55.666	55.666	( 0 )	011-00100-11 0 0	110111-111 0 0	1--001 0 0
11629	55.666	55.666	( 0 )	011-00100-11 0 0	110111-111 0 0	1--001 0 0
17427	55.666	55.666	( 0 )	011-00100-11 0 0	110111-111 0 0	1--001 0 0
13588	55.666	55.666	( 0 )	011-00100-11 0 0	110111-111 0 0	1--001 0 0
13596	55.666	55.666	( 0 )	011-00100-11 0 0	110111-111 0 0	1--001 0 0
971	55.666	55.666	( 0 )	011-00100-11 0 0	110111-111 0 0	1--001 0 0
11765	55.666	55.666	( 0 )	011-00100-11 0 0	110111-111 0 0	1--001 0 0
2948	55.666	55.666	( 0 )	011-00100-11 0 0	110111-111 0 0	1--001 0 0
13593	55.666	55.666	( 0 )	011-00100-11 0 0	110111-111 0 0	1--001 0 0
17357	55.666	55.666	( 0 )	011-00100-11 0 0	110111-111 0 0	1--001 0 0
11771	55.666	55.666	( 0 )	011000100011 0 0	110111-111 0 0	1--001 0 0
871	59.243	59.243	( 0 )	0110001000-1 0 1	110111-111 0 0	1--001 0 0
17368	59.243	59.243	( 0 )	0110001000-1 0 0	110111-111 0 0	1--001 0 0
17342	59.243	59.243	( 0 )	0110001000-1 0 0	110111-111 0 0	1--001 0 0
769	59.243	59.243	( 0 )	0110001000-1 0 0	110111-111 0 0	1--001 0 0
867	59.243	59.243	( 0 )	0110001000-1 0 0	110111-111 0 0	1--001 0 0
13643	59.243	59.243	( 0 )	0110001000-1 0 0	110111-111 0 0	1--001 0 0
13599	59.243	59.243	( 0 )	0110001000-1 0 0	110111-111 0 0	1--001 0 0
10462	59.243	59.243	( 0 )	0110001000-1 0 0	1101110111 0 0	1--001 0 0
11766	59.243	59.243	( 0 )	0110001000-1 0 0	1101110111 0 0	1--001 0 0
13607	59.243	59.243	( 0 )	0110001000-1 0 0	1101110111 0 0	1--001 0 0
849	59.243	59.243	( 0 )	0110001000-1 0 0	1101110111 0 0	1--001 0 0
872	59.243	59.243	( 0 )	0110001000-1 0 0	1101110111 0 0	1--001 0 0
939	59.243	59.243	( 0 )	0110001000-1 0 0	1101110111 0 0	1--001 0 0
859	59.243	59.243	( 0 )	0110001000-1 0 0	1101110111 0 0	1--001 0 0
11743	59.243	59.243	( 0 )	0110001000-1 0 0	1101110111 0 0	1--001 0 0
2279	59.243	59.243	( 0 )	011000100001 0 0	1101110111 0 0	1--001 0 0
7818	59.243	59.243	( 0 )	011000100001 0 0	1101110111 0 0	1--001 0 0
13586	62.821	62.821	( 0 )	011000000001 0 1	1101110111 0 0	1--001 0 0
7803	62.821	62.821	( 0 )	011000000001 0 0	1101110111 0 0	1--001 0 0
18746	62.821	62.821	( 0 )	011000000001 0 0	1101110111 0 0	1--001 0 0
19308	62.821	62.821	( 0 )	011000000001 0 0	1101110111 0 0	1--001 0 0
13610	62.821	62.821	( 0 )	011000000001 0 0	1101110111 0 0	1--001 0 0
19248	62.821	62.821	( 0 )	011000000001 0 0	1101110111 0 0	1--001 0 0
7136	62.821	62.821	( 0 )	011000000001 0 0	1101110111 0 0	1--001 0 0
13594	62.821	62.821	( 0 )	011000000001 0 0	1101110111 0 0	1--001 0 0
7135	62.821	62.821	( 0 )	011000000001 0 0	1101110111 0 0	1--001 0 0
7778	62.821	62.821	( 0 )	011000000001 0 0	1101110111 0 0	1--001 0 0
18763	62.821	62.821	( 0 )	011000000001 0 0	1101110111 0 0	1--001 0 0
13638	62.821	62.821	( 0 )	011000000001 0 0	1101110111 0 0	1--001 0 0
19325	66.398	66.398	( 0 )	011000000001 0 0	1101110-11 0 1	1--001 0 0
4031	66.398	66.398	( 0 )	011000000001 0 0	1101110-11 0 0	1--001 0 0
13339	66.398	66.398	( 0 )	011000000001 0 0	1101110-11 0 0	1--001 0 0
352	66.398	66.398	( 0 )	011000000001 0 0	1101110-11 0 0	1--001 0 0
17223	69.976	69.976	( 0 )	011000000001 0 0	1101110-11 0 0	1--000 0 1
16294	69.976	69.976	( 0 )	011000000001 0 0	1101110-11 0 0	1--000 0 0
16275	69.976	69.976	( 0 )	011000000001 0 0	1101110-11 0 0	1--000 0 0
16284	69.976	69.976	( 0 )	011000000001 0 0	1101110-11 0 0	1--000 0 0
16290	69.976	69.976	( 0 )	011000000001 0 0	1101110-11 0 0	1--000 0 0
16273	69.976	69.976	( 0 )	011000000001 0 0	1101110-11 0 0	1--000 0 0
16291	69.976	69.976	( 0 )	011000000001 0 0	1101110-11 0 0	1--000 0 0
16295	69.976	69.976	( 0 )	011000000001 0 0	1101110-11 0 0	1--000 0 0
16292	69.976	69.976	( 0 )	011000000001 0 0	1101110-11 0 0	1--000 0 0
16281	69.976	69.976	( 0 )	011000000001 0 0	1101110-11 0 0	1--000 0 0
16278	69.976	69.976	( 0 )	011000000001 0 0	1101110-11 0 0	1--000 0 0
11471	77.168	77.168	( 0 )	011000000001 0 0	1101110-11 0 0	101--0 0 2
10896	77.168	77.168	( 0 )	011000000001 0 0	1101110-11 0 0	101--0 0 0
6959	80.746	80.746	( 0 )	011000000000 0 1	1101110-11 0 0	101--0 0 0
7920	80.746	80.746	( 0 )	011000000000 0 0	1101110-11 0 0	101--0 0 0
12332	80.746	80.746	( 0 )	011000000000 0 0	1101110-11 0 0	101--0 0 0
10343	80.746	80.746	( 0 )	011000000000 0 0	1101110-11 0 0	101--0 0 0
10344	80.746	80.746	( 0 )	011000000000 0 0	1101110-11 0 0	101--0 0 0
167	80.746	80.746	( 0 )	011000000000 0 0	1101110-11 0 0	101110 0 0
6978	80.746	80.746	( 0 )	011000000000 0 0	1101110-11 0 0	101110 0 0
8061	80.746	80.746	( 0 )	011000000000 0 0	1101110-11 0 0	101110 0 0
8016	80.746	80.746	( 0 )	011000000000 0 0	1101110-11 0 0	101110 0 0
10365	80.746	80.746	( 0 )	011000000000 0 0	1101110-11 0 0	101110 0 0
10423	80.746	80.746	( 0 )	011000000000 0 0	1101110-11 0 0	101110 0 0
16595	80.746	80.746	( 0 )	011000000000 0 0	1101110-11 0 0	101110 0 0
10368	80.746	80.746	( 0 )	011000000000 0 0	1101110-11 0 0	101110 0 0
7823	80.746	80.746	( 0 )	011000000000 0 0	1101110-11 0 0	101110 0 0
4174	80.746	80.746	( 0 )	011000000000 0 0	1101110-11 0 0	101110 0 0
7958	80.746	80.746	( 0 )	011000000000 0 0	1101110-11 0 0	101110 0 0
4101	80.746	80.746	( 0 )	011000000000 0 0	1101110-11 0 0	101110 0 0
20437	80.746	80.746	( 0 )	011000000000 0 0	1101110011 0 0	101110 0 0
10527	89.157	89.157	( 0 )	011-00000-00 0 1	1101110011 0 0	101110 0 0
10490	89.157	89.157	( 0 )	011-00000-00 0 0	1101110011 0 0	101110 0 0
10704	89.157	89.157	( 0 )	011-00000-00 0 0	1101110011 0 0	101110 0 0
10459	89.157	89.157	( 0 )	011-00000-00 0 0	1101110011 0 0	101110 0 0
10578	89.157	89.157	( 0 )	011-00000-00 0 0	1101110011 0 0	101110 0 0
10526	89.157	89.157	( 0 )	011-00000-00 0 0	1101110011 0 0	101110 0 0
10589	97.569	97.569	( 0 )	001-00000-00 1 0	1101110011 0 0	101110 0 0
#*** LG = 2 likelihood = -584.5677
#marker_number	male_position	female_position	( 0.0 )[	phased data]
18325	0.000	0.000	( 0 )	011000111110 0 0	00111----- 0 0	110011 0 0
1199	0.000	0.000	( 0 )	011000111110 0 0	00111----- 0 0	110011 0 0
12932	0.000	0.000	( 0 )	011000111110 0 0	00111----- 0 0	110011 0 0
1208	0.000	0.000	( 0 )	011000111110 0 0	00111----- 0 0	110011 0 0
12870	0.000	0.000	( 0 )	011000111110 0 0	00111----- 0 0	110011 0 0
12849	0.000	0.000	( 0 )	011000111110 0 0	00111----- 0 0	110011 0 0
12954	0.000	0.000	( 0 )	011000111110 0 0	00111----- 0 0	110011 0 0
3604	0.000	0.000	( 0 )	011000111110 0 0	00111----- 0 0	110011 0 0
10403	0.000	0.000	( 0 )	011000111110 0 0	00111----- 0 0	110011 0 0
20163	4.558	4.558	( 0 )	011000111110 0 0	10111----- 1 0	110011 0 0
18365	4.558	4.558	( 0 )	011000111110 0 0	10111----- 0 0	110011 0 0
1211	4.558	4.558	( 0 )	011000111110 0 0	10111----- 0 0	110011 0 0
9916	4.558	4.558	( 0 )	011000111110 0 0	10111----- 0 0	110011 0 0
12852	4.558	4.558	( 0 )	011000111110 0 0	10111----- 0 0	110011 0 0
1226	4.558	4.558	( 0 )	011000111110 0 0	10111----- 0 0	110011 0 0
12851	4.558	4.558	( 0 )	011000111110 0 0	10111----- 0 0	110011 0 0
12909	4.558	4.558	( 0 )	011000111110 0 0	10111----- 0 0	110011 0 0
12868	4.558	4.558	( 0 )	011000111110 0 0	10111----- 0 0	110011 0 0
12886	4.558	4.558	( 0 )	011000111110 0 0	10111----- 0 0	110011 0 0
19466	4.558	4.558	( 0 )	011000111110 0 0	10111----- 0 0	110011 0 0
12958	4.558	4.558	( 0 )	011000111110 0 0	10111----- 0 0	110011 0 0
14275	4.558	4.558	( 0 )	011000111110 0 0	10111----- 0 0	110011 0 0
4170	4.558	4.558	( 0 )	011000111110 0 0	10111----- 0 0	110011 0 0
1203	4.558	4.558	( 0 )	011000111110 0 0	10111----- 0 0	110011 0 0
12802	4.558	4.558	( 0 )	011000111110 0 0	10111----- 0 0	110011 0 0
12799	4.558	4.558	( 0 )	011000111110 0 0	10111----- 0 0	110011 0 0
4326	4.558	4.558	( 0 )	011000111110 0 0	10111----- 0 0	110011 0 0
12897	4.558	4.558	( 0 )	011000111110 0 0	10111----- 0 0	110011 0 0
12861	4.558	4.558	( 0 )	011000111110 0 0	10111----- 0 0	110011 0 0
12917	4.558	4.558	( 0 )	011000111110 0 0	10111----- 0 0	110011 0 0
12901	4.558	4.558	( 0 )	011000111110 0 0	10111----- 0 0	110011 0 0
12953	4.558	4.558	( 0 )	011000111110 0 0	10111----- 0 0	110011 0 0
12925	4.558	4.558	( 0 )	011000111110 0 0	10111----- 0 0	110011 0 0
12910	4.558	4.558	( 0 )	011000111110 0 0	10111----- 0 0	110011 0 0
12858	4.558	4.558	( 0 )	011000111110 0 0	10111----- 0 0	110011 0 0
18311	4.558	4.558	( 0 )	011000111110 0 0	10111----- 0 0	110011 0 0
8504	4.558	4.558	( 0 )	011000111110 0 0	10111----- 0 0	110011 0 0
18264	4.558	4.558	( 0 )	011000111110 0 0	10111----- 0 0	110011 0 0
18302	4.558	4.558	( 0 )	011000111110 0 0	10111----- 0 0	110011 0 0
12956	4.558	4.558	( 0 )	011000111110 0 0	10111----- 0 0	110011 0 0
12803	4.558	4.558	( 0 )	011000111110 0 0	10111----- 0 0	110011 0 0
1198	4.558	4.558	( 0 )	011000111110 0 0	10111----- 0 0	110011 0 0
12908	4.558	4.558	( 0 )	011000111110 0 0	10111----- 0 0	110011 0 0
8351	4.558	4.558	( 0 )	011000111110 0 0	10111----- 0 0	110011 0 0
12855	4.558	4.558	( 0 )	011000111110 0 0	10111----- 0 0	110011 0 0
12904	4.558	4.558	( 0 )	011000111110 0 0	10111----- 0 0	110011 0 0
12876	4.558	4.558	( 0 )	011000111110 0 0	10111----- 0 0	110011 0 0
12869	4.558	4.558	( 0 )	011000111110 0 0	10111----- 0 0	110011 0 0
12392	4.558	4.558	( 0 )	011000111110 0 0	10111----- 0 0	110011 0 0
12877	4.558	4.558	( 0 )	011000111110 0 0	10111----- 0 0	110011 0 0
12875	13.751	13.751	( 0 )	0110--111110 2 0	10111----- 0 0	110011 0 0
18343	13.751	13.751	( 0 )	011011111110 0 0	10111----- 0 0	110011 0 0
12920	27.742	27.742	( 0 )	--1-11111110 3 0	10111----- 0 0	110011 0 0
1234	27.742	27.742	( 0 )	--1-11111110 0 0	10111----- 0 0	110011 0 0
1222	27.742	27.742	( 0 )	--1-11111110 0 0	10111----- 0 0	110011 0 0
1212	27.742	27.742	( 0 )	--1-11111110 0 0	10111----- 0 0	110011 0 0
1196	27.742	27.742	( 0 )	--1-11111110 0 0	10111----- 0 0	110011 0 0
12929	27.742	27.742	( 0 )	--1-11111110 0 0	10111----- 0 0	110011 0 0
12879	27.742	27.742	( 0 )	--1-11111110 0 0	10111----- 0 0	110011 0 0
12887	27.742	27.742	( 0 )	--1-11111110 0 0	10111----- 0 0	110011 0 0
12883	27.742	27.742	( 0 )	--1-11111110 0 0	10111----- 0 0	110011 0 0
1228	27.742	27.742	( 0 )	--1-11111110 0 0	10111----- 0 0	110011 0 0
12844	27.742	27.742	( 0 )	--1-11111110 0 0	10111----- 0 0	110011 0 0
12911	27.742	27.742	( 0 )	--1-11111110 0 0	10111----- 0 0	110011 0 0
12874	27.742	27.742	( 0 )	--1-11111110 0 0	10111----- 0 0	110011 0 0
12927	27.742	27.742	( 0 )	--1-11111110 0 0	10111----- 0 0	110011 0 0
843	27.742	27.742	( 0 )	--1-11111110 0 0	10111----- 0 0	110011 0 0
12889	27.742	27.742	( 0 )	--1-11111110 0 0	10111----- 0 0	110011 0 0
12862	27.742	27.742	( 0 )	--1-11111110 0 0	10111----- 0 0	110011 0 0
6273	27.742	27.742	( 0 )	--1-11111110 0 0	10111----- 0 0	110011 0 0
1201	27.742	27.742	( 0 )	--1-11111110 0 0	10111----- 0 0	110011 0 0
12854	27.742	27.742	( 0 )	--1-11111110 0 0	10111----- 0 0	110011 0 0
12848	27.742	27.742	( 0 )	--1-11111110 0 0	10111----- 0 0	110011 0 0
1223	27.742	27.742	( 0 )	--1-11111110 0 0	10111----- 0 0	110011 0 0
10426	27.742	27.742	( 0 )	--1-11111110 0 0	10111----- 0 0	110011 0 0
12865	27.742	27.742	( 0 )	--1-11111110 0 0	10111----- 0 0	110011 0 0
12899	27.742	27.742	( 0 )	--1-11111110 0 0	10111----- 0 0	110011 0 0
12957	27.742	27.742	( 0 )	--1-11111110 0 0	10111----- 0 0	110011 0 0
1229	27.742	27.742	( 0 )	--1-11111110 0 0	10111----- 0 0	110011 0 0
1216	27.742	27.742	( 0 )	--1-11111110 0 0	10111----- 0 0	110011 0 0
1221	27.742	27.742	( 0 )	--1-11111110 0 0	10111----- 0 0	110011 0 0
12916	27.742	27.742	( 0 )	--1-11111110 0 0	10111----- 0 0	110011 0 0
1220	27.742	27.742	( 0 )	--1-11111110 0 0	10111----- 0 0	110011 0 0
12912	27.742	27.742	( 0 )	--1-11111110 0 0	10111----- 0 0	110011 0 0
10974	27.742	27.742	( 0 )	--1-11111110 0 0	10111----- 0 0	110011 0 0
1218	27.742	27.742	( 0 )	--1-11111110 0 0	10111----- 0 0	110011 0 0
19243	27.742	27.742	( 0 )	--1-11111110 0 0	10111----- 0 0	110011 0 0
12902	27.742	27.742	( 0 )	--1-11111110 0 0	10111----- 0 0	110011 0 0
12915	27.742	27.742	( 0 )	--1-11111110 0 0	10111----- 0 0	110011 0 0
12798	27.742	27.742	( 0 )	--1-11111110 0 0	10111----- 0 0	110011 0 0
12893	27.742	27.742	( 0 )	--1-11111110 0 0	10111----- 0 0	110011 0 0
12919	27.742	27.742	( 0 )	--1-11111110 0 0	10111----- 0 0	110011 0 0
12890	27.742	27.742	( 0 )	--1-11111110 0 0	10111----- 0 0	110011 0 0
12922	27.742	27.742	( 0 )	--1-11111110 0 0	10111----- 0 0	110011 0 0
12918	27.742	27.742	( 0 )	--1-11111110 0 0	10111----- 0 0	110011 0 0
1209	27.742	27.742	( 0 )	--1-11111110 0 0	10111----- 0 0	110011 0 0
10178	27.742	27.742	( 0 )	--1-11111110 0 0	10111----- 0 0	110011 0 0
12933	27.742	27.742	( 0 )	--1-11111110 0 0	10111----- 0 0	110011 0 0
12895	27.742	27.742	( 0 )	--1-11111110 0 0	10111----- 0 0	110011 0 0
12193	27.742	27.742	( 0 )	--1-11111110 0 0	10111----- 0 0	110011 0 0
12863	27.742	27.742	( 0 )	--1-11111110 0 0	10111----- 0 0	110011 0 0
15015	27.742	27.742	( 0 )	101111111110 0 0	10111----- 0 0	110011 0 0
12859	27.742	27.742	( 0 )	101111111110 0 0	10111----- 0 0	110011 0 0
18263	27.742	27.742	( 0 )	101111111110 0 0	10111----- 0 0	110011 0 0
19675	27.742	27.742	( 0 )	101111111110 0 0	10111----- 0 0	110011 0 0
12871	27.742	27.742	( 0 )	101111111110 0 0	10111----- 0 0	110011 0 0
1230	27.742	27.742	( 0 )	101111111110 0 0	10111----- 0 0	110011 0 0
4103	27.742	27.742	( 0 )	101111111110 0 0	10111----- 0 0	110011 0 0
12923	27.742	27.742	( 0 )	101111111110 0 0	10111----- 0 0	110011 0 0
12872	27.742	27.742	( 0 )	101111111110 0 0	10111----- 0 0	110011 0 0
1227	27.742	27.742	( 0 )	101111111110 0 0	10111----- 0 0	110011 0 0
12936	27.742	27.742	( 0 )	101111111110 0 0	10111----- 0 0	110011 0 0
12853	27.742	27.742	( 0 )	101111111110 0 0	10111----- 0 0	110011 0 0
12885	27.742	27.742	( 0 )	101111111110 0 0	10111----- 0 0	110011 0 0
12934	27.742	27.742	( 0 )	101111111110 0 0	10111----- 0 0	110011 0 0
12894	27.742	27.742	( 0 )	101111111110 0 0	10111----- 0 0	110011 0 0
1200	27.742	27.742	( 0 )	101111111110 0 0	10111----- 0 0	110011 0 0
1939	27.742	27.742	( 0 )	101111111110 0 0	10111----- 0 0	110011 0 0
9176	27.742	27.742	( 0 )	101111111110 0 0	10111----- 0 0	110011 0 0
17953	32.300	32.300	( 0 )	100111111110 1 0	10111----- 0 0	110011 0 0
1233	32.300	32.300	( 0 )	100111111110 0 0	10111----- 0 0	110011 0 0
12856	32.300	32.300	( 0 )	100111111110 0 0	10111----- 0 0	110011 0 0
13137	32.300	32.300	( 0 )	100111111110 0 0	10111----- 0 0	110011 0 0
3591	32.300	32.300	( 0 )	100111111110 0 0	10111----- 0 0	110011 0 0
12906	32.300	32.300	( 0 )	100111111110 0 0	10111----- 0 0	110011 0 0
7590	32.300	32.300	( 0 )	100111111110 0 0	10111----- 0 0	110011 0 0
12921	32.300	32.300	( 0 )	100111111110 0 0	10111----- 0 0	110011 0 0
1225	32.300	32.300	( 0 )	100111111110 0 0	10111----- 0 0	110011 0 0
12857	32.300	32.300	( 0 )	100111111110 0 0	10111----- 0 0	110011 0 0
12896	32.300	32.300	( 0 )	100111111110 0 0	10111----- 0 0	110011 0 0
12800	32.300	32.300	( 0 )	100111111110 0 0	10111----- 0 0	110011 0 0
12903	32.300	32.300	( 0 )	100111111110 0 0	10111----- 0 0	110011 0 0
1219	32.300	32.300	( 0 )	100111111110 0 0	10111----- 0 0	110011 0 0
1213	32.300	32.300	( 0 )	100111111110 0 0	10111----- 0 0	110011 0 0
1210	32.300	32.300	( 0 )	100111111110 0 0	10111----- 0 0	110011 0 0
12900	32.300	32.300	( 0 )	100111111110 0 0	10111----- 0 0	110011 0 0
8220	32.300	32.300	( 0 )	100111111110 0 0	10111----- 0 0	110011 0 0
17824	32.300	32.300	( 0 )	100111111110 0 0	10111----- 0 0	110011 0 0
12888	32.300	32.300	( 0 )	100111111110 0 0	10111----- 0 0	110011 0 0
12938	32.300	32.300	( 0 )	100111111110 0 0	10111----- 0 0	110011 0 0
12864	32.300	32.300	( 0 )	100111111110 0 0	10111----- 0 0	110011 0 0
12846	32.300	32.300	( 0 )	100111111110 0 0	10111----- 0 0	110011 0 0
12928	32.300	32.300	( 0 )	100111111110 0 0	10111----- 0 0	110011 0 0
12801	32.300	32.300	( 0 )	100111111110 0 0	10111----- 0 0	110011 0 0
12847	32.300	32.300	( 0 )	100111111110 0 0	10111----- 0 0	110011 0 0
12878	32.300	32.300	( 0 )	100111111110 0 0	10111----- 0 0	110011 0 0
1232	32.300	32.300	( 0 )	100111111110 0 0	10111----- 0 0	110011 0 0
12873	32.300	32.300	( 0 )	100111111110 0 0	10111----- 0 0	110011 0 0
12882	32.300	32.300	( 0 )	100111111110 0 0	10111----- 0 0	110011 0 0
12907	32.300	32.300	( 0 )	100111111110 0 0	10111----- 0 0	110011 0 0
1202	32.300	32.300	( 0 )	100111111110 0 0	10111----- 0 0	110011 0 0
2719	49.628	49.628	( 0 )	100111111110 0 0	10111----- 0 0	110001 0 1
11545	49.628	49.628	( 0 )	100111111110 0 0	10111----- 0 0	110001 0 0
4572	49.628	49.628	( 0 )	100111111110 0 0	10111----- 0 0	110001 0 0
8354	49.628	49.628	( 0 )	100111111110 0 0	10111----- 0 0	110001 0 0
20384	49.628	49.628	( 0 )	100111111110 0 0	10111----- 0 0	110001 0 0
18370	49.628	49.628	( 0 )	100111111110 0 0	10111----- 0 0	110001 0 0
1009	49.628	49.628	( 0 )	100111111110 0 0	10111----- 0 0	110001 0 0
17282	49.628	49.628	( 0 )	100111111110 0 0	10111----- 0 0	110001 0 0
17590	49.628	49.628	( 0 )	100111111110 0 0	10111----- 0 0	110001 0 0
15481	49.628	49.628	( 0 )	100111111110 0 0	10111----- 0 0	110001 0 0
17972	49.628	49.628	( 0 )	100111111110 0 0	10111----- 0 0	110001 0 0
17954	49.628	49.628	( 0 )	100111111110 0 0	10111----- 0 0	110001 0 0
8483	49.628	49.628	( 0 )	100111111110 0 0	10111----- 0 0	110001 0 0
17977	49.628	49.628	( 0 )	100111111110 0 0	10111----- 0 0	110001 0 0
864	49.628	49.628	( 0 )	100111111110 0 0	10111----- 0 0	110001 0 0
18360	49.628	49.628	( 0 )	100111111110 0 0	10111----- 0 0	110001 0 0
16907	49.628	49.628	( 0 )	100111111110 0 0	10111----- 0 0	110001 0 0
12489	49.628	49.628	( 0 )	100111111110 0 0	10111----- 0 0	110001 0 0
18363	66.957	66.957	( 0 )	100111111110 0 0	10111----- 0 0	11000- 0 1
19105	66.957	66.957	( 0 )	100111111110 0 0	10111----- 0 0	11000- 0 0
18308	66.957	66.957	( 0 )	100111111110 0 0	10111----- 0 0	11000- 0 0
6849	66.957	66.957	( 0 )	100111111110 0 0	10111----- 0 0	11000- 0 0
12931	77.094	77.094	( 0 )	100111111110 0 0	10011----- 1 0	11000- 0 0
5286	77.094	77.094	( 0 )	100111111110 0 0	10011----- 0 0	110000 0 0
#*** LG = 3 likelihood = -188.721
#marker_number	male_position	female_position	( 0.0 )[	phased data]
2610	0.000	0.000	( 0 )	010000001000 0 0	0100101111 0 0	---000 0 0
2611	40.236	40.236	( 0 )	010000001000 0 0	0100101111 0 0	---0-- 0 2
20506	40.236	40.236	( 0 )	010000001000 0 0	0100101111 0 0	---011 0 0
11785	40.236	40.236	( 0 )	010000001000 0 0	0100101111 0 0	---011 0 0
11830	40.236	40.236	( 0 )	010000001000 0 0	0100101111 0 0	---011 0 0
20493	40.236	40.236	( 0 )	010000001000 0 0	0100101111 0 0	---011 0 0
13151	40.236	40.236	( 0 )	010000001000 0 0	0100101111 0 0	---011 0 0
12968	40.236	40.236	( 0 )	010000001000 0 0	0100101111 0 0	---011 0 0
11846	40.236	40.236	( 0 )	010000001000 0 0	0100101111 0 0	---011 0 0
10419	40.236	40.236	( 0 )	010000001000 0 0	0100101111 0 0	---011 0 0
3473	40.236	40.236	( 0 )	010000001000 0 0	0100101111 0 0	---011 0 0
10397	40.236	40.236	( 0 )	010000001000 0 0	0100101111 0 0	---011 0 0
5744	40.236	40.236	( 0 )	010000001000 0 0	0100101111 0 0	---011 0 0
20517	40.236	40.236	( 0 )	010000001000 0 0	0100101111 0 0	---011 0 0
11878	40.236	40.236	( 0 )	010000001000 0 0	0100101111 0 0	---011 0 0
10398	40.236	40.236	( 0 )	010000001000 0 0	0100101111 0 0	---011 0 0
11832	50.478	50.478	( 0 )	-100-00010-0 1 1	0100101111 0 0	---011 0 0
11943	50.478	50.478	( 0 )	-100-00010-0 0 0	0100101111 0 0	---011 0 0
11890	50.478	50.478	( 0 )	-100-00010-0 0 0	0100101111 0 0	---011 0 0
11941	50.478	50.478	( 0 )	-100-00010-0 0 0	0100101111 0 0	---011 0 0
3400	50.478	50.478	( 0 )	-100-00010-0 0 0	0100101111 0 0	---011 0 0
12230	50.478	50.478	( 0 )	-100-00010-0 0 0	0100101111 0 0	---011 0 0
20515	50.478	50.478	( 0 )	-100-00010-0 0 0	0100101111 0 0	---011 0 0
13113	50.478	50.478	( 0 )	-100-00010-0 0 0	0100101111 0 0	---011 0 0
11895	50.478	50.478	( 0 )	-100-00010-0 0 0	0100101111 0 0	---011 0 0
3374	50.478	50.478	( 0 )	-100-00010-0 0 0	0100101111 0 0	---011 0 0
11870	50.478	50.478	( 0 )	-100-00010-0 0 0	0100101111 0 0	---011 0 0
11935	50.478	50.478	( 0 )	-100-00010-0 0 0	0100101111 0 0	---011 0 0
11898	50.478	50.478	( 0 )	-100-00010-0 0 0	0100101111 0 0	---011 0 0
11937	50.478	50.478	( 0 )	-100-00010-0 0 0	0100101111 0 0	---011 0 0
12965	50.478	50.478	( 0 )	-100-00010-0 0 0	0100101111 0 0	---011 0 0
5673	50.478	50.478	( 0 )	-100-00010-0 0 0	0100101111 0 0	---011 0 0
11786	50.478	50.478	( 0 )	-100-00010-0 0 0	0100101111 0 0	---011 0 0
11877	50.478	50.478	( 0 )	-100-00010-0 0 0	0100101111 0 0	---011 0 0
968	50.478	50.478	( 0 )	-100-00010-0 0 0	0100101111 0 0	---011 0 0
11855	50.478	50.478	( 0 )	-100-00010-0 0 0	0100101111 0 0	---011 0 0
20520	50.478	50.478	( 0 )	-100-00010-0 0 0	0100101111 0 0	---011 0 0
11812	50.478	50.478	( 0 )	-100-00010-0 0 0	0100101111 0 0	---011 0 0
11891	50.478	50.478	( 0 )	-100-00010-0 0 0	0100101111 0 0	---011 0 0
11804	50.478	50.478	( 0 )	-100-00010-0 0 0	0100101111 0 0	---011 0 0
11927	50.478	50.478	( 0 )	-100-00010-0 0 0	0100101111 0 0	---011 0 0
12892	50.478	50.478	( 0 )	-100-00010-0 0 0	0100101111 0 0	---011 0 0
11840	50.478	50.478	( 0 )	-100-00010-0 0 0	0100101111 0 0	---011 0 0
10412	50.478	50.478	( 0 )	-100-00010-0 0 0	0100101111 0 0	---011 0 0
11821	50.478	50.478	( 0 )	-100-00010-0 0 0	0100101111 0 0	---011 0 0
11862	50.478	50.478	( 0 )	-100-00010-0 0 0	0100101111 0 0	---011 0 0
11835	55.036	55.036	( 0 )	1100-00010-0 0 0	01-0101111 1 0	---011 0 0
11871	55.036	55.036	( 0 )	1100-00010-0 0 0	01-0101111 0 0	---011 0 0
12969	55.036	55.036	( 0 )	1100-00010-0 0 0	01-0101111 0 0	---011 0 0
11897	55.036	55.036	( 0 )	1100-00010-0 0 0	01-0101111 0 0	---011 0 0
12967	55.036	55.036	( 0 )	1100-00010-0 0 0	01-0101111 0 0	---011 0 0
11917	55.036	55.036	( 0 )	1100-00010-0 0 0	01-0101111 0 0	---011 0 0
11823	55.036	55.036	( 0 )	1100-00010-0 0 0	01-0101111 0 0	---011 0 0
11831	55.036	55.036	( 0 )	1100-00010-0 0 0	01-0101111 0 0	---011 0 0
11819	55.036	55.036	( 0 )	1100-00010-0 0 0	01-0101111 0 0	---011 0 0
13109	55.036	55.036	( 0 )	1100-00010-0 0 0	01-0101111 0 0	---011 0 0
12016	55.036	55.036	( 0 )	1100-00010-0 0 0	01-0101111 0 0	---011 0 0
13117	55.036	55.036	( 0 )	1100-00010-0 0 0	01-0101111 0 0	---011 0 0
11849	55.036	55.036	( 0 )	1100-00010-0 0 0	01-0101111 0 0	---011 0 0
20511	55.036	55.036	( 0 )	1100-00010-0 0 0	01-0101111 0 0	---011 0 0
11884	55.036	55.036	( 0 )	1100-00010-0 0 0	0110101111 0 0	---011 0 0
11946	55.036	55.036	( 0 )	1100-00010-0 0 0	0110101111 0 0	---011 0 0
11828	55.036	55.036	( 0 )	1100-00010-0 0 0	0110101111 0 0	---011 0 0
13152	55.036	55.036	( 0 )	1100-00010-0 0 0	0110101111 0 0	---011 0 0
20500	55.036	55.036	( 0 )	1100-00010-0 0 0	0110101111 0 0	---011 0 0
11795	55.036	55.036	( 0 )	1100-00010-0 0 0	0110101111 0 0	---011 0 0
11939	55.036	55.036	( 0 )	1100-00010-0 0 0	0110101111 0 0	---011 0 0
20546	55.036	55.036	( 0 )	1100-00010-0 0 0	0110101111 0 0	---011 0 0
20505	55.036	55.036	( 0 )	1100-00010-0 0 0	0110101111 0 0	---011 0 0
10401	55.036	55.036	( 0 )	1100-00010-0 0 0	0110101111 0 0	---011 0 0
11837	55.036	55.036	( 0 )	1100-00010-0 0 0	0110101111 0 0	---011 0 0
13132	55.036	55.036	( 0 )	1100-00010-0 0 0	0110101111 0 0	---011 0 0
11791	55.036	55.036	( 0 )	1100-00010-0 0 0	0110101111 0 0	---011 0 0
11909	55.036	55.036	( 0 )	1100-00010-0 0 0	0110101111 0 0	---011 0 0
11797	55.036	55.036	( 0 )	1100-00010-0 0 0	0110101111 0 0	---011 0 0
13155	55.036	55.036	( 0 )	1100-00010-0 0 0	0110101111 0 0	---011 0 0
13144	55.036	55.036	( 0 )	1100-00010-0 0 0	0110101111 0 0	---011 0 0
12144	55.036	55.036	( 0 )	1100-00010-0 0 0	0110101111 0 0	---011 0 0
11928	55.036	55.036	( 0 )	1100-00010-0 0 0	0110101111 0 0	---011 0 0
11813	55.036	55.036	( 0 )	1100-00010-0 0 0	0110101111 0 0	---011 0 0
20504	55.036	55.036	( 0 )	1100-00010-0 0 0	0110101111 0 0	---011 0 0
11914	55.036	55.036	( 0 )	1100-00010-0 0 0	0110101111 0 0	---011 0 0
20496	55.036	55.036	( 0 )	1100-00010-0 0 0	0110101111 0 0	---011 0 0
11796	55.036	55.036	( 0 )	1100-00010-0 0 0	0110101111 0 0	---011 0 0
12044	55.036	55.036	( 0 )	1100-00010-0 0 0	0110101111 0 0	---011 0 0
11880	55.036	55.036	( 0 )	1100-00010-0 0 0	0110101111 0 0	---011 0 0
20499	55.036	55.036	( 0 )	1100-00010-0 0 0	0110101111 0 0	---011 0 0
11931	55.036	55.036	( 0 )	1100-00010-0 0 0	0110101111 0 0	---011 0 0
11861	55.036	55.036	( 0 )	1100-00010-0 0 0	0110101111 0 0	---011 0 0
11883	86.355	86.355	( 0 )	110---001--- 2 2	0110101111 0 0	---011 0 0
11834	86.355	86.355	( 0 )	110---001--- 0 0	0110101111 0 0	---011 0 0
20492	86.355	86.355	( 0 )	110---001--- 0 0	0110101111 0 0	---011 0 0
11803	86.355	86.355	( 0 )	110---001--- 0 0	0110101111 0 0	---011 0 0
13145	86.355	86.355	( 0 )	110---001--- 0 0	0110101111 0 0	---011 0 0
11916	86.355	86.355	( 0 )	1101-10011-1 0 0	0110101111 0 0	---011 0 0
11792	86.355	86.355	( 0 )	1101-10011-1 0 0	0110101111 0 0	---011 0 0
13128	86.355	86.355	( 0 )	1101-10011-1 0 0	0110101111 0 0	---011 0 0
11799	86.355	86.355	( 0 )	1101-10011-1 0 0	0110101111 0 0	---011 0 0
11894	86.355	86.355	( 0 )	1101-10011-1 0 0	0110101111 0 0	---011 0 0
13148	86.355	86.355	( 0 )	1101-10011-1 0 0	0110101111 0 0	---011 0 0
11900	86.355	86.355	( 0 )	1101-10011-1 0 0	0110101111 0 0	---011 0 0
11802	86.355	86.355	( 0 )	1101-10011-1 0 0	0110101111 0 0	---011 0 0
13119	86.355	86.355	( 0 )	1101-10011-1 0 0	0110101111 0 0	---011 0 0
11924	86.355	86.355	( 0 )	1101-10011-1 0 0	0110101111 0 0	---011 0 0
11826	86.355	86.355	( 0 )	1101-10011-1 0 0	0110101111 0 0	---011 0 0
11805	86.355	86.355	( 0 )	1101-10011-1 0 0	0110101111 0 0	---011 0 0
11934	86.355	86.355	( 0 )	1101-10011-1 0 0	0110101111 0 0	---011 0 0
11783	86.355	86.355	( 0 )	1101-10011-1 0 0	0110101111 0 0	---011 0 0
13141	86.355	86.355	( 0 )	1101-10011-1 0 0	0110101111 0 0	---011 0 0
11793	86.355	86.355	( 0 )	1101-10011-1 0 0	0110101111 0 0	---011 0 0
11903	86.355	86.355	( 0 )	1101-10011-1 0 0	0110101111 0 0	---011 0 0
20488	86.355	86.355	( 0 )	1101-10011-1 0 0	0110101111 0 0	---011 0 0
13158	86.355	86.355	( 0 )	1101-10011-1 0 0	0110101111 0 0	---011 0 0
20508	86.355	86.355	( 0 )	1101-10011-1 0 0	0110101111 0 0	---011 0 0
20512	86.355	86.355	( 0 )	1101-10011-1 0 0	0110101111 0 0	---011 0 0
20548	86.355	86.355	( 0 )	1101-10011-1 0 0	0110101111 0 0	---011 0 0
10391	86.355	86.355	( 0 )	1101-10011-1 0 0	0110101111 0 0	---011 0 0
13102	86.355	86.355	( 0 )	1101-10011-1 0 0	0110101111 0 0	---011 0 0
11853	86.355	86.355	( 0 )	1101-10011-1 0 0	0110101111 0 0	---011 0 0
12042	86.355	86.355	( 0 )	1101-10011-1 0 0	0110101111 0 0	---011 0 0
11882	86.355	86.355	( 0 )	1101-10011-1 0 0	0110101111 0 0	---011 0 0
20495	86.355	86.355	( 0 )	1101-10011-1 0 0	0110101111 0 0	---011 0 0
11933	86.355	86.355	( 0 )	1101-10011-1 0 0	0110101111 0 0	---011 0 0
13147	86.355	86.355	( 0 )	1101-10011-1 0 0	0110101111 0 0	---011 0 0
11822	86.355	86.355	( 0 )	1101-10011-1 0 0	0110101111 0 0	---011 0 0
11875	86.355	86.355	( 0 )	1101-10011-1 0 0	0110101111 0 0	---011 0 0
11876	94.767	94.767	( 0 )	1101-10011-1 1 0	0110101111 0 0	---011 0 0
11918	94.767	94.767	( 0 )	1101-10011-1 0 0	0110101111 0 0	---011 0 0
20484	94.767	94.767	( 0 )	1101-10011-1 0 0	0110101111 0 0	---011 0 0
11936	94.767	94.767	( 0 )	1101-10011-1 0 0	0110101111 0 0	---011 0 0
11854	94.767	94.767	( 0 )	1101-10011-1 0 0	0110101111 0 0	---011 0 0
13139	94.767	94.767	( 0 )	1101-10011-1 0 0	0110101111 0 0	---011 0 0
11915	94.767	94.767	( 0 )	1101-10011-1 0 0	0110101111 0 0	---011 0 0
20486	94.767	94.767	( 0 )	1101-10011-1 0 0	0110101111 0 0	---011 0 0
13122	94.767	94.767	( 0 )	1101-10011-1 0 0	0110101111 0 0	---011 0 0
13138	94.767	94.767	( 0 )	1101-10011-1 0 0	0110101111 0 0	---011 0 0
11836	94.767	94.767	( 0 )	1101-10011-1 0 0	0110101111 0 0	---011 0 0
13104	94.767	94.767	( 0 )	1101-10011-1 0 0	0110101111 0 0	---011 0 0
11810	94.767	94.767	( 0 )	1101-10011-1 0 0	0110101111 0 0	---011 0 0
13123	94.767	94.767	( 0 )	1101-10011-1 0 0	0110101111 0 0	---011 0 0
11908	94.767	94.767	( 0 )	1101-10011-1 0 0	0110101111 0 0	---011 0 0
13131	94.767	94.767	( 0 )	1101-10011-1 0 0	0110101111 0 0	---011 0 0
3588	94.767	94.767	( 0 )	1101-10011-1 0 0	0110101111 0 0	---011 0 0
11920	94.767	94.767	( 0 )	1101-10011-1 0 0	0110101111 0 0	---011 0 0
11827	94.767	94.767	( 0 )	1101-10011-1 0 0	0110101111 0 0	---011 0 0
11896	94.767	94.767	( 0 )	1101-10011-1 0 0	0110101111 0 0	---011 0 0
11899	94.767	94.767	( 0 )	1101-10011-1 0 0	0110101111 0 0	---011 0 0
11938	94.767	94.767	( 0 )	1101-10011-1 0 0	0110101111 0 0	---011 0 0
11789	94.767	94.767	( 0 )	1101-10011-1 0 0	0110101111 0 0	---011 0 0
5720	94.767	94.767	( 0 )	1101-10011-1 0 0	0110101111 0 0	---011 0 0
11784	94.767	94.767	( 0 )	1101-10011-1 0 0	0110101111 0 0	---011 0 0
11945	94.767	94.767	( 0 )	1101-10011-1 0 0	0110101111 0 0	---011 0 0
20498	94.767	94.767	( 0 )	1101-10011-1 0 0	0110101111 0 0	---011 0 0
13111	94.767	94.767	( 0 )	1101-10011-1 0 0	0110101111 0 0	---011 0 0
11824	94.767	94.767	( 0 )	1101-10011-1 0 0	0110101111 0 0	---011 0 0
2677	94.767	94.767	( 0 )	1101-10011-1 0 0	0110101111 0 0	---011 0 0
11980	94.767	94.767	( 0 )	1101-1001111 0 0	0110101111 0 0	---011 0 0
10408	100.345	100.345	( 0 )	110111101111 0 1	0110101111 0 0	---011 0 0
11851	100.345	100.345	( 0 )	110111101111 0 0	0110101111 0 0	---011 0 0
11881	100.345	100.345	( 0 )	11011110111- 0 0	0110101111 0 0	---011 0 0
19646	100.345	100.345	( 0 )	11011110111- 0 0	0110101111 0 0	---011 0 0
10434	100.345	100.345	( 0 )	11011110111- 0 0	0110101111 0 0	---011 0 0
11921	100.345	100.345	( 0 )	11011110111- 0 0	0110101111 0 0	---011 0 0
11912	100.345	100.345	( 0 )	11011110111- 0 0	0110101111 0 0	---011 0 0
11800	100.345	100.345	( 0 )	11011110111- 0 0	0110101111 0 0	---011 0 0
11817	100.345	100.345	( 0 )	11011110111- 0 0	0110101111 0 0	---011 0 0
20518	100.345	100.345	( 0 )	11011110111- 0 0	0110101111 0 0	---011 0 0
11925	100.345	100.345	( 0 )	11011110111- 0 0	0110101111 0 0	---011 0 0
20503	100.345	100.345	( 0 )	11011110111- 0 0	0110101111 0 0	---011 0 0
20509	100.345	100.345	( 0 )	11011110111- 0 0	0110101111 0 0	---011 0 0
10433	100.345	100.345	( 0 )	11011110111- 0 0	0110101111 0 0	---011 0 0
20490	100.345	100.345	( 0 )	11011110111- 0 0	0110101111 0 0	---011 0 0
11818	100.345	100.345	( 0 )	11011110111- 0 0	0110101111 0 0	---011 0 0
11829	100.345	100.345	( 0 )	11011110111- 0 0	0110101111 0 0	---011 0 0
10420	100.345	100.345	( 0 )	11011110111- 0 0	0110101111 0 0	---011 0 0
11845	100.345	100.345	( 0 )	11011110111- 0 0	0110101111 0 0	---011 0 0
11923	100.345	100.345	( 0 )	11011110111- 0 0	0110101111 0 0	---011 0 0
11788	100.345	100.345	( 0 )	11011110111- 0 0	0110101111 0 0	---011 0 0
13130	100.345	100.345	( 0 )	11011110111- 0 0	0110101111 0 0	---011 0 0
11814	100.345	100.345	( 0 )	11011110111- 0 0	0110101111 0 0	---011 0 0
13103	100.345	100.345	( 0 )	11011110111- 0 0	0110101111 0 0	---011 0 0
11825	100.345	100.345	( 0 )	11011110111- 0 0	0110101111 0 0	---011 0 0
20547	100.345	100.345	( 0 )	11011110111- 0 0	0110101111 0 0	---011 0 0
13114	100.345	100.345	( 0 )	11011110111- 0 0	0110101111 0 0	---011 0 0
20502	100.345	100.345	( 0 )	11011110111- 0 0	0110101111 0 0	---011 0 0
20501	100.345	100.345	( 0 )	11011110111- 0 0	0110101111 0 0	---011 0 0
11944	100.345	100.345	( 0 )	11011110111- 0 0	0110101111 0 0	---011 0 0
13150	100.345	100.345	( 0 )	11011110111- 0 0	0110101111 0 0	---011 0 0
11859	100.345	100.345	( 0 )	11011110111- 0 0	0110101111 0 0	---011 0 0
11919	100.345	100.345	( 0 )	11011110111- 0 0	0110101111 0 0	---011 0 0
10451	100.345	100.345	( 0 )	11011110111- 0 0	0110101111 0 0	---011 0 0
13125	100.345	100.345	( 0 )	11011110111- 0 0	0110101111 0 0	---011 0 0
12926	100.345	100.345	( 0 )	11011110111- 0 0	0110101111 0 0	---011 0 0
10399	100.345	100.345	( 0 )	11011110111- 0 0	0110101111 0 0	---011 0 0
20516	100.345	100.345	( 0 )	11011110111- 0 0	0110101111 0 0	---011 0 0
11790	100.345	100.345	( 0 )	11011110111- 0 0	0110101111 0 0	---011 0 0
11843	100.345	100.345	( 0 )	11011110111- 0 0	0110101111 0 0	---011 0 0
11857	100.345	100.345	( 0 )	11011110111- 0 0	0110101111 0 0	---011 0 0
13149	100.345	100.345	( 0 )	11011110111- 0 0	0110101111 0 0	---011 0 0
11932	100.345	100.345	( 0 )	11011110111- 0 0	0110101111 0 0	---011 0 0
13126	100.345	100.345	( 0 )	11011110111- 0 0	0110101111 0 0	---011 0 0
20483	100.345	100.345	( 0 )	11011110111- 0 0	0110101111 0 0	---011 0 0
13106	100.345	100.345	( 0 )	11011110111- 0 0	0110101111 0 0	---011 0 0
11904	100.345	100.345	( 0 )	11011110111- 0 0	0110101111 0 0	---011 0 0
2647	100.345	100.345	( 0 )	11011110111- 0 0	0110101111 0 0	---011 0 0
13140	100.345	100.345	( 0 )	11011110111- 0 0	0110101111 0 0	---011 0 0
11806	100.345	100.345	( 0 )	11011110111- 0 0	0110101111 0 0	---011 0 0
11879	100.345	100.345	( 0 )	11011110111- 0 0	0110101111 0 0	---011 0 0
11886	100.345	100.345	( 0 )	11011110111- 0 0	0110101111 0 0	---011 0 0
3160	100.345	100.345	( 0 )	11011110111- 0 0	0110101111 0 0	---011 0 0
11860	100.345	100.345	( 0 )	11011110111- 0 0	0110101111 0 0	---011 0 0
11838	108.757	108.757	( 0 )	11011-10111- 1 0	0110101111 0 0	---011 0 0
11887	108.757	108.757	( 0 )	11011-10111- 0 0	0110101111 0 0	---011 0 0
11873	108.757	108.757	( 0 )	11011-10111- 0 0	0110101111 0 0	---011 0 0
11847	108.757	108.757	( 0 )	11011-10111- 0 0	0110101111 0 0	---011 0 0
13157	108.757	108.757	( 0 )	11011-10111- 0 0	0110101111 0 0	---011 0 0
12067	108.757	108.757	( 0 )	11011-10111- 0 0	0110101111 0 0	---011 0 0
11926	108.757	108.757	( 0 )	11011-10111- 0 0	0110101111 0 0	---011 0 0
13146	108.757	108.757	( 0 )	11011-10111- 0 0	0110101111 0 0	---011 0 0
13112	108.757	108.757	( 0 )	11011-10111- 0 0	0110101111 0 0	---011 0 0
20491	108.757	108.757	( 0 )	11011-10111- 0 0	0110101111 0 0	---011 0 0
11906	108.757	108.757	( 0 )	11011-10111- 0 0	0110101111 0 0	---011 0 0
11922	108.757	108.757	( 0 )	11011-10111- 0 0	0110101111 0 0	---011 0 0
11902	108.757	108.757	( 0 )	11011-10111- 0 0	0110101111 0 0	---011 0 0
13110	108.757	108.757	( 0 )	11011-10111- 0 0	0110101111 0 0	---011 0 0
20497	108.757	108.757	( 0 )	11011-10111- 0 0	0110101111 0 0	---011 0 0
10415	108.757	108.757	( 0 )	11011-10111- 0 0	0110101111 0 0	---011 0 0
#*** LG = 4 likelihood = -60.8146
#marker_number	male_position	female_position	( 0.0 )[	phased data]
13603	0.000	0.000	( 0 )	11111-11111- 0 0	-----00111 0 0	111001 0 0
13644	0.000	0.000	( 0 )	11111-11111- 0 0	-----00111 0 0	111001 0 0
13429	17.329	17.329	( 0 )	11111-11111- 0 0	-----00111 0 0	111-01 0 1
16583	17.329	17.329	( 0 )	11111-11111- 0 0	-----00111 0 0	111101 0 0
11017	17.329	17.329	( 0 )	11111-11111- 0 0	-----00111 0 0	111101 0 0
13608	28.628	28.628	( 0 )	1--11-1--11- 0 2	-----00111 0 0	111101 0 0
19292	34.207	34.207	( 0 )	1--11-1--11- 0 0	-----00111 0 0	1111-1 0 1
4528	34.207	34.207	( 0 )	1--11-1--11- 0 0	-----00111 0 0	111111 0 0
5353	34.207	34.207	( 0 )	1--11-1--11- 0 0	-----00111 0 0	111111 0 0
6866	34.207	34.207	( 0 )	1--11-1--11- 0 0	-----00111 0 0	111111 0 0
13514	34.207	34.207	( 0 )	1--11-1--11- 0 0	-----00111 0 0	111111 0 0
19117	34.207	34.207	( 0 )	1--11-1--11- 0 0	-----00111 0 0	111111 0 0
20514	123.091	123.091	( 0 )	------------ 3 4	-----00111 0 0	111111 0 0
7777	123.091	123.091	( 0 )	0--0010--001 0 0	-----00111 0 0	111111 0 0
7098	123.091	123.091	( 0 )	0--0010--001 0 0	-----00111 0 0	111111 0 0
#*** LG = 5 likelihood = -42.1513
#marker_number	male_position	female_position	( 0.0 )[	phased data]
174	0.000	0.000	( 0 )	010000001111 0 0	-----11011 0 0	---010 0 0
4317	6.283	6.283	( 0 )	010000001111 0 0	-----11011 0 0	---01- 0 1
8622	13.475	13.475	( 0 )	010000001--1 0 2	-----11011 0 0	---01- 0 0
1552	13.475	13.475	( 0 )	010000001--1 0 0	-----11011 0 0	---01- 0 0
20519	13.475	13.475	( 0 )	010000001--1 0 0	-----11011 0 0	---011 0 0
259	17.052	17.052	( 0 )	010000001--1 0 0	-----11011 0 0	---0-1 0 1
7206	17.052	17.052	( 0 )	010000001--1 0 0	-----11011 0 0	---0-1 0 0
15750	17.052	17.052	( 0 )	010000001--1 0 0	-----11011 0 0	---0-1 0 0
18801	17.052	17.052	( 0 )	010000001--1 0 0	-----11011 0 0	---0-1 0 0
13335	17.052	17.052	( 0 )	010000001--1 0 0	-----11011 0 0	---001 0 0
16806	17.052	17.052	( 0 )	010000001--1 0 0	-----11011 0 0	---001 0 0
1132	17.052	17.052	( 0 )	010000001--1 0 0	-----11011 0 0	---001 0 0
20165	17.052	17.052	( 0 )	010000001--1 0 0	-----11011 0 0	---001 0 0
13624	17.052	17.052	( 0 )	010000001001 0 0	-----11011 0 0	---001 0 0
7213	17.052	17.052	( 0 )	010000001001 0 0	-----11011 0 0	---001 0 0
13517	17.052	17.052	( 0 )	010000001001 0 0	-----11011 0 0	---001 0 0
13614	17.052	17.052	( 0 )	010000001001 0 0	-----11011 0 0	---001 0 0
16894	17.052	17.052	( 0 )	010000001001 0 0	-----11011 0 0	---001 0 0
#*** LG = 6 likelihood = -50.756
#marker_number	male_position	female_position	( 0.0 )[	phased data]
20373	0.000	0.000	( 0 )	010001001000 0 0	11110----- 0 0	001--- 0 0
20453	0.000	0.000	( 0 )	010001001000 0 0	11110----- 0 0	001--- 0 0
1384	0.000	0.000	( 0 )	010001001000 0 0	11110----- 0 0	001--- 0 0
6918	0.000	0.000	( 0 )	010001001000 0 0	11110----- 0 0	001--- 0 0
20477	0.000	0.000	( 0 )	010001001000 0 0	11110----- 0 0	001--- 0 0
20313	0.000	0.000	( 0 )	010001001000 0 0	11110----- 0 0	001--- 0 0
20028	8.412	8.412	( 0 )	010-01001-00 0 1	11110----- 0 0	001--- 0 0
20042	48.648	48.648	( 0 )	110-11101-10 2 2	11110----- 0 0	001--- 0 0
20043	48.648	48.648	( 0 )	110-11101-10 0 0	11110----- 0 0	001--- 0 0
20063	48.648	48.648	( 0 )	110-11101-10 0 0	11110----- 0 0	001--- 0 0
20383	57.060	57.060	( 0 )	110111101110 1 0	11110----- 0 0	001--- 0 0
5200	57.060	57.060	( 0 )	110111101110 0 0	11110----- 0 0	001--- 0 0
20472	57.060	57.060	( 0 )	110111101110 0 0	11110----- 0 0	001--- 0 0
20377	65.471	65.471	( 0 )	110111100110 0 1	11110----- 0 0	001--- 0 0
#*** LG = 7 likelihood = -13.8155
#marker_number	male_position	female_position	( 0.0 )[	phased data]
8525	0.000	0.000	( 0 )	------------ 0 0	01111----- 0 0	100111 0 0
4542	17.329	17.329	( 0 )	------------ 0 0	01111----- 0 0	100-11 0 1
13016	17.329	17.329	( 0 )	------------ 0 0	01111----- 0 0	100-11 0 0
13731	23.612	23.612	( 0 )	------------ 0 0	01111----- 0 0	110-11 1 0
7162	23.612	23.612	( 0 )	------------ 0 0	01111----- 0 0	110-11 0 0
7702	23.612	23.612	( 0 )	------------ 0 0	01111----- 0 0	110-11 0 0
12905	23.612	23.612	( 0 )	------------ 0 0	01111----- 0 0	110011 0 0
#*** LG = 8 likelihood = -15.4494
#marker_number	male_position	female_position	( 0.0 )[	phased data]
18932	0.000	0.000	( 0 )	001111010001 0 0	00111----- 0 0	010--- 0 0
12511	0.000	0.000	( 0 )	001111010001 0 0	00111----- 0 0	010--- 0 0
8844	0.000	0.000	( 0 )	001111010001 0 0	00111----- 0 0	010--- 0 0
5228	0.000	0.000	( 0 )	001111010001 0 0	00111----- 0 0	010--- 0 0
12479	0.000	0.000	( 0 )	001111010001 0 0	00111----- 0 0	010--- 0 0
