#java OrderMarkers2 map=/flash/EconomoU/Nurit/lepmap/lepmap_varroa/Q40BIALLDP16HDP40mis.5Chr7.Sites_11_01/map_202.txt data=/flash/EconomoU/Nurit/lepmap/lepmap_varroa/Q40BIALLDP16HDP40mis.5Chr7.Sites_11_01/data_f.call useKosambi=1 numMergeIterations=100 sexAveraged=0 outputPhasedData=2 grandparentPhase=1 recombination1=0.01 recombination2=0.01 chromosome=1 randSeed=6309797403682347250
#*** LG = 1 likelihood = -5688.4813
#marker_number	male_position	female_position	( 0.0 )[	phased data]
61	0.000	0.000	( 0 )	1110110000100000000000000-11000-1-1100000011110111-011000111111100000011111111010100110111101111-0000001001111-00000000000000000000000000000001-10000-1-1100000011001111-110000111111100000110101111111111000000001110-1101000111111-0000000 0 0
62	2.545	0.000	( 0 )	1110110000100000000000000-1000001-1100000011110111-011000111111100000011111111010100110111101111-0000001001111000000000000000000000000000000001-1000001-1100000011001111-110000111111100000110101111111111000000001110-110100011111100000000 3 0
58	3.392	0.000	( 0 )	1110110000100000000000000-100000111100000011110111-011000111111100000011111111010100110111101111-0000001001111000000000000000000000000000000001-100000111100000011001111-110000111111100000110101111111111000000001110-110100011111100000000 1 0
60	3.392	0.000	( 0 )	1110110000100000000000000-100000111100000011110111-011000111111100000011111111010100110111101111-0000001001111000000000000000000000000000000001-100000111100000011001111-110000111111100000110101111111111000000001110-110100011111100000000 0 0
59	4.240	0.000	( 0 )	1110110000000000000000000-100000111100000011110111-011000111111100000011111111010100110111101111-0000001001111000000000000000000000000000000001-100000111100000011001111-110000111111100000110101111111111000000001110-110100011111100000000 1 0
65	5.087	1.696	( 0 )	1110110000000000000000000-100000111100000011110111-011000111111100000011111111010100110111101111-0000-11001111000000000000000000000000000000001-100000111100000011001111-110000111111100000110101111111111000000001110-1101-1011111100000000 1 2
70	5.935	1.696	( 0 )	1110110000000000000000000-100000111100000011110111-011000111111100000011111111010100110111101111-0000111001111000000000000000000000000000000001-100000111100000011001111-110000111111100000110101111111111000000001110-110111011111100000000 1 0
71	5.935	1.696	( 0 )	1110110000000000000000000-100000111100000011110111-011000111111100000011111111010100110111101111-0000111001111000000000000000000000000000000001-100000111100000011001111-110000111111100000110101111111111000000001110-110111011111100000000 0 0
72	5.935	1.696	( 0 )	1110110000000000000000000-100000111100000011110111-011000111111100000011111111010100110111101111-0000111001111000000000000000000000000000000001-100000111100000011001111-110000111111100000110101111111111000000001110-110111011111100000000 0 0
66	5.935	1.696	( 0 )	1110110000000000000000000-100000111100000011110111-011000111111100000011111111010100110111101111-0000111001111000000000000000000000000000000001-100000111100000011001111-110000111111100000110101111111111000000001110-110111011111100000000 0 0
68	5.935	1.696	( 0 )	1110110000000000000000000-100000111100000011110111-011000111111100000011111111010100110111101111-0000111001111000000000000000000000000000000001-100000111100000011001111-110000111111100000110101111111111000000001110-110111011111100000000 0 0
63	5.935	1.696	( 0 )	1110110000000000000000000-100000111100000011110111-011000111111100000011111111010100110111101111-0000111001111000000000000000000000000000000001-100000111100000011001111-110000111111100000110101111111111000000001110-110111011111100000000 0 0
73	5.935	2.543	( 0 )	1110110000000000000000000-100000111100000011110111-011000111111100000011111111010100110111101111-00001110011-1000000000000000000000000000000001-100000111100000011001111-110000111111100000110101111111111000000001110-11011101111-100000000 0 1
69	5.935	2.543	( 0 )	1110110000000000000000000-100000111100000011110111-011000111111100000011111111010100110111101111-00001110011-1000000000000000000000000000000001-100000111100000011001111-110000111111100000110101111111111000000001110-11011101111-100000000 0 0
67	5.935	3.391	( 0 )	1110110000000000000000000-1000001111000000-1110111-011000111111100000011111111010100110111101111-00001110011-1000000000000000000000000000000001-1000001111000000-1001111-110000111111100000110101111111111000000001110-11011101111-100000000 0 1
64	11.037	6.786	( 0 )	1111110000000100000000000-1000001111000000-1110111-011000111111100000011111111010000010111111111-00001110011-1000000-10000000000000000000000001-1000011111000000-1001110-110000111111100000110101111111011000000001110-11011101111-1000000-0 6 4
81	29.648	25.397	( 0 )	11111100-000010000000---0--00000111-000000-1110111-0-1---111111100-0-01111111101-00001011111-111-0000-110-----0000---10000000000000000000001001000111111110000100100100001001101111111100101101010101110111010000010000110111011100100000010 21 21
75	30.496	38.394	( 0 )	11111100-0000100000001--00000000111-000000011101110001111111111100-0-01111111101100001011111-11100000-110-000000001-1100011110-0000010000001--00001111111-000010010010000100111111111110-1-11010101011101110101001100001101-1011000000000-10 1 15
78	41.696	52.301	( 0 )	11111100-000010000000111000000000000---10001110111000111111111111111101111-1-10-100-01011111011100-0--1111000000001-1100011110-000001000000111000111110000---1100100100001001111111111111111101--0-01-101110101001100001101-1011000000000-10 13 16
6	60.307	64.396	( 0 )	111-110--0000-000000011100000000000011-11011010000-00111111111111111111111000100110101011111011101111--111-00-00--1111100-111--00000000000011100011111000011-11011000000-10011111111111111111111000010001111101011100001111--011-00-00--0110 21 14
7	61.155	66.091	( 0 )	111-110--00000000000011100000000000011-11011010000-00111111111111111111111000100110101011111011101111--111-00-00-11111100-111--00000000000011100011111000011-11011000000-10011111111111111111111000010001111101011100001111--000-00-00-10110 1 2
9	63.699	66.091	( 0 )	111-110--00000000000011100000000000011111011000000-00111111111111111111111000000110101011111011101111--111-00-00-11111100-111--00000000000011100011111000011111011000000-10011111111111111111111000010001111101011100001111--000-00-00-10110 3 0
10	64.547	66.091	( 0 )	111-110--00000000000011100000000000011111011000000-00111111111111111111111000000110101011111011101111--111-00-00111111100-111--00000000000011100011111000011111011000000-10011111111111111111111000010001111101011100001111--000-00-00110110 1 0
8	64.547	66.091	( 0 )	111-110--00000000000011100000000000011111011000000-00111111111111111111111000000110101011111011101111--111-00-00111111100-111--00000000000011100011111000011111011000000-10011111111111111111111000010001111101011100001111--000-00-00110110 0 0
12	67.942	70.339	( 0 )	111-110--00000000000011100000000000011111011000000-00111111111111-00111111000000110101011111011101111--111-00-01111111100-111--00000000000011100011011000011111011000000-10011111111110-00011111000010001111101011100001111--000-00-00110110 4 5
11	68.790	70.339	( 0 )	111-110--00000000000011100000000000011111011000000-00111111111111-00111111000000110101011111011101111--111-00-11111111100-111--00000000000011100011011000011111011000000-10011111111110-00011111000010001111101011100001111--000-00-00110110 1 0
51	74.750	75.441	( 0 )	111-110--0000010-111111100000000000011111111000000-00111111111111-00111111000000110101111111011101111--111-00-11111111100-111--0000000-111111100011011000011111111000000-10011111111110-00011111000010001111101011100001111--000-00-00110110 7 6
50	74.750	75.441	( 0 )	111-110--0000010-111111100000000000011111111000000-00111111111111-00111111000000110101111111011101111--111-00-11111111100-111--0000000-111111100011011000011111111000000-10011111111110-00011111000010001111101011100001111--000-00-00110110 0 0
39	74.750	76.289	( 0 )	111-110--0000010-111111100000000000011111111000000-00111111111111-00111111000000110101111111011101111--111-00-11111111100-111--0000001-111111100011011000011111111000000-10011111111110-00011111000010001111101011100001111--000-00-00110110 0 1
40	74.750	76.289	( 0 )	111-110--0000010-111111100000000000011111111000000-00111111111111-00111111000000110101111111011101111--111-00-11111111100-111--0000001-111111100011011000011111111000000-10011111111110-00011111000010001111101011100001111--000-00-00110110 0 0
42	74.750	76.289	( 0 )	111-110--0000010-111111100000000000011111111000000-00111111111111-00111111000000110101111111011101111--111-00-11111111100-111--0000001-111111100011011000011111111000000-10011111111110-00011111000010001111101011100001111--000-00-00110110 0 0
49	74.750	76.289	( 0 )	111-110--0000010-111111100000000000011111111000000-00111111111111-00111111000000110101111111011101111--111-00-11111111100-111--0000001-111111100011011000011111111000000-10011111111110-00011111000010001111101011100001111--000-00-00110110 0 0
52	75.597	76.289	( 0 )	111-110--00000101111111100000000000011111111000000-00111111111111-00111111000000110101111111011101111--111-00-11111111100-111--00000011111111100011011000011111111000000-10011111111110-00011111000010001111101011100001111--000-00-00110110 1 0
45	75.597	76.289	( 0 )	111-110--00000101111111100000000000011111111000000-00111111111111-00111111000000110101111111011101111--111-00-11111111100-111--00000011111111100011011000011111111000000-10011111111110-00011111000010001111101011100001111--000-00-00110110 0 0
13	75.597	76.289	( 0 )	111-110--00000101111111100000000000011111111000000-00111111111111-00111111000000110101111111011101111--111-00-11111111100-111--00000011111111100011011000011111111000000-10011111111110-00011111000010001111101011100001111--000-00-00110110 0 0
29	75.597	76.289	( 0 )	111-110--00000101111111100000000000011111111000000-00111111111111-00111111000000110101111111011101111--111-00-11111111100-111--00000011111111100011011000011111111000000-10011111111110-00011111000010001111101011100001111--000-00-00110110 0 0
30	75.597	76.289	( 0 )	111-110--00000101111111100000000000011111111000000-00111111111111-00111111000000110101111111011101111--111-00-11111111100-111--00000011111111100011011000011111111000000-10011111111110-00011111000010001111101011100001111--000-00-00110110 0 0
14	75.597	76.289	( 0 )	111-110--00000101111111100000000000011111111000000-00111111111111-00111111000000110101111111011101111--111-00-11111111100-111--00000011111111100011011000011111111000000-10011111111110-00011111000010001111101011100001111--000-00-00110110 0 0
47	75.597	76.289	( 0 )	111-110--00000101111111100000000000011111111000000-00111111111111-00111111000000110101111111011101111--111-00-11111111100-111--00000011111111100011011000011111111000000-10011111111110-00011111000010001111101011100001111--000-00-00110110 0 0
44	75.597	76.289	( 0 )	111-110--00000101111111100000000000011111111000000-00111111111111-00111111000000110101111111011101111--111-00-11111111100-111--00000011111111100011011000011111111000000-10011111111110-00011111000010001111101011100001111--000-00-00110110 0 0
37	75.597	76.289	( 0 )	111-110--00000101111111100000000000011111111000000-00111111111111-00111111000000110101111111011101111--111-00-11111111100-111--00000011111111100011011000011111111000000-10011111111110-00011111000010001111101011100001111--000-00-00110110 0 0
15	75.597	76.289	( 0 )	111-110--00000101111111100000000000011111111000000-00111111111111-00111111000000110101111111011101111--111-00-11111111100-111--00000011111111100011011000011111111000000-10011111111110-00011111000010001111101011100001111--000-00-00110110 0 0
31	75.597	76.289	( 0 )	111-110--00000101111111100000000000011111111000000-00111111111111-00111111000000110101111111011101111--111-00-11111111100-111--00000011111111100011011000011111111000000-10011111111110-00011111000010001111101011100001111--000-00-00110110 0 0
48	75.597	76.289	( 0 )	111-110--00000101111111100000000000011111111000000-00111111111111-00111111000000110101111111011101111--111-00-11111111100-111--00000011111111100011011000011111111000000-10011111111110-00011111000010001111101011100001111--000-00-00110110 0 0
38	75.597	76.289	( 0 )	111-110--00000101111111100000000000011111111000000-00111111111111-00111111000000110101111111011101111--111-00-11111111100-111--00000011111111100011011000011111111000000-10011111111110-00011111000010001111101011100001111--000-00-00110110 0 0
20	75.597	76.289	( 0 )	111-110--00000101111111100000000000011111111000000-00111111111111-00111111000000110101111111011101111--111-00-11111111100-111--00000011111111100011011000011111111000000-10011111111110-00011111000010001111101011100001111--000-00-00110110 0 0
19	75.597	76.289	( 0 )	111-110--00000101111111100000000000011111111000000-00111111111111-00111111000000110101111111011101111--111-00-11111111100-111--00000011111111100011011000011111111000000-10011111111110-00011111000010001111101011100001111--000-00-00110110 0 0
21	75.597	76.289	( 0 )	111-110--00000101111111100000000000011111111000000-00111111111111-00111111000000110101111111011101111--111-00-11111111100-111--00000011111111100011011000011111111000000-10011111111110-00011111000010001111101011100001111--000-00-00110110 0 0
43	75.597	76.289	( 0 )	111-110--00000101111111100000000000011111111000000-00111111111111-00111111000000110101111111011101111--111-00-11111111100-111--00000011111111100011011000011111111000000-10011111111110-00011111000010001111101011100001111--000-00-00110110 0 0
36	75.597	76.289	( 0 )	111-110--00000101111111100000000000011111111000000-00111111111111-00111111000000110101111111011101111--111-00-11111111100-111--00000011111111100011011000011111111000000-10011111111110-00011111000010001111101011100001111--000-00-00110110 0 0
55	76.445	76.289	( 0 )	111-110--000001011-1111100000000000011111111000000-00111111111111-00111111000000110101111111011101111--111-00-11111111100-111--000000111-1111100011011000011111111000000-10011111111110-00011111000010001111101011100001111--000-00-00110110 1 0
53	76.445	76.289	( 0 )	111-110--000001011-1111100000000000011111111000000-00111111111111-00111111000000110101111111011101111--111-00-11111111100-111--000000111-1111100011011000011111111000000-10011111111110-00011111000010001111101011100001111--000-00-00110110 0 0
35	76.445	76.289	( 0 )	111-110--000001011-1111100000000000011111111000000-00111111111111-00111111000000110101111111011101111--111-00-11111111100-111--000000111-1111100011011000011111111000000-10011111111110-00011111000010001111101011100001111--000-00-00110110 0 0
16	77.292	76.289	( 0 )	111-110--00000101111111100000000000011111111000000-00111111111111-00111111000000110101111111011101111--111-00-11111111100-111--00000011111111100011011000011111111000000-10011111111110-00011111000010001111101011100001111--000-00-00110110 1 0
32	78.140	76.289	( 0 )	111-110--00000101111111100000000000011111111000000-00111111111111-00111111000000110101101111011101111--111-00-11111111100-111--00000011111111100011011000011111111000000-10011111111110-00011111000010001111101011100001111--000-00-00110110 1 0
18	78.140	76.289	( 0 )	111-110--00000101111111100000000000011111111000000-00111111111111-00111111000000110101101111011101111--111-00-11111111100-111--00000011111111100011011000011111111000000-10011111111110-00011111000010001111101011100001111--000-00-00110110 0 0
34	78.140	76.289	( 0 )	111-110--00000101111111100000000000011111111000000-00111111111111-00111111000000110101101111011101111--111-00-11111111100-111--00000011111111100011011000011111111000000-10011111111110-00011111000010001111101011100001111--000-00-00110110 0 0
33	78.140	76.289	( 0 )	111-110--00000101111111100000000000011111111000000-00111111111111-00111111000000110101101111011101111--111-00-11111111100-111--00000011111111100011011000011111111000000-10011111111110-00011111000010001111101011100001111--000-00-00110110 0 0
54	78.140	77.136	( 0 )	111-110--00000101111111100000000000011111111000000-00111111111111-00111111000000110101101111011101111--111-00-11111111100-111--00000011111111100011011000011111111000000-10011111111110-00011111000010001111111011100001111--000-00-00110110 0 1
25	78.987	77.136	( 0 )	111-110--00000101111111100000000000011111111000000-00111111111111-00111111000000111101101111011101111--111-00-11111111100-111--00000011111111100011011000011111111000000-10011111111110-00011111000010001111111011100001111--000-00-00110110 1 0
27	78.987	77.136	( 0 )	111-110--00000101111111100000000000011111111000000-00111111111111-00111111000000111101101111011101111--111-00-11111111100-111--00000011111111100011011000011111111000000-10011111111110-00011111000010001111111011100001111--000-00-00110110 0 0
46	78.987	77.984	( 0 )	111-110--00000101111111100000000000011111111000000-00111111111111-00111111000000111101101111011101111--111-00-11111111100-111--00000011111111100011011000011111111000000-10011111111110-00011111000010000111111011100001111--000-00-00110110 0 1
17	78.987	78.831	( 0 )	111-110--00000101111111100000000000011111111000000-00111111111111-00111111000000111101101111011101111--111-00-11111111100-111--10000011111111100011011000011111111000000-10011111111110-00011111000010000111111011100001111--000-00-00110110 0 1
22	78.987	78.831	( 0 )	111-110--00000101111111100000000000011111111000000-00111111111111-00111111000000111101101111011101111--111-00-11111111100-111--10000011111111100011011000011111111000000-10011111111110-00011111000010000111111011100001111--000-00-00110110 0 0
23	78.987	79.679	( 0 )	-11-110--00000101111111100000000000011111111000000-00111111111111-00111111000000111101101111011101111--111-00-11111111-00-111--10000011111111100011011000011111111000000-10011111111110-00011111000010000111111011100001111--000-00-00110110 0 1
28	78.987	79.679	( 0 )	-11-110--00000101111111100000000000011111111000000-00111111111111-00111111000000111101101111011101111--111-00-11111111-00-111--10000011111111100011011000011111111000000-10011111111110-00011111000010000111111011100001111--000-00-00110110 0 0
26	79.835	79.679	( 0 )	-11-110--00000101111111100000000000011111111000000-00111111111111-00111110000000111101101111011101111--111-00-11111111-00-111--10000011111111100011011000011111111000000-10011111111110-00011111000010000111111011100001111--000-00-00110110 1 0
24	80.683	79.679	( 0 )	-11-110--00000101111111100000000000010111111000000-00111111111111-00111110000000111101101111011101111--111-00-11111111-00-111--10000011111111100011011000011111111000000-10011111111110-00011111000010000111111011100001111--000-00-00110110 1 0
41	81.530	79.679	( 0 )	-11-1101-00000101111111100000000000010111111000000-00111111111111-00111110000000111101101111011101111--111-00-11111111-00-1111-10000011111111100011011000011111111000000-10011111111110-00011111000010000111111011100001111--000-00-00110110 1 0
56	84.075	79.679	( 0 )	-11-1101100000101111111100000000000010111111000000-00111111111111-00111110000000111101101111011101111--111000011111111-00-1111110000011111111100011011000011111111000000-10011111111110-00011111000010000111111011100001111--000000000110110 3 0
57	84.075	81.374	( 0 )	-11-11011000001011111-1100000000000010111111000000-00111111111111-00111110000000111101101111011101111--111000011111111-00-11111100000110111-1100011011000011111111000000-10011111111110-00011111000010000111111011100001111--000000000110110 0 2
4	107.728	99.985	( 0 )	00000001000110101111100010000111000010111111000000000011111111111-001110000000001111000010111111111110011100001111111100000010111010011011100000011011000001101111000000010011111111110-0000111100001000011111101111111000000000000000000110 26 21
5	108.576	100.833	( 0 )	00000001000110101111100010000111000010111111000000000011111111111-001100000000001111000010111111111110011100001111111100000010111010011011100000011011000001101111000000010011111111110-0000111100001000011111101111111000000000001000000110 1 1
77	117.133	117.529	( 0 )	00000001000110101111100010000110100010111111000000000110111011101-0111000010000011110000000-1111111110011100001111111100000010111000010001100000011001000001000011000000010011100000010-0000111101101000011111011-11111000000000001000000111 10 19
3	121.380	121.776	( 0 )	00000001000110101111100010000110100010111111000000000110111011101-0111000010000011110000000-111--1111-01110000111111110000001011100101000110000001100100000100001100000011101110000001011000111101101000011111011011111000000000001000000101 5 5
2	121.380	126.024	( 0 )	00000001000110101111100010000110100010111111000000000110111011101-0111000010000011110000000-111--1111-01110000111111110000001011100101000110000001100100000100001100000011111110000001011000111101101000011111011010111000001110001000000101 0 5
74	121.380	133.711	( 0 )	00000001000110101111100010000110100010111111000000000110111011101101110000100000111100000000111001111101110000111111110000001011110101000111110001100100001100001100000011111110000001011000111101101000011100010010111000001110000000000101 0 9
76	137.136	137.106	( 0 )	000000000001100011111000100001100000101-111110111111011-100000001101110000100000111100000000111001111101110000111111100000001011110101000111110001100100001100001100000011111110000000011000111101101001001100010010111000001110000000000001 18 4
1	144.823	148.306	( 0 )	00000000000-100011111000-0000-1-0000-01-111110111111011-1000000011-11-000010000-1111000000001--001111101110000111111100000001001110101100111110001100100001100001101000011111110000000111000001101110001001100010000111110101110000010000001 9 13
79	144.823	161.303	( 0 )	00000000000-100011111000000000110000-010111110111111011110000000111110000010000-1111000000001000011111011100001111111000000010011-010111111111000100110000-100011111001111111110000000111110000101010-01001100010000111111101110000011000001 0 15
80	146.519	161.303	( 0 )	00000000000-100011111011000000110000-010111110111111011110000000111110000010000-1111000000001000011111011100001111111000000010011-010111111111000100110000-100011111001111111110000000111110000101010-01001100010000111111101110000011000001 2 0
