#java OrderMarkers2 map=/flash/EconomoU/Nurit/lepmap/lepmap_varroa/Q40BIALLDP16HDP40mis.5Chr7.Sites_11_01/map_202.txt data=/flash/EconomoU/Nurit/lepmap/lepmap_varroa/Q40BIALLDP16HDP40mis.5Chr7.Sites_11_01/data_f.call useKosambi=1 numMergeIterations=100 sexAveraged=0 outputPhasedData=2 grandparentPhase=1 recombination1=0.01 recombination2=0.01 chromosome=6 randSeed=-3627724411984390284
#*** LG = 6 likelihood = -2777.4048
#marker_number	male_position	female_position	( 0.0 )[	phased data]
165	0.000	0.000	( 0 )	----0----00000-000000111--1000--11111-1--00001000011-10001111111--1---11--0-0--0-00---000000---1-000000--1000000---1------0----00000-000000111--1000--11111-1--00001000011-10001111111--1---11--0-0--0-00---000000---1-000000--1000000---1-- 0 0
163	3.395	12.997	( 0 )	----0--1-00000-000000111111000--11111-111000-1----1111000111111111111-11--0-0--0----11000000---1-000000--1000000---1------0--1-00000-000000111111000--11111-111000-1----1111000111111111111-11--0-0--0----11000000---1-000000--1000000---1-- 4 15
162	3.395	12.997	( 0 )	----0--1-00000-000000111111000--11111-111000-1----1111000111111111111-11--0-0--0----11000000---1-000000--1000000---1------0--1-00000-000000111111000--11111-111000-1----1111000111111111111-11--0-0--0----11000000---1-000000--1000000---1-- 0 0
164	4.243	13.844	( 0 )	----0--1-00000-000000111111000--111111111000-1----1111000111111111111-11--0-0--0--1-11000000---1-000000--1000000---1------0--1-00000-000000111111000--111111111000-1----1111000111111111111-11--0-0--0--1-11000000---1-000000--1000000---1-- 1 1
160	4.243	13.844	( 0 )	----0--1-00000-000000111111000--111111111000-1----1111000111111111111-11--0-0--0--1-11000000---1-000000--1000000---1------0--1-00000-000000111111000--111111111000-1----1111000111111111111-11--0-0--0--1-11000000---1-000000--1000000---1-- 0 0
161	4.243	13.844	( 0 )	----0--1-00000-000000111111000--111111111000-1----1111000111111111111-11--0-0--0--1-11000000---1-000000--1000000---1------0--1-00000-000000111111000--111111111000-1----1111000111111111111-11--0-0--0--1-11000000---1-000000--1000000---1-- 0 0
159	8.490	17.239	( 0 )	----0--1-00000-000000111111000--11111111-000-1----1111000111111111111-11--0----0--1-11000000---1--11100--1000000---1------0--1-00000-000000111111000--11111111-000-1----1111000111111111111-11--0----0--1-11000000---1--11100--1000000---1-- 5 4
156	15.312	36.828	( 0 )	----00-1--00-0--000001111-1000--11111-11-00011--11-----1--11111111111--------1----1--1000-00---1--11100---0000--1---------00-1--00-0--000001111-1000--11111-11-00011--11-----1--11111111111--------1----1--1000-00---1--11100---0000--1----- 8 22
150	26.512	45.385	( 0 )	0---00-0--00----000001110-1--0--11111-11-00011-1110000-1---1-11111111---0----1----1--1000-000-010-11100----00-1-11----0---00-0--00----000001110-1--0--11111-11-00011-1110000-1---1-11111111---0----1----1--1000-000-010-11100----00-1-11---- 13 10
153	52.310	70.100	( 0 )	-----0-0-0000-11000000000---11--11111-1--00011111100001110000000111-1----11111-1--1--1000000---1---1-11000-00-11-----1-----0-0-0000-11000000000---11--11111-1--00011111100001110000000111-1----11111-1--1--1000000---1---1-11000-00-11-----1 28 27
154	53.158	70.100	( 0 )	-----0-0-0000-11000000000---11--11111-1--000111111000011100000001-1-1----11111-1--1--1000000---1---1-11000-00-11-----1-----0-0-0000-11000000000---11--11111-1--000111111000011100000001-1-1----11111-1--1--1000000---1---1-11000-00-11-----1 1 0
151	61.715	76.922	( 0 )	-----0-0-0000-11000000000----1001111-0---000000000000011100000001-1-1----11111-1--1--1000000---1---1-11000-00-11-----1-----0-0-0000-11000000000----1001111-0---000000000000011100000001-1-1----11111-1--1--1000000---1---1-11000-00-11-----1 10 8
155	61.715	76.922	( 0 )	-----0-0-0000-11000000000----1001111-0---000000000000011100000001-1-1----11111-1--1--1000000---1---1-11000-00-11-----1-----0-0-0000-11000000000----1001111-0---000000000000011100000001-1-1----11111-1--1--1000000---1---1-11000-00-11-----1 0 0
152	63.411	76.922	( 0 )	---0-0-0-0000-11000000000----1001111-0---000000000000011100000001-1-1----1111--1--1--1000000---1---1-11000-00-11-----1---0-0-0-0000-11000000000----1001111-0---000000000000011100000001-1-1----1111--1--1--1000000---1---1-11000-00-11-----1 2 0
166	70.232	89.919	( 0 )	---000---0000-11---110000-0--100-111------000000000000111-000000----1----11-1--------1000000---1---1-11--0-00-11----0----000---0000-11---110000-0--100-111------000000000000111-000000----1----11-1--------1000000---1---1-11--0-00-11----0- 8 15
157	80.546	100.232	( 0 )	----0-11-0000--111-110000-0--1000-0-0-0--1000000000000111-00000-----1----11-1--------1-0-000---1-000011--0-00-11--0-0-----0-11-0000--111-110000-0--1000-0-0-0--1000000000000111-00000-----1----11-1--------1-0-000---1-000011--0-00-11--0-0- 12 12
158	97.241	116.928	( 0 )	--1--11110000--111111000---111--0-0-0-0--100000000----11--00000--------0--1---000----11--01----0-000011-0011-111--0000--1--11110000--111111000---111--0-0-0-0--100000000----11--00000--------0--1---000----11--01----0-000011-0011-111--0000 19 19
