#java OrderMarkers2 map=/flash/EconomoU/Nurit/lepmap/lepmap_varroa/Q40BIALLDP16HDP40mis.5Chr7.Sites_11_01/map_202.txt data=/flash/EconomoU/Nurit/lepmap/lepmap_varroa/Q40BIALLDP16HDP40mis.5Chr7.Sites_11_01/data_f.call useKosambi=1 numMergeIterations=100 sexAveraged=0 outputPhasedData=2 grandparentPhase=1 recombination1=0.01 recombination2=0.01 chromosome=3 randSeed=1590349007077483401
#*** LG = 3 likelihood = -4057.5994
#marker_number	male_position	female_position	( 0.0 )[	phased data]
98	0.000	0.000	( 0 )	------0001-11-0100000-1111100--00-0----11000000000000000011111111-111-1---00000001------00001111111110011-0--0-1--0---------0001-11-0100000-1111100--00-0----11000000000000000011111111-111-1---00000001------00001111111110011-0--0-1--0--- 0 0
104	2.545	3.395	( 0 )	------0001-11--1000000--11100---0000---11000000000000000011111111-111-1---00000001------00001111111110011-0--0-1--0---------0001-11--1000000--11100---0000---11000000000000000011111111-111-1---00000001------00001111111110011-0--0-1--0--- 3 4
101	4.240	3.395	( 0 )	------0001111--1000000--11100---0000---11000000000000000011111111-111-1---00000001------00001111111110011-0--011--0---------0001111--1000000--11100---0000---11000000000000000011111111-111-1---00000001------00001111111110011-0--011--0--- 2 0
105	4.240	3.395	( 0 )	------0001111--1000000--11100---0000---11000000000000000011111111-111-1---00000001------00001111111110011-0--011--0---------0001111--1000000--11100---0000---11000000000000000011111111-111-1---00000001------00001111111110011-0--011--0--- 0 0
107	4.240	3.395	( 0 )	------0001111--1000000--11100---0000---11000000000000000011111111-111-1---00000001------00001111111110011-0--011--0---------0001111--1000000--11100---0000---11000000000000000011111111-111-1---00000001------00001111111110011-0--011--0--- 0 0
103	4.240	3.395	( 0 )	------0001111--1000000--11100---0000---11000000000000000011111111-111-1---00000001------00001111111110011-0--011--0---------0001111--1000000--11100---0000---11000000000000000011111111-111-1---00000001------00001111111110011-0--011--0--- 0 0
102	4.240	4.243	( 0 )	------0001111--1000000--11100---0000---11000000000000000011111111-111-1---00-00001------00001111111110011-0--011--0---------0001111--1000000--11100---0000---11000000000000000011111111-111-1---00-00001------00001111111110011-0--011--0--- 0 1
106	5.088	4.243	( 0 )	------0001111--1000000--11100---0000---1100000000000-000011111111-111-1---00-00001------00001111111110011-0--011--0---------0001111--1000000--11100---0000---1100000000000-000011111111-111-1---00-00001------00001111111110011-0--011--0--- 1 0
100	5.088	5.938	( 0 )	------0001111--1000000--11100---0000---1100000000000-000011111111-111-1---0---0001------00001111111110011-0--011--0---------0001111--1000000--11100---0000---1100000000000-000011111111-111-1---0---0001------00001111111110011-0--011--0--- 0 2
108	9.335	9.333	( 0 )	------0001111--1000000--11100---0000---1100000000000-000011111111-111-1---11-----1------0000111111111000--0--011--0---------0001111--1000000--11100---0000---1100000000000-000011111111-111-1---11-----1------0000111111111000--0--011--0--- 5 4
111	11.880	13.581	( 0 )	------000-00---1000000--11100---0000---1100000000000-000011111111-111-1---11---1-1------0000111111111000--0--011--0---------000-00---1000000--11100---0000---1100000000000-000011111111-111-1---11---1-1------0000111111111000--0--011--0--- 3 5
118	12.727	13.581	( 0 )	------000-00-1-1000000--11100---0000---1100000000000-000011111111-111-1---11-1-1-1------0000111111111000--0--011--0---------000-00-1-1000000--11100---0000---1100000000000-000011111111-111-1---11-1-1-1------0000111111111000--0--011--0--- 1 0
124	13.575	13.581	( 0 )	------000-00-1-1000000--11100---0000---11000000000000000011111111-111-1---11-1-1-1------0000111111111000--0--011--0---------000-00-1-1000000--11100---0000---11000000000000000011111111-111-1---11-1-1-1------0000111111111000--0--011--0--- 1 0
123	13.575	13.581	( 0 )	------000-00-1-1000000--11100---0000---11000000000000000011111111-111-1---11-1-1-1------0000111111111000--0--011--0---------000-00-1-1000000--11100---0000---11000000000000000011111111-111-1---11-1-1-1------0000111111111000--0--011--0--- 0 0
122	13.575	13.581	( 0 )	------000-00-1-1000000--11100---0000---11000000000000000011111111-111-1---11-1-1-1------0000111111111000--0--011--0---------000-00-1-1000000--11100---0000---11000000000000000011111111-111-1---11-1-1-1------0000111111111000--0--011--0--- 0 0
119	13.575	13.581	( 0 )	------000-00-1-1000000--11100---0000---11000000000000000011111111-111-1---11-1-1-1------0000111111111000--0--011--0---------000-00-1-1000000--11100---0000---11000000000000000011111111-111-1---11-1-1-1------0000111111111000--0--011--0--- 0 0
110	13.575	13.581	( 0 )	------000-00-1-1000000--11100---0000---11000000000000000011111111-111-1---11-1-1-1------0000111111111000--0--011--0---------000-00-1-1000000--11100---0000---11000000000000000011111111-111-1---11-1-1-1------0000111111111000--0--011--0--- 0 0
120	13.575	14.428	( 0 )	------000-00-1-1000000--11100---0000---11000000000000000011111111-111-1---11-1-1-1-----10000111111111000--0--011--0---------000-00-1-1000000--11100---0000---11000000000000000011111111-111-1---11-1-1-1-----10000111111111000--0--011--0--- 0 1
114	13.575	14.428	( 0 )	------000-00-1-1000000--11100---0000---11000000000000000011111111-111-1---11-1-1-1-----10000111111111000--0--011--0---------000-00-1-1000000--11100---0000---11000000000000000011111111-111-1---11-1-1-1-----10000111111111000--0--011--0--- 0 0
121	13.575	14.428	( 0 )	------000-00-1-1000000--11100---0000---11000000000000000011111111-111-1---11-1-1-1-----10000111111111000--0--011--0---------000-00-1-1000000--11100---0000---11000000000000000011111111-111-1---11-1-1-1-----10000111111111000--0--011--0--- 0 0
112	14.422	14.428	( 0 )	------000-00---1000000--11100---0000---11000000000000000011111111-111-1---11-1-1-1-----10000111111111000--0--011--0---------000-00---1000000--11100---0000---11000000000000000011111111-111-1---11-1-1-1-----10000111111111000--0--011--0--- 1 0
115	14.422	14.428	( 0 )	------000-00---1000000--11100---0000---11000000000000000011111111-111-1---11-1-1-1-----10000111111111000--0--011--0---------000-00---1000000--11100---0000---11000000000000000011111111-111-1---11-1-1-1-----10000111111111000--0--011--0--- 0 0
113	15.270	14.428	( 0 )	------000-00---1000000--11100---0000---11000000000000000011111111-111-1---11-1-1-1------0000111111111000--0--011--0---------000-00---1000000--11100---0000---11000000000000000011111111-111-1---11-1-1-1------0000111111111000--0--011--0--- 1 0
117	15.270	14.428	( 0 )	------000-00---1000000--11100---0000---11000000000000000011111111-111-1---11-1-1-1------0000111111111000--0--011--0---------000-00---1000000--11100---0000---11000000000000000011111111-111-1---11-1-1-1------0000111111111000--0--011--0--- 0 0
109	15.270	14.428	( 0 )	------000-00---1000000--11100---0000---11000000000000000011111111-111-1---11-1-1-1------0000111111111000--0--011--0---------000-00---1000000--11100---0000---11000000000000000011111111-111-1---11-1-1-1------0000111111111000--0--011--0--- 0 0
116	16.117	14.428	( 0 )	------000-00---1000000--11100--10000---11000000000000000011111111-111-1---11-1-1-1------0000111111111000--0--011--0---------000-00---1000000--11100--10000---11000000000000000011111111-111-1---11-1-1-1------0000111111111000--0--011--0--- 1 0
125	16.965	14.428	( 0 )	------000-00---1000000--11100-110000---11000000000000000011111111-111-1---11-1-1-1------0000111111111000--0--011--0---------000-00---1000000--11100-110000---11000000000000000011111111-111-1---11-1-1-1------0000111111111000--0--011--0--- 1 0
126	21.212	21.250	( 0 )	-------00-00---1000000--11100-110000---11000000000000000011111111-111-1---11-11111------0100111111111110--0--011--111--------00-00---1000000--11100-110000---11000000000000000011111111-111-1---11-11111------0100111111111110--0--011--111- 5 8
127	21.212	22.097	( 0 )	-------00-00---1000000--11100-110000---11000000000000000011111111-111-1---11-11111------0100111111111110--0--011--1111-------00-00---1000000--11100-110000---11000000000000000011111111-111-1---11-11111------0100111111111110--0--011--1111 0 1
128	22.908	22.097	( 0 )	----------00---1000000--11100-110000---11000000000000000011111111-111-1---11-11111------0100111111111110--0--011--1111----------00---1000000--11100-110000---11000000000000000011111111-111-1---11-11111------0100111111111110--0--011--1111 2 0
129	22.908	23.793	( 0 )	----------00---1000000--11100-110000---110-0000000000000011111111-111-1---11-11111------0100-11111111110--0--011--1111----------00---1000000--11100-110000---110-0000000000000011111111-111-1---11-11111------0100-11111111110--0--011--1111 0 2
97	30.595	38.620	( 0 )	-0----111--------0000---11100-110000-----0--0000000-00-0011111111-1---1----1-11111----0-0-00-1111111111---0--0-1--1----0----111--------0000---11100-110000-----0--0000000-00-0011111111-1---1----1-11111----0-0-00-1111111111---0--0-1--1--- 9 17
93	42.690	58.208	( 0 )	--1---111-------1--1-----11-11110000-----1--0000000-00-00111111-1-1--0-00-01-1-1-111110-0-00-1111000011---0--0-1--1-----1---111-------1--1-----11-11110000-----1--0000000-00-00111111-1-1--0-00-01-1-1-111110-0-00-1111000011---0--0-1--1--- 14 22
95	58.446	81.861	( 0 )	--1111111-------1--1---1-11-11000-00-----1--111-----0-11-0000000111110-00-01-1-1-111-10-0-00-111-0000-----00-0-1--1-----1111111-------1--1---1-11-11000-00-----1--111-----0-11-0000000111110-00-01-1-1-111-10-0-00-111-0000-----00-0-1--1--- 18 26
96	73.272	92.175	( 0 )	--1111----------1--1-111-11-1100111---0--1--1111----1-11-000000011111--0---111-1------0-0-00-----0000-----00-0-100------1111----------1--1-111-11-1100111---0--1--1111----1-11-000000011111--0---111-1------0-0-00-----0000-----00-0-100---- 17 12
94	82.705	98.135	( 0 )	1-1111----------1--1-111-11-1100111------1--1111--1-11111000000011111------111-1------0-0-0000000000000----0--0000----1-1111----------1--1-111-11-1100111------1--1111--1-11111000000011111------111-1------0-0-0000000000000----0--0000---- 11 7
92	93.018	108.448	( 0 )	----------------1--1-111--0-1-00111------1--11111-1-111110000000--1--------111-1-0-------0--00000000000---1---00----------------------1--1-111--0-1-00111------1--11111-1-111110000000--1--------111-1-0-------0--00000000000---1---00------ 12 12
130	111.629	109.296	( 0 )	---------------01111-1--00011-00111----0011-1111111-1111100000000-000-0----111-1-0------101100000000000---1--100---------------------01111-1--00011-00111----0011-1111111-1111100000000-000-0----111-1-0------101100000000000---1--100------ 21 1
99	118.451	112.691	( 0 )	---------------0111111--00011-00111-00-00111111111101-11100000000-000-0--111111110------101100000000000-0-1--100--1------------------0111111--00011-00111-00-00111111111101-11100000000-000-0--111111110------101100000000000-0-1--100--1--- 8 4
